time_sec,queue_density,dynamic_density
0.0666667,0.0727741,0.110714
0.4,0.0866973,0.080698
0.733333,0.093147,0.0685599
1.06667,0.0984925,0.0798066
1.4,0.106866,0.0856386
1.73333,0.113639,0.0804994
2.06667,0.116874,0.0905369
2.4,0.11977,0.108469
2.73333,0.122851,0.133287
3.06667,0.125512,0.109888
3.4,0.133884,0.0897675
3.73333,0.137132,0.0707133
4.06667,0.131447,0.0588292
4.4,0.126226,0.0232683
4.73333,0.130743,0.0313982
5.06667,0.140621,0.0445682
5.4,0.162967,0.0825666
5.73333,0.186425,0.0833378
6.06667,0.195036,0.0979016
6.4,0.198618,0.10567
6.73333,0.192223,0.107551
7.06667,0.196998,0.0874962
7.4,0.206695,0.0979462
7.73333,0.206552,0.131459
8.06667,0.208978,0.136181
8.4,0.212749,0.153929
8.73333,0.219922,0.150298
9.06667,0.229671,0.159099
9.4,0.230378,0.176805
9.73333,0.226625,0.129674
10.0667,0.222367,0.142154
10.4,0.217088,0.141425
10.7333,0.213614,0.135868
11.0667,0.211885,0.145593
11.4,0.210587,0.122356
11.7333,0.209713,0.122953
12.0667,0.208577,0.104343
12.4,0.20744,0.0844399
12.7333,0.208589,0.0740578
13.0667,0.209042,0.0371583
13.4,0.208901,0.0248268
13.7333,0.208783,0.028473
14.0667,0.208343,0.0319998
14.4,0.208582,0.0812887
14.7333,0.207821,0.0372395
15.0667,0.207485,0.0303652
15.4,0.20835,0.0343616
15.7333,0.206327,0.0324542
16.0667,0.207167,0.0298298
16.4,0.206608,0.0255569
16.7333,0.206021,0.013629
17.0667,0.206167,0.0156912
17.4,0.206186,0.0211177
17.7333,0.204809,0.0718757
18.0667,0.207281,0.0228623
18.4,0.213456,0.0199353
18.7333,0.22025,0.0261177
19.0667,0.218178,0.0309416
19.4,0.214366,0.0246892
19.7333,0.209724,0.0432052
20.0667,0.207431,0.0328569
20.4,0.208145,0.0394333
20.7333,0.207373,0.0332953
21.0667,0.206187,0.119126
21.4,0.206652,0.0836202
21.7333,0.206197,0.0619331
22.0667,0.206291,0.0336889
22.4,0.20866,0.0219534
22.7333,0.213867,0.0229495
23.0667,0.21393,0.029367
23.4,0.213046,0.0312303
23.7333,0.213746,0.0246594
24.0667,0.213268,0.0221425
24.4,0.211474,0.0271502
24.7333,0.210856,0.0181287
25.0667,0.2106,0.0196564
25.4,0.215131,0.0192376
25.7333,0.219508,0.052173
26.0667,0.223349,0.0690444
26.4,0.22472,0.0592984
26.7333,0.233496,0.0673373
27.0667,0.247933,0.0675482
27.4,0.267436,0.0973313
27.7333,0.280475,0.153007
28.0667,0.298726,0.133931
28.4,0.315619,0.164184
28.7333,0.329899,0.20962
29.0667,0.334951,0.230849
29.4,0.342279,0.246128
29.7333,0.350792,0.249418
30.0667,0.357362,0.253267
30.4,0.362432,0.251131
30.7333,0.36407,0.247246
31.0667,0.367629,0.277944
31.4,0.367476,0.255754
31.7333,0.36679,0.255821
32.0667,0.367415,0.25081
32.4,0.367356,0.240526
32.7333,0.368417,0.274628
33.0667,0.376867,0.0494525
33.4,0.397285,0.0452094
33.7333,0.409856,0.0660918
34.0667,0.417695,0.0751783
34.4,0.439312,0.0919784
34.7333,0.449617,0.0727435
35.0667,0.456176,0.0715992
35.4,0.459608,0.0790887
35.7333,0.462128,0.0816869
36.0667,0.461108,0.0992133
36.4,0.457201,0.0986832
36.7333,0.455657,0.102633
37.0667,0.454227,0.102775
37.4,0.451436,0.25688
37.7333,0.454356,0.125956
38.0667,0.460662,0.0242018
38.4,0.470989,0.051523
38.7333,0.480754,0.0630708
39.0667,0.491005,0.0675343
39.4,0.51716,0.0600737
39.7333,0.534531,0.0768311
40.0667,0.545066,0.0792756
40.4,0.564653,0.0920842
40.7333,0.574157,0.0957574
41.0667,0.584402,0.123582
41.4,0.5862,0.0971264
41.7333,0.589901,0.122067
42.0667,0.592127,0.114608
42.4,0.592289,0.0980073
42.7333,0.597233,0.129286
43.0667,0.600655,0.0473767
43.4,0.603864,0.0685189
43.7333,0.60721,0.0877119
44.0667,0.611361,0.0881839
44.4,0.614315,0.0713325
44.7333,0.614002,0.111264
45.0667,0.615404,0.111915
45.4,0.615843,0.10514
45.7333,0.615973,0.117606
46.0667,0.618678,0.168418
46.4,0.618075,0.137925
46.7333,0.619337,0.0996073
47.0667,0.621253,0.14304
47.4,0.623569,0.0857358
47.7333,0.635927,0.148446
48.0667,0.636081,0.159928
48.4,0.636381,0.11283
48.7333,0.639124,0.141442
49.0667,0.643523,0.0168696
49.4,0.657923,0.169498
49.7333,0.665823,0.0170718
50.0667,0.669262,0.0155557
50.4,0.677961,0.0110893
50.7333,0.684881,0.0143642
51.0667,0.706683,0.0471846
51.4,0.707968,0.0332484
51.7333,0.705089,0.0140518
52.0667,0.699526,0.012683
52.4,0.698219,0.0164083
52.7333,0.68779,0.0256439
53.0667,0.682629,0.032328
53.4,0.679986,0.033985
53.7333,0.681837,0.0551398
54.0667,0.72095,0.0666615
54.4,0.785492,0.116928
54.7333,0.818533,0.0242126
55.0667,0.829247,0.0343701
55.4,0.832374,0.0341221
55.7333,0.834411,0.0297419
56.0667,0.838924,0.0944357
56.4,0.839297,0.0277676
56.7333,0.839226,0.0426555
57.0667,0.839858,0.0263051
57.4,0.841723,0.048653
57.7333,0.840799,0.077023
58.0667,0.841591,0.0473799
58.4,0.841217,0.0596831
58.7333,0.841577,0.0555717
59.0667,0.840823,0.0218541
59.4,0.841494,0.0359751
59.7333,0.842334,0.0249525
60.0667,0.838141,0.125639
60.4,0.838452,0.0209897
60.7333,0.840326,0.0115656
61.0667,0.841458,0.0217992
61.4,0.843133,0.0128739
61.7333,0.839333,0.115412
62.0667,0.840619,0.0182993
62.4,0.841562,0.020613
62.7333,0.839896,0.0229245
63.0667,0.841096,0.0312995
63.4,0.842602,0.042808
63.7333,0.842477,0.0590509
64.0667,0.842687,0.047434
64.4,0.840873,0.0368705
64.7333,0.841313,0.0298808
65.0667,0.8351,0.110426
65.4,0.833979,0.0491627
65.7333,0.836887,0.0336774
66.0667,0.837694,0.0208304
66.4,0.83938,0.033812
66.7333,0.838949,0.0678884
67.0667,0.839568,0.0442172
67.4,0.839663,0.0388619
67.7333,0.840479,0.036702
68.0667,0.840163,0.0346936
68.4,0.840774,0.029929
68.7333,0.840713,0.0639352
69.0667,0.840677,0.0533248
69.4,0.840488,0.0400091
69.7333,0.841124,0.0383959
70.0667,0.841447,0.0367687
70.4,0.832763,0.0659109
70.7333,0.831724,0.0326503
71.0667,0.832887,0.0330047
71.4,0.834948,0.0301983
71.7333,0.83676,0.0338983
72.0667,0.836374,0.0936211
72.4,0.837041,0.034546
72.7333,0.83674,0.0265559
73.0667,0.838014,0.0345039
73.4,0.837916,0.0330077
73.7333,0.836992,0.101658
74.0667,0.836176,0.0552378
74.4,0.835175,0.0396442
74.7333,0.832648,0.0390285
75.0667,0.8333,0.0431983
75.4,0.83542,0.053947
75.7333,0.835405,0.055266
76.0667,0.833399,0.0357382
76.4,0.833418,0.0379527
76.7333,0.828942,0.0323724
77.0667,0.806654,0.0748573
77.4,0.813889,0.0455612
77.7333,0.828089,0.0483273
78.0667,0.831908,0.0462564
78.4,0.832751,0.0412569
78.7333,0.835798,0.0681966
79.0667,0.837305,0.0373695
79.4,0.838741,0.0295163
79.7333,0.838168,0.0243542
80.0667,0.839763,0.0316417
80.4,0.841047,0.0765613
80.7333,0.839682,0.0217148
81.0667,0.836513,0.0807681
81.4,0.835821,0.0645162
81.7333,0.837571,0.0345713
82.0667,0.840268,0.053704
82.4,0.83814,0.0401395
82.7333,0.839267,0.0353876
83.0667,0.837642,0.0386243
83.4,0.835968,0.0348495
83.7333,0.82384,0.065424
84.0667,0.826201,0.0300996
84.4,0.825103,0.0276539
84.7333,0.827431,0.0280959
85.0667,0.828955,0.0382694
85.4,0.830095,0.0591483
85.7333,0.827635,0.0370155
86.0667,0.824993,0.047484
86.4,0.827238,0.0377815
86.7333,0.826825,0.0376306
87.0667,0.822877,0.0304406
87.4,0.8218,0.0339833
87.7333,0.819558,0.0383588
88.0667,0.82004,0.0307402
88.4,0.822014,0.0206742
88.7333,0.810274,0.143941
89.0667,0.808083,0.0708041
89.4,0.809063,0.043291
89.7333,0.812429,0.0408144
90.0667,0.81383,0.0439786
90.4,0.818071,0.064104
90.7333,0.817781,0.0495415
91.0667,0.819605,0.0505448
91.4,0.815799,0.051094
91.7333,0.814132,0.0484113
92.0667,0.811639,0.0671608
92.4,0.811945,0.0494475
92.7333,0.818711,0.0380126
93.0667,0.82069,0.0357595
93.4,0.824696,0.0342128
93.7333,0.832784,0.0486342
94.0667,0.83229,0.0618834
94.4,0.832237,0.0132804
94.7333,0.832616,0.0834148
95.0667,0.833215,0.193751
95.4,0.835876,0.210635
95.7333,0.835599,0.275598
96.0667,0.834168,0.315147
96.4,0.835297,0.364056
96.7333,0.832928,0.37393
97.0667,0.839487,0.393263
97.4,0.842783,0.387002
97.7333,0.844059,0.466351
98.0667,0.845673,0.332137
98.4,0.844062,0.234995
98.7333,0.849776,0.385906
99.0667,0.8498,0.27866
99.4,0.849627,0.417259
99.7333,0.853469,0.559306
100.067,0.853675,0.453164
100.4,0.860901,0.649133
100.733,0.855802,0.551553
101.067,0.850395,0.610633
101.4,0.838771,0.625557
101.733,0.84007,0.675421
102.067,0.834796,0.659813
102.4,0.829608,0.656701
102.733,0.828917,0.715847
103.067,0.80578,0.471655
103.4,0.790091,0.678571
103.733,0.78554,0.671532
104.067,0.795981,0.63293
104.4,0.80064,0.652153
104.733,0.80607,0.639026
105.067,0.81269,0.682199
105.4,0.815515,0.551937
105.733,0.800233,0.670573
106.067,0.801684,0.66638
106.4,0.806579,0.6582
106.733,0.802848,0.652693
107.067,0.798575,0.740418
107.4,0.796625,0.707923
107.733,0.785023,0.622868
108.067,0.781837,0.699967
108.4,0.796949,0.603579
108.733,0.806596,0.632814
109.067,0.812585,0.56107
109.4,0.809377,0.617994
109.733,0.803056,0.608644
110.067,0.806146,0.653052
110.4,0.805102,0.639558
110.733,0.812199,0.598993
111.067,0.828699,0.634516
111.4,0.829188,0.642999
111.733,0.814407,0.626364
112.067,0.771841,0.586688
112.4,0.764093,0.528253
112.733,0.773071,0.378515
113.067,0.779225,0.610431
113.4,0.774484,0.561871
113.733,0.751628,0.595144
114.067,0.740087,0.489656
114.4,0.735026,0.557347
114.733,0.719595,0.521657
115.067,0.680565,0.600059
115.4,0.578105,0.597326
115.733,0.533527,0.576221
116.067,0.505772,0.604698
116.4,0.463773,0.597461
116.733,0.444827,0.564992
117.067,0.430668,0.548272
117.4,0.42372,0.547674
117.733,0.430458,0.595174
118.067,0.445243,0.567897
118.4,0.434789,0.560556
118.733,0.419393,0.408464
119.067,0.394194,0.311828
119.4,0.377418,0.438384
119.733,0.365096,0.512301
120.067,0.366789,0.566255
120.4,0.357514,0.55933
120.733,0.351898,0.56439
121.067,0.347652,0.551124
121.4,0.340334,0.532085
121.733,0.323077,0.500357
122.067,0.289308,0.47472
122.4,0.274424,0.481461
122.733,0.249244,0.42652
123.067,0.227571,0.374681
123.4,0.206028,0.34145
123.733,0.189026,0.267404
124.067,0.17092,0.291448
124.4,0.171099,0.263265
124.733,0.190806,0.31851
125.067,0.223835,0.38905
125.4,0.258498,0.37248
125.733,0.287658,0.389654
126.067,0.309336,0.491925
126.4,0.328556,0.519942
126.733,0.378574,0.542459
127.067,0.398033,0.489255
127.4,0.390994,0.501241
127.733,0.373226,0.456553
128.067,0.35014,0.44705
128.4,0.334775,0.410829
128.733,0.291703,0.316067
129.067,0.283946,0.27673
129.4,0.272761,0.276247
129.733,0.226271,0.275397
130.067,0.185028,0.201134
130.4,0.138562,0.169883
130.733,0.0966508,0.128949
131.067,0.0612044,0.0720912
131.4,0.0311232,0.0485052
131.733,0.0144375,0.0316885
132.067,0.0128526,0.0484287
132.4,0.0123195,0.0209742
132.733,0.0113675,0.0247556
133.067,0.0207622,0.0357456
133.4,0.0722436,0.0747616
133.733,0.140898,0.13582
134.067,0.20527,0.172026
134.4,0.245866,0.237537
134.733,0.286081,0.336074
135.067,0.330501,0.328425
135.4,0.336817,0.323057
135.733,0.296893,0.273889
136.067,0.258869,0.297169
136.4,0.234313,0.295704
136.733,0.196373,0.257503
137.067,0.149313,0.214851
137.4,0.105187,0.177688
137.733,0.0795978,0.105621
138.067,0.0564433,0.117589
138.4,0.0318489,0.036138
138.733,0.018153,0.0421337
139.067,0.017021,0.0350083
139.4,0.0184639,0.035835
139.733,0.0336057,0.0532009
140.067,0.0633508,0.0696604
140.4,0.103334,0.0998828
140.733,0.152317,0.0945571
141.067,0.200126,0.148255
141.4,0.254187,0.165688
141.733,0.315688,0.202064
142.067,0.335717,0.2255
142.4,0.345216,0.269421
142.733,0.343928,0.253214
143.067,0.332038,0.290271
143.4,0.3001,0.304566
143.733,0.30152,0.260235
144.067,0.302825,0.251491
144.4,0.289713,0.274407
144.733,0.254097,0.171979
145.067,0.195229,0.348628
145.4,0.146048,0.242738
145.733,0.100651,0.161509
146.067,0.0590326,0.113327
146.4,0.0316974,0.0640437
146.733,0.0169415,0.0468452
147.067,0.00862629,0.030804
147.4,0.00240748,0.0200626
147.733,0.00250403,0.0136727
148.067,0.00331667,0.0198521
148.4,0.00356763,0.0105464
148.733,0.00468691,0.0226558
149.067,0.00622817,0.0290352
149.4,0.0067617,0.0325045
149.733,0.00809284,0.0447409
150.067,0.00953727,0.0427405
150.4,0.00942951,0.0512674
150.733,0.0142583,0.0648924
151.067,0.0400731,0.107245
151.4,0.0576899,0.147801
151.733,0.0682783,0.167548
152.067,0.075216,0.162135
152.4,0.079366,0.164615
152.733,0.0822541,0.186589
153.067,0.0932422,0.183183
153.4,0.100345,0.190104
153.733,0.105855,0.221773
154.067,0.0903061,0.194955
154.4,0.0706972,0.174126
154.733,0.0570828,0.159814
155.067,0.0521535,0.148588
155.4,0.0385862,0.100272
155.733,0.0283535,0.0887712
156.067,0.0223319,0.0896627
156.4,0.0177564,0.0692406
156.733,0.0151226,0.0662876
157.067,0.011722,0.0582546
157.4,0.0139289,0.0558291
157.733,0.0149803,0.0538836
158.067,0.0157139,0.0542065
158.4,0.0149858,0.05843
158.733,0.0388971,0.0771231
159.067,0.0605419,0.0987511
159.4,0.0690207,0.107941
159.733,0.0707414,0.171355
160.067,0.0777172,0.14472
160.4,0.0820307,0.124627
160.733,0.0671826,0.134317
161.067,0.050151,0.122575
161.4,0.0240323,0.0542269
161.733,0.00400312,0.0190775
162.067,0.0261886,0.0359498
162.4,0.0345512,0.0658927
162.733,0.0426513,0.0950469
163.067,0.0486861,0.0880711
163.4,0.0520249,0.12421
163.733,0.0595293,0.128372
164.067,0.0483923,0.0835438
164.4,0.027286,0.0609129
164.733,0.0157419,0.0469396
165.067,0.00886584,0.0398056
165.4,0.0121814,0.0472159
165.733,0.0147655,0.049679
166.067,0.0163722,0.052225
166.4,0.0184215,0.046168
166.733,0.0210683,0.066725
167.067,0.0381825,0.0694168
167.4,0.0529536,0.109245
167.733,0.0557464,0.143366
168.067,0.062896,0.13068
168.4,0.070591,0.145933
168.733,0.0764515,0.172255
169.067,0.0837365,0.187438
169.4,0.0865969,0.201988
169.733,0.0828302,0.259025
170.067,0.070694,0.171111
170.4,0.0448831,0.0900331
170.733,0.0146631,0.0250684
171.067,0.00343351,0.0141318
171.4,0.000798117,0.00610934
171.733,0.000675837,0.0891685
172.067,0.000772914,0.143755
172.4,0.000602574,0.0741087
172.733,0.000588887,0.0810424
173.067,0.000548603,0.0789752
173.4,0.000807778,0.0758049
173.733,0.000839533,0.160251
174.067,0.000852252,0.10167
174.4,0.000743459,0.0641157
174.733,0.0119185,0.0143452
175.067,0.0266374,0.0438922
175.4,0.032682,0.0685921
175.733,0.068367,0.12111
176.067,0.108985,0.182119
176.4,0.138866,0.272371
176.733,0.160424,0.287163
177.067,0.179631,0.345822
177.4,0.178564,0.334459
177.733,0.171967,0.381991
178.067,0.178355,0.333602
178.4,0.172197,0.296172
178.733,0.144374,0.27393
179.067,0.136446,0.225653
179.4,0.115185,0.171957
179.733,0.0909315,0.114211
180.067,0.0665724,0.116923
180.4,0.0519618,0.0972974
180.733,0.0547414,0.0888064
181.067,0.0521669,0.0886436
181.4,0.0545139,0.0840447
181.733,0.072551,0.0976892
182.067,0.0848535,0.103551
182.4,0.0920917,0.110879
182.733,0.0971617,0.0963622
183.067,0.103527,0.104367
183.4,0.107018,0.103128
183.733,0.109983,0.132591
184.067,0.113171,0.143547
184.4,0.115245,0.160446
184.733,0.117994,0.159848
185.067,0.121968,0.151992
185.4,0.126272,0.1835
185.733,0.129592,0.203602
186.067,0.128993,0.178091
186.4,0.129386,0.164178
186.733,0.130529,0.141185
187.067,0.130215,0.0773375
187.4,0.131549,0.0526505
187.733,0.132057,0.0379018
188.067,0.132204,0.0362451
188.4,0.132292,0.0323557
188.733,0.134419,0.0472142
189.067,0.134305,0.0323069
189.4,0.133547,0.032856
189.733,0.139666,0.0430863
190.067,0.142849,0.0499724
190.4,0.133765,0.0454415
190.733,0.133977,0.0433893
191.067,0.136833,0.0492005
191.4,0.136355,0.0238537
191.733,0.139208,0.0423303
192.067,0.142806,0.073897
192.4,0.145415,0.0615434
192.733,0.142233,0.062184
193.067,0.143166,0.0539285
193.4,0.142233,0.0555831
193.733,0.144185,0.0673007
194.067,0.144502,0.0528601
194.4,0.143664,0.0648332
194.733,0.144322,0.0540022
195.067,0.147391,0.0559013
195.4,0.149679,0.0788681
195.733,0.154824,0.0740613
196.067,0.168912,0.055537
196.4,0.18742,0.0558733
196.733,0.206289,0.0736052
197.067,0.233932,0.0878928
197.4,0.255383,0.1032
197.733,0.284648,0.123788
198.067,0.311919,0.153868
198.4,0.329487,0.161889
198.733,0.370085,0.183606
199.067,0.387974,0.206975
199.4,0.415138,0.225586
199.733,0.473656,0.261783
200.067,0.520589,0.272655
200.4,0.573695,0.312885
200.733,0.609468,0.313751
201.067,0.66988,0.300903
201.4,0.699403,0.247078
201.733,0.746722,0.152673
202.067,0.813565,0.188885
202.4,0.787792,0.190518
202.733,0.727132,0.157516
203.067,0.71249,0.156223
203.4,0.705639,0.144565
203.733,0.731983,0.19175
204.067,0.734845,0.170033
204.4,0.736923,0.20387
204.733,0.738468,0.222098
205.067,0.756213,0.148171
205.4,0.784114,0.0943751
205.733,0.777461,0.138374
206.067,0.769286,0.120179
206.4,0.763048,0.145869
206.733,0.765227,0.142477
207.067,0.767823,0.135544
207.4,0.760554,0.100576
207.733,0.759174,0.111403
208.067,0.758932,0.129495
208.4,0.76106,0.127281
208.733,0.757725,0.0846186
209.067,0.760682,0.077526
209.4,0.754832,0.0562234
209.733,0.750994,0.0877926
210.067,0.750321,0.0734736
210.4,0.759252,0.15084
210.733,0.759768,0.0962591
211.067,0.758618,0.0995939
211.4,0.759713,0.0893481
211.733,0.759756,0.096673
212.067,0.756657,0.162016
212.4,0.75083,0.103199
212.733,0.747438,0.130293
213.067,0.746403,0.107795
213.4,0.741474,0.0937852
213.733,0.725882,0.150071
214.067,0.7221,0.0559258
214.4,0.717936,0.0585965
214.733,0.717469,0.0219151
215.067,0.7147,0.0396121
215.4,0.722586,0.0848358
215.733,0.719565,0.0390877
216.067,0.719674,0.0433777
216.4,0.71363,0.027027
216.733,0.709051,0.0285233
217.067,0.711125,0.0275158
217.4,0.713158,0.0201309
217.733,0.7092,0.0203004
218.067,0.713083,0.0289938
218.4,0.721723,0.0266054
218.733,0.755786,0.0528027
219.067,0.754336,0.0127189
219.4,0.753237,0.0241047
219.733,0.751223,0.0260593
220.067,0.75064,0.0379468
220.4,0.75644,0.0672633
220.733,0.753974,0.040617
221.067,0.759101,0.0413387
221.4,0.757433,0.0543079
221.733,0.755958,0.0489811
222.067,0.751307,0.107189
222.4,0.748625,0.0652649
222.733,0.745389,0.0572669
223.067,0.743365,0.0540106
223.4,0.743554,0.057981
223.733,0.73725,0.069212
224.067,0.734105,0.0542819
224.4,0.733631,0.0431334
224.733,0.736405,0.0288005
225.067,0.73843,0.0283603
225.4,0.738818,0.0918504
225.733,0.736298,0.0200779
226.067,0.739441,0.0393613
226.4,0.742623,0.0208296
226.733,0.740804,0.0252755
227.067,0.728698,0.0569443
227.4,0.727107,0.0342872
227.733,0.727896,0.0290609
228.067,0.731271,0.0545514
228.4,0.735127,0.0318756
228.733,0.79534,0.18584
229.067,0.79675,0.0392653
229.4,0.803866,0.0260235
229.733,0.809939,0.031455
230.067,0.81044,0.0437962
230.4,0.812405,0.151397
230.733,0.811535,0.030789
231.067,0.811671,0.0239258
231.4,0.812213,0.0234195
231.733,0.812416,0.0257742
232.067,0.809074,0.118839
232.4,0.811704,0.0336868
232.733,0.810528,0.0508845
233.067,0.816866,0.0276795
233.4,0.818078,0.0411897
233.733,0.815646,0.0937777
234.067,0.814966,0.0422447
234.4,0.814961,0.0619038
234.733,0.816785,0.0991172
235.067,0.817778,0.04671
235.4,0.81429,0.230533
235.733,0.814692,0.11032
236.067,0.815192,0.0175316
236.4,0.815874,0.0289024
236.733,0.815681,0.0178019
237.067,0.816406,0.0603961
237.4,0.816362,0.0196317
237.733,0.80723,0.0721852
238.067,0.807385,0.0617542
238.4,0.809953,0.0411529
238.733,0.813299,0.0263061
239.067,0.813501,0.0233218
239.4,0.807529,0.0528576
239.733,0.809032,0.0387823
240.067,0.809384,0.0236179
240.4,0.811071,0.0133585
240.733,0.811121,0.0124482
241.067,0.803283,0.038644
241.4,0.801752,0.0371174
241.733,0.803654,0.0437239
242.067,0.813307,0.0482386
242.4,0.813864,0.0449692
242.733,0.80444,0.0471959
243.067,0.802326,0.0419496
243.4,0.804301,0.0401137
243.733,0.805536,0.030395
244.067,0.807203,0.0260353
244.4,0.805295,0.0556151
244.733,0.806148,0.0362346
245.067,0.807771,0.0343032
245.4,0.810008,0.0364638
245.733,0.810201,0.0273438
246.067,0.809907,0.0620257
246.4,0.809576,0.0810211
246.733,0.809637,0.0856974
247.067,0.809822,0.078677
247.4,0.810327,0.0644758
247.733,0.808496,0.115414
248.067,0.807003,0.0705554
248.4,0.806689,0.0816487
248.733,0.812002,0.0746333
249.067,0.812649,0.079908
249.4,0.804974,0.131131
249.733,0.806711,0.114842
250.067,0.807665,0.0716272
250.4,0.809254,0.00893533
250.733,0.805733,0.0106367
251.067,0.792233,0.0753069
251.4,0.793148,0.0296582
251.733,0.794908,0.0440476
252.067,0.797328,0.0418582
252.4,0.799636,0.0355173
252.733,0.799141,0.0829806
253.067,0.795912,0.0343737
253.4,0.793725,0.0711588
253.733,0.810667,0.0786309
254.067,0.81798,0.0862223
254.4,0.82992,0.08933
254.733,0.83041,0.0188093
255.067,0.830931,0.0181896
255.4,0.831323,0.0173488
255.733,0.831139,0.0254239
256.067,0.828537,0.0393973
256.4,0.828733,0.0282021
256.733,0.82829,0.0253809
257.067,0.828043,0.0287647
257.4,0.827898,0.0510455
257.733,0.827138,0.0767612
258.067,0.827698,0.047369
258.4,0.828415,0.0357384
258.733,0.827969,0.0420226
259.067,0.827181,0.034544
259.4,0.827107,0.0667118
259.733,0.828082,0.0547232
260.067,0.827334,0.0576264
260.4,0.826903,0.0391629
260.733,0.82457,0.0301232
261.067,0.826821,0.0526364
261.4,0.827197,0.0252801
261.733,0.826999,0.0311673
262.067,0.827984,0.0277596
262.4,0.828302,0.0218186
262.733,0.827463,0.0785866
263.067,0.827538,0.0171085
263.4,0.828055,0.0481976
263.733,0.828897,0.0414412
264.067,0.828882,0.0304109
264.4,0.829254,0.0489508
264.733,0.828823,0.052375
265.067,0.827667,0.0173296
265.4,0.826248,0.0181927
265.733,0.827671,0.0228489
266.067,0.828957,0.0531019
266.4,0.82904,0.127878
266.733,0.829497,0.0398743
267.067,0.829046,0.0876311
267.4,0.829037,0.0152859
267.733,0.828677,0.0763153
268.067,0.828937,0.0242393
268.4,0.828899,0.0162692
268.733,0.82909,0.0318535
269.067,0.829369,0.0220379
269.4,0.823841,0.0549039
269.733,0.826749,0.0520002
270.067,0.82572,0.0973026
270.4,0.82736,0.0484355
270.733,0.828199,0.0225354
271.067,0.828634,0.0573791
271.4,0.828643,0.036293
271.733,0.82883,0.0343508
272.067,0.829112,0.0259187
272.4,0.829082,0.0575499
272.733,0.830915,0.0719073
273.067,0.830472,0.0920465
273.4,0.830041,0.0915806
273.733,0.830926,0.0886933
274.067,0.830947,0.0211588
274.4,0.830469,0.0387643
274.733,0.829545,0.0732468
275.067,0.828806,0.17922
275.4,0.828075,0.174197
275.733,0.826148,0.21413
276.067,0.82542,0.231816
276.4,0.822826,0.247789
276.733,0.821556,0.253708
277.067,0.820528,0.269321
277.4,0.820777,0.269856
277.733,0.821471,0.274963
278.067,0.822749,0.155727
278.4,0.821644,0.177374
278.733,0.825428,0.216859
279.067,0.833853,0.211059
279.4,0.835103,0.204433
279.733,0.835793,0.173961
280.067,0.832916,0.247282
280.4,0.835101,0.569734
280.733,0.838034,0.546137
281.067,0.838646,0.60427
281.4,0.849191,0.625622
281.733,0.854871,0.613337
282.067,0.867045,0.606964
282.4,0.87106,0.608483
282.733,0.861391,0.587011
283.067,0.848283,0.508331
283.4,0.827007,0.593441
283.733,0.803974,0.627055
284.067,0.805537,0.592053
284.4,0.817827,0.516037
284.733,0.833233,0.61274
285.067,0.844383,0.589277
285.4,0.848643,0.572672
285.733,0.844112,0.657706
286.067,0.78953,0.691384
286.4,0.78282,0.646675
286.733,0.776638,0.673671
287.067,0.773176,0.766788
287.4,0.775752,0.74942
287.733,0.738215,0.735929
288.067,0.696088,0.704322
288.4,0.664316,0.727197
288.733,0.655154,0.63671
289.067,0.652486,0.429983
289.4,0.657952,0.710231
289.733,0.665076,0.722017
290.067,0.661944,0.732494
290.4,0.647602,0.733354
290.733,0.639904,0.696713
291.067,0.630672,0.657405
291.4,0.626108,0.609758
291.733,0.620218,0.625387
292.067,0.622655,0.49888
292.4,0.616475,0.553065
292.733,0.591487,0.59593
293.067,0.561011,0.602016
293.4,0.536135,0.535639
293.733,0.51985,0.523641
294.067,0.521939,0.602641
294.4,0.552607,0.5642
294.733,0.567079,0.631383
295.067,0.549855,0.644781
295.4,0.526668,0.630025
295.733,0.509081,0.468506
296.067,0.513626,0.578588
296.4,0.536368,0.611597
296.733,0.539545,0.645254
297.067,0.531286,0.624908
297.4,0.539487,0.608361
297.733,0.561305,0.540041
298.067,0.570611,0.571269
298.4,0.548279,0.367307
298.733,0.515744,0.501686
299.067,0.493684,0.581842
299.4,0.497465,0.567996
299.733,0.535827,0.565002
300.067,0.578824,0.448681
300.4,0.647706,0.519942
300.733,0.701725,0.645082
301.067,0.740744,0.610987
301.4,0.776266,0.539741
301.733,0.830944,0.562259
302.067,0.851323,0.599311
302.4,0.846433,0.604608
302.733,0.825533,0.547113
303.067,0.821721,0.575675
303.4,0.814828,0.632368
303.733,0.728889,0.620819
304.067,0.643322,0.661812
304.4,0.596293,0.417614
304.733,0.600763,0.578737
305.067,0.581881,0.652182
305.4,0.563452,0.33203
305.733,0.551875,0.62589
306.067,0.589105,0.609209
306.4,0.587099,0.536914
306.733,0.584794,0.548964
307.067,0.570813,0.470395
307.4,0.549222,0.458212
307.733,0.529447,0.531437
308.067,0.452525,0.465583
308.4,0.42909,0.444599
308.733,0.433501,0.502244
309.067,0.474497,0.539828
309.4,0.500107,0.569966
309.733,0.512254,0.51393
310.067,0.536163,0.516915
310.4,0.506568,0.430271
310.733,0.485223,0.486249
311.067,0.483086,0.47964
311.4,0.419758,0.376637
311.733,0.354366,0.390985
312.067,0.314124,0.406042
312.4,0.312431,0.34224
312.733,0.316815,0.397659
313.067,0.317011,0.411061
313.4,0.316784,0.410154
313.733,0.337339,0.496252
314.067,0.37631,0.504551
314.4,0.435001,0.520548
314.733,0.438534,0.490579
315.067,0.438326,0.548736
315.4,0.433687,0.535582
315.733,0.409148,0.484584
316.067,0.376332,0.398892
316.4,0.324765,0.327206
316.733,0.289915,0.399642
317.067,0.256145,0.37452
317.4,0.209668,0.383127
317.733,0.17721,0.322795
318.067,0.145431,0.290197
318.4,0.0976871,0.272259
318.733,0.0707268,0.202976
319.067,0.0420494,0.145071
319.4,0.0194044,0.0709837
319.733,0.00538723,0.0341443
320.067,0.00109372,0.00764273
320.4,0.000990755,0.0493697
320.733,0.00104781,0.139656
321.067,0.00174128,0.0944417
321.4,0.00155648,0.0688862
321.733,0.00210307,0.0756675
322.067,0.00191333,0.0993903
322.4,0.00185058,0.0113096
322.733,0.00216635,0.010723
323.067,0.00237498,0.00409051
323.4,0.00244072,0.00817165
323.733,0.0025784,0.029856
324.067,0.00215221,0.00695042
324.4,0.00186764,0.013731
324.733,0.00163298,0.0040078
325.067,0.00155614,0.00291424
325.4,0.00133928,0.0662949
325.733,0.00140259,0.00313915
326.067,0.00154566,0.00794385
326.4,0.00537137,0.00696835
326.733,0.00759147,0.00977435
327.067,0.0049176,0.0123895
327.4,0.00357448,0.0100412
327.733,0.0286558,0.0420103
328.067,0.0425808,0.0806815
328.4,0.0776148,0.121717
328.733,0.0937312,0.160922
329.067,0.107566,0.186048
329.4,0.116472,0.209226
329.733,0.114164,0.183531
330.067,0.0984544,0.170432
330.4,0.0899539,0.173238
330.733,0.0777422,0.159477
331.067,0.0817138,0.108446
331.4,0.090527,0.150837
331.733,0.0855664,0.188266
332.067,0.087049,0.130928
332.4,0.0924448,0.205322
332.733,0.100343,0.209259
333.067,0.104434,0.155034
333.4,0.0926372,0.19654
333.733,0.0856876,0.172387
334.067,0.0593231,0.0983225
334.4,0.0350119,0.0585354
334.733,0.0248022,0.0713657
335.067,0.0126076,0.0476381
335.4,0.0143726,0.0464409
335.733,0.0168308,0.0427952
336.067,0.0257144,0.0687253
336.4,0.0501988,0.0928198
336.733,0.0841912,0.0980695
337.067,0.119796,0.113177
337.4,0.155772,0.150598
337.733,0.191811,0.200258
338.067,0.217042,0.205233
338.4,0.237609,0.222605
338.733,0.22181,0.21779
339.067,0.199738,0.203237
339.4,0.177312,0.221573
339.733,0.164551,0.183732
340.067,0.132715,0.217426
340.4,0.0930954,0.211502
340.733,0.0777453,0.17432
341.067,0.0546826,0.117406
341.4,0.0269888,0.0565504
341.733,0.00232593,0.0138191
342.067,0.000996349,0.0405534
342.4,0.000819883,0.13409
342.733,0.000685037,0.0610457
343.067,0.000601145,0.0519285
343.4,0.00059551,0.0623395
343.733,0.000820006,0.127139
344.067,0.000778195,0.103304
344.4,0.000675161,0.148428
344.733,0.000605535,0.15199
345.067,0.000578606,0.111535
345.4,0.000847452,0.0712278
345.733,0.000695482,0.124766
346.067,0.000774528,0.102694
346.4,0.000675606,0.159586
346.733,0.000644072,0.0957613
347.067,0.000614925,0.0681579
347.4,0.000549674,0.108536
347.733,0.000876174,0.151306
348.067,0.000633888,0.0560666
348.4,0.000507889,0.0935433
348.733,0.000491861,0.179572
349.067,0.000474321,0.116419
349.4,0.000565928,0.101661
349.733,0.00112598,0.101491
350.067,0.00124754,0.0689814
350.4,0.0251457,0.0231649
350.733,0.0394004,0.0671219
351.067,0.0474453,0.0805474
351.4,0.0526176,0.0855392
351.733,0.0560632,0.102909
352.067,0.0602846,0.123248
352.4,0.0874305,0.182603
352.733,0.119119,0.194952
353.067,0.141214,0.217764
353.4,0.162033,0.243807
353.733,0.170988,0.222296
354.067,0.17139,0.19241
354.4,0.166419,0.12916
354.733,0.159586,0.0848419
355.067,0.16895,0.109422
355.4,0.180329,0.119796
355.733,0.185248,0.144112
356.067,0.194778,0.143891
356.4,0.203967,0.172166
356.733,0.231321,0.215649
357.067,0.253647,0.234619
357.4,0.255924,0.229557
357.733,0.251917,0.225722
358.067,0.257899,0.193656
358.4,0.26518,0.199544
358.733,0.276671,0.212915
359.067,0.294253,0.244431
359.4,0.303112,0.261438
359.733,0.301802,0.230513
360.067,0.29824,0.173254
360.4,0.303597,0.212795
360.733,0.308374,0.136825
361.067,0.329966,0.159299
361.4,0.34471,0.150686
361.733,0.356462,0.153572
362.067,0.36788,0.186718
362.4,0.387062,0.175439
362.733,0.39787,0.232723
363.067,0.410757,0.249705
363.4,0.413681,0.173294
363.733,0.412313,0.179496
364.067,0.414588,0.17981
364.4,0.414862,0.179596
364.733,0.413305,0.1557
365.067,0.426013,0.109708
365.4,0.446707,0.113804
365.733,0.464783,0.108141
366.067,0.485243,0.127551
366.4,0.499248,0.140456
366.733,0.51355,0.132049
367.067,0.529672,0.134427
367.4,0.538123,0.100294
367.733,0.561637,0.131494
368.067,0.57727,0.134973
368.4,0.613587,0.0588188
368.733,0.636475,0.183737
369.067,0.655372,0.131486
369.4,0.678814,0.0868708
369.733,0.690415,0.0683344
370.067,0.698589,0.0919462
370.4,0.703573,0.0995945
370.733,0.70463,0.110917
371.067,0.705535,0.134381
371.4,0.706128,0.15862
371.733,0.705913,0.162364
372.067,0.704407,0.170244
372.4,0.71383,0.17451
372.733,0.74995,0.144298
373.067,0.759785,0.118782
373.4,0.764456,0.120061
373.733,0.770172,0.111982
374.067,0.776895,0.0683745
374.4,0.806998,0.0907843
374.733,0.804429,0.0700519
375.067,0.798367,0.075878
375.4,0.802775,0.0627056
375.733,0.829568,0.0729237
376.067,0.853064,0.113713
376.4,0.85309,0.0582777
376.733,0.848671,0.0672834
377.067,0.847619,0.07704
377.4,0.847205,0.0605975
377.733,0.845729,0.131786
378.067,0.84655,0.045649
378.4,0.846976,0.0394058
378.733,0.845019,0.0569642
379.067,0.845522,0.0469666
379.4,0.845786,0.0619578
379.733,0.84481,0.0151619
380.067,0.842536,0.0628919
380.4,0.840573,0.0504465
380.733,0.838537,0.0752745
381.067,0.835903,0.182225
381.4,0.835471,0.106154
381.733,0.835167,0.0386718
382.067,0.834984,0.0107438