time_sec	dynamic_density
0.0666667	0.0291584
0.133333	0.100226
0.2	0.231907
0.266667	0.117483
0.333333	0.167196
0.4	0.136618
0.466667	0.213171
0.533333	0.159026
0.6	0.197175
0.666667	0.194386
0.733333	0.137728
0.8	0.149272
0.866667	0.154783
0.933333	0.120513
1	0.133497
1.06667	0.164376
1.13333	0.119004
1.2	0.153114
1.26667	0.115794
1.33333	0.0859386
1.4	0.171239
1.46667	0.103217
1.53333	0.0705527
1.6	0.134479
1.66667	0.185226
1.73333	0.094355
1.8	0.159685
1.86667	0.205665
1.93333	0.0766005
2	0.156368
2.06667	0.117291
2.13333	0.104518
2.2	0.105688
2.26667	0.153556
2.33333	0.112569
2.4	0.142901
2.46667	0.105131
2.53333	0.122076
2.6	0.112977
2.66667	0.0921414
2.73333	0.0786125
2.8	0.118363
2.86667	0.105219
2.93333	0.0669686
3	0.134958
3.06667	0.123908
3.13333	0.0948366
3.2	0.148805
3.26667	0.0816152
3.33333	0.0973813
3.4	0.122602
3.46667	0.116742
3.53333	0.0803246
3.6	0.124028
3.66667	0.156287
3.73333	0.0771796
3.8	0.152182
3.86667	0.106066
3.93333	0.0959364
4	0.103127
4.06667	0.237132
4.13333	0.108366
4.2	0.209028
4.26667	0.108497
4.33333	0.144114
4.4	0.0811288
4.46667	0.0896592
4.53333	0.110411
4.6	0.0957225
4.66667	0.102857
4.73333	0.0774615
4.8	0.127864
4.86667	0.0942917
4.93333	0.100228
5	0.148637
5.06667	0.131396
5.13333	0.103556
5.2	0.17141
5.26667	0.15712
5.33333	0.170419
5.4	0.170088
5.46667	0.237028
5.53333	0.110329
5.6	0.115855
5.66667	0.148788
5.73333	0.106445
5.8	0.127285
5.86667	0.175001
5.93333	0.118788
6	0.189895
6.06667	0.182993
6.13333	0.158685
6.2	0.172507
6.26667	0.164854
6.33333	0.172022
6.4	0.225829
6.46667	0.241807
6.53333	0.161714
6.6	0.16964
6.66667	0.218857
6.73333	0.147635
6.8	0.1896
6.86667	0.216999
6.93333	0.118564
7	0.177244
7.06667	0.18401
7.13333	0.130778
7.2	0.195774
7.26667	0.19484
7.33333	0.120195
7.4	0.17068
7.46667	0.179259
7.53333	0.14477
7.6	0.173285
7.66667	0.180331
7.73333	0.103693
7.8	0.256936
7.86667	0.194706
7.93333	0.152103
8	0.200921
8.06667	0.17751
8.13333	0.131906
8.2	0.195853
8.26667	0.170566
8.33333	0.160445
8.4	0.162523
8.46667	0.189619
8.53333	0.146574
8.6	0.1466
8.66667	0.159417
8.73333	0.122324
8.8	0.210967
8.86667	0.216241
8.93333	0.117018
9	0.224625
9.06667	0.138765
9.13333	0.0930167
9.2	0.179528
9.26667	0.185147
9.33333	0.197194
9.4	0.174151
9.46667	0.198757
9.53333	0.152697
9.6	0.164908
9.66667	0.119024
9.73333	0.158129
9.8	0.180008
9.86667	0.201117
9.93333	0.163721
10	0.111739
10.0667	0.146443
10.1333	0.123263
10.2	0.137665
10.2667	0.155312
10.3333	0.134496
10.4	0.0767969
10.4667	0.125877
10.5333	0.0649343
10.6	0.109835
10.6667	0.102751
10.7333	0.102868
10.8	0.110647
10.8667	0.191451
10.9333	0.0854939
11	0.116732
11.0667	0.0754799
11.1333	0.108904
11.2	0.13459
11.2667	0.123011
11.3333	0.10126
11.4	0.0985633
11.4667	0.138603
11.5333	0.0797825
11.6	0.119691
11.6667	0.0803249
11.7333	0.163854
11.8	0.0876356
11.8667	0.0502881
11.9333	0.0678455
12	0.0511505
12.0667	0.104437
12.1333	0.116309
12.2	0.0953339
12.2667	0.0885307
12.3333	0.0762975
12.4	0.0550524
12.4667	0.0783253
12.5333	0.0700539
12.6	0.053544
12.6667	0.0581193
12.7333	0.0393023
12.8	0.0705964
12.8667	0.0585007
12.9333	0.0938339
13	0.0500317
13.0667	0.141907
13.1333	0.0880397
13.2	0.0902996
13.2667	0.0529987
13.3333	0.0388309
13.4	0.0927463
13.4667	0.0966122
13.5333	0.0810794
13.6	0.0619343
13.6667	0.109027
13.7333	0.059238
13.8	0.0492207
13.8667	0.0592764
13.9333	0.0763519
14	0.0582569
14.0667	0.0741257
14.1333	0.0587591
14.2	0.056726
14.2667	0.0571434
14.3333	0.064924
14.4	0.109657
14.4667	0.0762285
14.5333	0.126331
14.6	0.113137
14.6667	0.0725902
14.7333	0.12123
14.8	0.0723191
14.8667	0.0557902
14.9333	0.109434
15	0.0822919
15.0667	0.0686689
15.1333	0.0958879
15.2	0.110504
15.2667	0.13907
15.3333	0.128184
15.4	0.142617
15.4667	0.127639
15.5333	0.104343
15.6	0.0943008
15.6667	0.155617
15.7333	0.129154
15.8	0.174847
15.8667	0.12811
15.9333	0.149984
16	0.0983065
16.0667	0.105672
16.1333	0.081263
16.2	0.16157
16.2667	0.10799
16.3333	0.135129
16.4	0.153576
16.4667	0.117409
16.5333	0.10254
16.6	0.104237
16.6667	0.0934531
16.7333	0.141571
16.8	0.097378
16.8667	0.0749606
16.9333	0.112223
17	0.129572
17.0667	0.122835
17.1333	0.127469
17.2	0.071784
17.2667	0.112788
17.3333	0.0660902
17.4	0.097312
17.4667	0.0667446
17.5333	0.0935026
17.6	0.0676616
17.6667	0.0542035
17.7333	0.0736685
17.8	0.0630768
17.8667	0.0820488
17.9333	0.0738337
18	0.108448
18.0667	0.0787928
18.1333	0.0619
18.2	0.0670511
18.2667	0.0621755
18.3333	0.103111
18.4	0.0598977
18.4667	0.115896
18.5333	0.136831
18.6	0.103859
18.6667	0.119904
18.7333	0.0824649
18.8	0.133208
18.8667	0.122668
18.9333	0.0800103
19	0.0933807
19.0667	0.11797
19.1333	0.0788118
19.2	0.124026
19.2667	0.190173
19.3333	0.114259
19.4	0.176215
19.4667	0.144396
19.5333	0.111542
19.6	0.11896
19.6667	0.162998
19.7333	0.104209
19.8	0.1676
19.8667	0.126609
19.9333	0.125179
20	0.228324
20.0667	0.117467
20.1333	0.133709
20.2	0.0855951
20.2667	0.207117
20.3333	0.189476
20.4	0.124558
20.4667	0.102193
20.5333	0.146542
20.6	0.131212
20.6667	0.146172
20.7333	0.0930257
20.8	0.184618
20.8667	0.161869
20.9333	0.141513
21	0.0651879
21.0667	0.103394
21.1333	0.0854643
21.2	0.0595925
21.2667	0.117347
21.3333	0.0516633
21.4	0.0801638
21.4667	0.082341
21.5333	0.0796204
21.6	0.0871813
21.6667	0.0721064
21.7333	0.0906083
21.8	0.112554
21.8667	0.110142
21.9333	0.0715425
22	0.0850523
22.0667	0.0474613
22.1333	0.0806496
22.2	0.0836297
22.2667	0.118078
22.3333	0.0938458
22.4	0.124378
22.4667	0.141298
22.5333	0.0825306
22.6	0.0812945
22.6667	0.0917351
22.7333	0.110159
22.8	0.134223
22.8667	0.149961
22.9333	0.0633309
23	0.156716
23.0667	0.0770452
23.1333	0.111618
23.2	0.119643
23.2667	0.0782856
23.3333	0.0543624
23.4	0.0800616
23.4667	0.0848496
23.5333	0.0742819
23.6	0.105527
23.6667	0.0655192
23.7333	0.105981
23.8	0.0780982
23.8667	0.112801
23.9333	0.111133
24	0.116178
24.0667	0.107161
24.1333	0.115333
24.2	0.167522
24.2667	0.13496
24.3333	0.0562679
24.4	0.129578
24.4667	0.175942
24.5333	0.130722
24.6	0.115922
24.6667	0.100572
24.7333	0.0897333
24.8	0.103628
24.8667	0.101694
24.9333	0.101493
25	0.126791
25.0667	0.0868878
25.1333	0.0804397
25.2	0.0968987
25.2667	0.0905326
25.3333	0.157807
25.4	0.111496
25.4667	0.133315
25.5333	0.094572
25.6	0.104878
25.6667	0.126746
25.7333	0.121976
25.8	0.105424
25.8667	0.130679
25.9333	0.0780214
26	0.100794
26.0667	0.0981528
26.1333	0.0532751
26.2	0.12383
26.2667	0.181795
26.3333	0.0803756
26.4	0.140699
26.4667	0.094724
26.5333	0.1269
26.6	0.113921
26.6667	0.144004
26.7333	0.122717
26.8	0.180312
26.8667	0.164045
26.9333	0.175311
27	0.136614
27.0667	0.116388
27.1333	0.0897941
27.2	0.10463
27.2667	0.122588
27.3333	0.0928153
27.4	0.142084
27.4667	0.173062
27.5333	0.0698311
27.6	0.111627
27.6667	0.121817
27.7333	0.109767
27.8	0.185085
27.8667	0.185403
27.9333	0.146968
28	0.136883
28.0667	0.125741
28.1333	0.101892
28.2	0.139519
28.2667	0.158381
28.3333	0.0748018
28.4	0.0911155
28.4667	0.148291
28.5333	0.0962762
28.6	0.20648
28.6667	0.129462
28.7333	0.0805248
28.8	0.104069
28.8667	0.154002
28.9333	0.0992151
29	0.194526
29.0667	0.154279
29.1333	0.111873
29.2	0.12803
29.2667	0.149947
29.3333	0.155375
29.4	0.177223
29.4667	0.221768
29.5333	0.100916
29.6	0.16158
29.6667	0.170163
29.7333	0.191867
29.8	0.169078
29.8667	0.171117
29.9333	0.125927
30	0.0897428
30.0667	0.108387
30.1333	0.112375
30.2	0.149937
30.2667	0.137195
30.3333	0.144836
30.4	0.151275
30.4667	0.162745
30.5333	0.139251
30.6	0.150148
30.6667	0.147238
30.7333	0.117794
30.8	0.0990002
30.8667	0.133491
30.9333	0.0985366
31	0.116795
31.0667	0.0823491
31.1333	0.110596
31.2	0.123936
31.2667	0.0807505
31.3333	0.112158
31.4	0.122825
31.4667	0.0915956
31.5333	0.129675
31.6	0.0857883
31.6667	0.100956
31.7333	0.0800487
31.8	0.136565
31.8667	0.148409
31.9333	0.151599
32	0.0829526
32.0667	0.0866606
32.1333	0.0966065
32.2	0.0753791
32.2667	0.13777
32.3333	0.126929
32.4	0.125783
32.4667	0.133176
32.5333	0.0968824
32.6	0.115348
32.6667	0.114256
32.7333	0.0828553
32.8	0.113027
32.8667	0.0610005
32.9333	0.12062
33	0.101099
33.0667	0.0559778
33.1333	0.110053
33.2	0.068651
33.2667	0.120423
33.3333	0.107098
33.4	0.127302
33.4667	0.191942
33.5333	0.119136
33.6	0.11218
33.6667	0.113155
33.7333	0.0690856
33.8	0.154831
33.8667	0.134561
33.9333	0.0979971
34	0.130825
34.0667	0.14395
34.1333	0.0745109
34.2	0.118338
34.2667	0.11635
34.3333	0.0810556
34.4	0.140205
34.4667	0.0908514
34.5333	0.107993
34.6	0.104924
34.6667	0.154779
34.7333	0.105061
34.8	0.176526
34.8667	0.075502
34.9333	0.0903735
35	0.131273
35.0667	0.139348
35.1333	0.109993
35.2	0.117493
35.2667	0.0893476
35.3333	0.131522
35.4	0.144984
35.4667	0.152496
35.5333	0.120401
35.6	0.147394
35.6667	0.121238
35.7333	0.100645
35.8	0.15559
35.8667	0.162723
35.9333	0.0950897
36	0.0944849
36.0667	0.141139
36.1333	0.0406849
36.2	0.0968824
36.2667	0.149233
36.3333	0.136122
36.4	0.119664
36.4667	0.126874
36.5333	0.191833
36.6	0.138095
36.6667	0.11046
36.7333	0.0806817
36.8	0.0968593
36.8667	0.00767603
36.9333	0.0856575
37	0.101367
37.0667	0.0787542
37.1333	0.1063
37.2	0.0872204
37.2667	0.0748392
37.3333	0.0430645
37.4	0.127342
37.4667	0.113849
37.5333	0.0841314
37.6	0.0931643
37.6667	0.0906252
37.7333	0.0555232
37.8	0.0804513
37.8667	0.0725546
37.9333	0.0708726
38	0.176108
38.0667	0.107654
38.1333	0.0965363
38.2	0.129301
38.2667	0.106568
38.3333	0.0911285
38.4	0.0772664
38.4667	0.119255
38.5333	0.104874
38.6	0.0561709
38.6667	0.0935222
38.7333	0.0991582
38.8	0.0966947
38.8667	0.0797905
38.9333	0.09258
39	0.109716
39.0667	0.118754
39.1333	0.133505
39.2	0.129624
39.2667	0.137316
39.3333	0.106831
39.4	0.168259
39.4667	0.0691359
39.5333	0.0306606
39.6	0.0875602
39.6667	0.0826033
39.7333	0.0535831
39.8	0.122068
39.8667	0.0691041
39.9333	0.11501
40	0.148228
40.0667	0.111442
40.1333	0.0731799
40.2	0.102964
40.2667	0.150541
40.3333	0.102736
40.4	0.0789104
40.4667	0.122996
40.5333	0.108306
40.6	0.0871816
40.6667	0.0761237
40.7333	0.0552647
40.8	0.0874219
40.8667	0.0696369
40.9333	0.118385
41	0.128539
41.0667	0.0815976
41.1333	0.0850515
41.2	0.0908023
41.2667	0.0912225
41.3333	0.0674753
41.4	0.073409
41.4667	0.139654
41.5333	0.0848988
41.6	0.0916902
41.6667	0.122226
41.7333	0.0560431
41.8	0.125209
41.8667	0.0789513
41.9333	0.0552413
42	0.112648
42.0667	0.0867882
42.1333	0.0687225
42.2	0.0582373
42.2667	0.0801949
42.3333	0.0892334
42.4	0.0840241
42.4667	0.0556892
42.5333	0.0901489
42.6	0.0948283
42.6667	0.0833825
42.7333	0.0560787
42.8	0.0419805
42.8667	0.0760573
42.9333	0.0964599
43	0.104128
43.0667	0.116789
43.1333	0.0889917
43.2	0.104881
43.2667	0.125318
43.3333	0.0726149
43.4	0.0699384
43.4667	0.0927375
43.5333	0.0989786
43.6	0.0587501
43.6667	0.0659951
43.7333	0.0793816
43.8	0.102795
43.8667	0.113479
43.9333	0.0658143
44	0.108447
44.0667	0.0887239
44.1333	0.0541352
44.2	0.0605111
44.2667	0.0782995
44.3333	0.0571108
44.4	0.0473818
44.4667	0.0714555
44.5333	0.0850781
44.6	0.0882391
44.6667	0.119536
44.7333	0.10542
44.8	0.0864863
44.8667	0.0958656
44.9333	0.0502298
45	0.106482
45.0667	0.098495
45.1333	0.0737235
45.2	0.0756531
45.2667	0.0983776
45.3333	0.113698
45.4	0.105659
45.4667	0.073367
45.5333	0.126581
45.6	0.0820034
45.6667	0.0903816
45.7333	0.0499869
45.8	0.0772457
45.8667	0.0671254
45.9333	0.0472565
46	0.102429
46.0667	0.0855877
46.1333	0.104256
46.2	0.0630015
46.2667	0.112576
46.3333	0.0967823
46.4	0.0855864
46.4667	0.100929
46.5333	0.0719847
46.6	0.0865081
46.6667	0.0924926
46.7333	0.044929
46.8	0.0692111
46.8667	0.0671413
46.9333	0.0329247
47	0.0589956
47.0667	0.0899528
47.1333	0.0470588
47.2	0.1076
47.2667	0.0698905
47.3333	0.0537321
47.4	0.0797782
47.4667	0.0657005
47.5333	0.0306033
47.6	0.0854215
47.6667	0.0503654
47.7333	0.0838138
47.8	0.0780833
47.8667	0.0907613
47.9333	0.0956981
48	0.106686
48.0667	0.0978185
48.1333	0.0708001
48.2	0.104648
48.2667	0.117753
48.3333	0.0488432
48.4	0.0539335
48.4667	0.0837592
48.5333	0.0542293
48.6	0.0197263
48.6667	0.0561162
48.7333	0.0781083
48.8	0.104902
48.8667	0.0809758
48.9333	0.0772566
49	0.0792954
49.0667	0.0653048
49.1333	0.106172
49.2	0.0806115
49.2667	0.0757032
49.3333	0.0727453
49.4	0.0384491
49.4667	0.0798174
49.5333	0.071997
49.6	0.0716863
49.6667	0.0630776
49.7333	0.08319
49.8	0.0960473
49.8667	0.0886181
49.9333	0.0881422
50	0.0754608
50.0667	0.0740464
50.1333	0.0670108
50.2	0.118692
50.2667	0.0827242
50.3333	0.0932338
50.4	0.0680271
50.4667	0.0872434
50.5333	0.0639506
50.6	0.0635481
50.6667	0.0649326
50.7333	0.0709835
50.8	0.0561883
50.8667	0.0506785
50.9333	0.0700705
51	0.0894313
51.0667	0.0539589
51.1333	0.109014
51.2	0.0644432
51.2667	0.0497455
51.3333	0.069862
51.4	0.0567735
51.4667	0.0804719
51.5333	0.0674657
51.6	0.0681943
51.6667	0.042568
51.7333	0.0570277
51.8	0.0522421
51.8667	0.0611925
51.9333	0.0591831
52	0.0701533
52.0667	0.0486663
52.1333	0.070706
52.2	0.0427526
52.2667	0.0683818
52.3333	0.0886099
52.4	0.0649164
52.4667	0.096645
52.5333	0.0854355
52.6	0.0833095
52.6667	0.0644437
52.7333	0.0923418
52.8	0.0798126
52.8667	0.0898561
52.9333	0.0460575
53	0.0797533
53.0667	0.120423
53.1333	0.0876909
53.2	0.0851459
53.2667	0.12775
53.3333	0.0524995
53.4	0.0461696
53.4667	0.0830571
53.5333	0.0488499
53.6	0.0515096
53.6667	0.100438
53.7333	0.0340128
53.8	0.017077
53.8667	0.0623148
53.9333	0.0551365
54	0.0474976
54.0667	0.0639124
54.1333	0.0701108
54.2	0.0640513
54.2667	0.103999
54.3333	0.0589025
54.4	0.0782868
54.4667	0.0753611
54.5333	0.0665317
54.6	0.0779824
54.6667	0.0563968
54.7333	0.121465
54.8	0.0900552
54.8667	0.126846
54.9333	0.0963061
55	0.0737581
55.0667	0.0593368
55.1333	0.0665716
55.2	0.0979649
55.2667	0.111647
55.3333	0.0896831
55.4	0.0987627
55.4667	0.058093
55.5333	0.0841718
55.6	0.103528
55.6667	0.083969
55.7333	0.0662922
55.8	0.0640035
55.8667	0.0902818
55.9333	0.0586556
56	0.0747719
56.0667	0.0241608
56.1333	0.0622253
56.2	0.0480379
56.2667	0.0412288
56.3333	0.0521773
56.4	0.031658
56.4667	0.0305193
56.5333	0.0629941
56.6	0.0623084
56.6667	0.0481592
56.7333	0.0241173
56.8	0.0600192
56.8667	0.0710825
56.9333	0.0741872
57	0.0619071
57.0667	0.0650467
57.1333	0.0777151
57.2	0.0240786
57.2667	0.0624776
57.3333	0.0284229
57.4	0.0447089
57.4667	0.0606544
57.5333	0.0351068
57.6	0.0639307
57.6667	0.0721123
57.7333	0.0718844
57.8	0.0404233
57.8667	0.0740762
57.9333	0.0917026
58	0.0193319
58.0667	0.0932018
58.1333	0.0263294
58.2	0.0770467
58.2667	0.0647549
58.3333	0.0224447
58.4	0.0566429
58.4667	0.0839901
58.5333	0.0516402
58.6	0.102442
58.6667	0.109746
58.7333	0.0794575
58.8	0.1584
58.8667	0.0866134
58.9333	0.114655
59	0.10499
59.0667	0.0829484
59.1333	0.0856979
59.2	0.0748181
59.2667	0.0796728
59.3333	0.0638284
59.4	0.049695
59.4667	0.0474659
59.5333	0.0974193
59.6	0.119206
59.6667	0.0597737
59.7333	0.0543575
59.8	0.0354084
59.8667	0.103438
59.9333	0.0490594
60	0.0781607
60.0667	0.0782587
60.1333	0.0955033
60.2	0.0651374
60.2667	0.125542
60.3333	0.10951
60.4	0.0644362
60.4667	0.0759625
60.5333	0.061947
60.6	0.0784236
60.6667	0.0583089
60.7333	0.0349749
60.8	0.0955981
60.8667	0.0506501
60.9333	0.0690252
61	0.0466812
61.0667	0.0231482
61.1333	0.058984
61.2	0.0562155
61.2667	0.0291635
61.3333	0.102434
61.4	0.0571695
61.4667	0.0810497
61.5333	0.0978106
61.6	0.0682949
61.6667	0.0855213
61.7333	0.112075
61.8	0.0979011
61.8667	0.0881047
61.9333	0.0719303
62	0.0490368
62.0667	0.0608066
62.1333	0.0526872
62.2	0.0472173
62.2667	0.0673708
62.3333	0.100981
62.4	0.0317233
62.4667	0.0802187
62.5333	0.0806479
62.6	0.0439256
62.6667	0.105443
62.7333	0.0699854
62.8	0.0397618
62.8667	0.0512991
62.9333	0.0810139
63	0.0743349
63.0667	0.0689866
63.1333	0.0705076
63.2	0.121826
63.2667	0.0263496
63.3333	0.0884198
63.4	0.0660931
63.4667	0.0505609
63.5333	0.0501401
63.6	0.067112
63.6667	0.0408313
63.7333	0.0704467
63.8	0.0399971
63.8667	0.0617802
63.9333	0.0567416
64	0.0523555
64.0667	0.087656
64.1333	0.06238
64.2	0.0605342
64.2667	0.0777394
64.3333	0.0251065
64.4	0.0379123
64.4667	0.0874425
64.5333	0.0669757
64.6	0.0503397
64.6667	0.072505
64.7333	0.077615
64.8	0.0788434
64.8667	0.048588
64.9333	0.0466309
65	0.0660158
65.0667	0.0754556
65.1333	0.0666317
65.2	0.0837559
65.2667	0.0963343
65.3333	0.0699403
65.4	0.0579644
65.4667	0.085251
65.5333	0.059084
65.6	0.043653
65.6667	0.0837842
65.7333	0.109681
65.8	0.0528045
65.8667	0.0520265
65.9333	0.0727753
66	0.0569982
66.0667	0.0381302
66.1333	0.0590252
66.2	0.0982547
66.2667	0.0596563
66.3333	0.104674
66.4	0.0421855
66.4667	0.0872729
66.5333	0.0604659
66.6	0.0604369
66.6667	0.0786236
66.7333	0.0964844
66.8	0.0501486
66.8667	0.0580346
66.9333	0.0717782
67	0.0813773
67.0667	0.0951699
67.1333	0.0664029
67.2	0.0592236
67.2667	0.0581905
67.3333	0.107424
67.4	0.102302
67.4667	0.0493923
67.5333	0.0533794
67.6	0.0723826
67.6667	0.0593416
67.7333	0.0490596
67.8	0.109089
67.8667	0.0788087
67.9333	0.0644924
68	0.0590266
68.0667	0.0525625
68.1333	0.0600283
68.2	0.0624885
68.2667	0.0390024
68.3333	0.0795363
68.4	0.056142
68.4667	0.0995777
68.5333	0.0582179
68.6	0.0469754
68.6667	0.0693526
68.7333	0.0751945
68.8	0.0291187
68.8667	0.0579071
68.9333	0.0734777
69	0.0496456
69.0667	0.0460863
69.1333	0.075097
69.2	0.0577125
69.2667	0.0421777
69.3333	0.0991809
69.4	0.0507832
69.4667	0.0545303
69.5333	0.0406787
69.6	0.0440658
69.6667	0.0901796
69.7333	0.0645113
69.8	0.0382644
69.8667	0.0518901
69.9333	0.0941077
70	0.0509726
70.0667	0.0460041
70.1333	0.0581436
70.2	0.0329613
70.2667	0.0457278
70.3333	0.055732
70.4	0.0495177
70.4667	0.042065
70.5333	0.0478023
70.6	0.0679813
70.6667	0.0738206
70.7333	0.0538791
70.8	0.112124
70.8667	0.0909593
70.9333	0.0401966
71	0.0755193
71.0667	0.081763
71.1333	0.0789022
71.2	0.0839391
71.2667	0.0629382
71.3333	0.0596397
71.4	0.0325308
71.4667	0.0486307
71.5333	0.0570421
71.6	0.0575385
71.6667	0.0810126
71.7333	0.064725
71.8	0.0682833
71.8667	0.088734
71.9333	0.0874385
72	0.0994214
72.0667	0.0746234
72.1333	0.0841039
72.2	0.0708287
72.2667	0.0782888
72.3333	0.0623001
72.4	0.0520468
72.4667	0.0963921
72.5333	0.0627153
72.6	0.0793507
72.6667	0.0711241
72.7333	0.106853
72.8	0.0727086
72.8667	0.0641841
72.9333	0.051963
73	0.0896366
73.0667	0.0788254
73.1333	0.0692931
73.2	0.0749198
73.2667	0.0755559
73.3333	0.0844675
73.4	0.110223
73.4667	0.0770442
73.5333	0.0486639
73.6	0.0782415
73.6667	0.0727357
73.7333	0.0835186
73.8	0.090928
73.8667	0.0509564
73.9333	0.109132
74	0.0569618
74.0667	0.0826852
74.1333	0.0577128
74.2	0.0488056
74.2667	0.03761
74.3333	0.0449019
74.4	0.0388073
74.4667	0.0544209
74.5333	0.0509964
74.6	0.0410625
74.6667	0.0622819
74.7333	0.0540364
74.8	0.0519142
74.8667	0.0743709
74.9333	0.0424089
75	0.0528094
75.0667	0.113942
75.1333	0.079148
75.2	0.118341
75.2667	0.0645791
75.3333	0.0767551
75.4	0.138901
75.4667	0.0513492
75.5333	0.10061
75.6	0.108526
75.6667	0.0670818
75.7333	0.163352
75.8	0.161104
75.8667	0.120826
75.9333	0.133837
76	0.112279
76.0667	0.0981061
76.1333	0.134505
76.2	0.0984824
76.2667	0.119111
76.3333	0.100374
76.4	0.10459
76.4667	0.134309
76.5333	0.152685
76.6	0.0950999
76.6667	0.0813693
76.7333	0.0914457
76.8	0.0377212
76.8667	0.0671324
76.9333	0.105622
77	0.0641655
77.0667	0.0483691
77.1333	0.0457434
77.2	0.0383849
77.2667	0.0484499
77.3333	0.0566503
77.4	0.0570485
77.4667	0.0618074
77.5333	0.10858
77.6	0.0995548
77.6667	0.0818435
77.7333	0.0679274
77.8	0.0483145
77.8667	0.0470031
77.9333	0.0270999
78	0.0507094
78.0667	0.0258402
78.1333	0.0740869
78.2	0.0561673
78.2667	0.0547299
78.3333	0.0486422
78.4	0.0990449
78.4667	0.0564894
78.5333	0.0269124
78.6	0.0584401
78.6667	0.0425509
78.7333	0.075174
78.8	0.097078
78.8667	0.0957199
78.9333	0.0309038
79	0.0587942
79.0667	0.065574
79.1333	0.0783443
79.2	0.0578171
79.2667	0.0577811
79.3333	0.0479057
79.4	0.060609
79.4667	0.0459916
79.5333	0.0518014
79.6	0.055249
79.6667	0.132381
79.7333	0.113628
79.8	0.0708987
79.8667	0.0668914
79.9333	0.123261
80	0.0932115
80.0667	0.0613016
80.1333	0.0801239
80.2	0.0693906
80.2667	0.0709161
80.3333	0.0639367
80.4	0.0612729
80.4667	0.0874419
80.5333	0.0733714
80.6	0.0790026
80.6667	0.0506479
80.7333	0.0841831
80.8	0.100375
80.8667	0.0708128
80.9333	0.0893999
81	0.103649
81.0667	0.0576424
81.1333	0.054941
81.2	0.0792862
81.2667	0.0739973
81.3333	0.0805021
81.4	0.0802893
81.4667	0.0831084
81.5333	0.0822275
81.6	0.0731383
81.6667	0.0740924
81.7333	0.0869574
81.8	0.0788659
81.8667	0.0674737
81.9333	0.0633005
82	0.0438948
82.0667	0.0687153
82.1333	0.0415419
82.2	0.0378502
82.2667	0.0737757
82.3333	0.0786185
82.4	0.108524
82.4667	0.0654319
82.5333	0.0767466
82.6	0.0779418
82.6667	0.0829777
82.7333	0.0906499
82.8	0.0866217
82.8667	0.0814876
82.9333	0.0626692
83	0.0781061
83.0667	0.0703227
83.1333	0.0778026
83.2	0.0826449
83.2667	0.0504546
83.3333	0.074174
83.4	0.0661274
83.4667	0.0594445
83.5333	0.0642535
83.6	0.13213
83.6667	0.0674487
83.7333	0.071305
83.8	0.060636
83.8667	0.07559
83.9333	0.0543135
84	0.126449
84.0667	0.0638422
84.1333	0.0758784
84.2	0.0589563
84.2667	0.16746
84.3333	0.0701075
84.4	0.122659
84.4667	0.0702149
84.5333	0.18941
84.6	0.0666176
84.6667	0.0789563
84.7333	0.100131
84.8	0.0966003
84.8667	0.0925124
84.9333	0.054034
85	0.10583
85.0667	0.0896187
85.1333	0.0911605
85.2	0.0735365
85.2667	0.116954
85.3333	0.0708622
85.4	0.0678877
85.4667	0.046773
85.5333	0.0396657
85.6	0.0396413
85.6667	0.0650733
85.7333	0.0351264
85.8	0.0599958
85.8667	0.0420852
85.9333	0.0643774
86	0.0783595
86.0667	0.0674054
86.1333	0.0545709
86.2	0.0666683
86.2667	0.0856672
86.3333	0.0603483
86.4	0.0610527
86.4667	0.0712036
86.5333	0.0901604
86.6	0.0712118
86.6667	0.0948264
86.7333	0.0823498
86.8	0.0675833
86.8667	0.0235495
86.9333	0.0695734
87	0.0446224
87.0667	0.0329626
87.1333	0.0421859
87.2	0.0603107
87.2667	0.0637604
87.3333	0.0808072
87.4	0.0672037
87.4667	0.0804398
87.5333	0.053093
87.6	0.0522371
87.6667	0.0755046
87.7333	0.0336626
87.8	0.0397711
87.8667	0.0532039
87.9333	0.0417979
88	0.0680459
88.0667	0.0761453
88.1333	0.0915121
88.2	0.0197668
88.2667	0.0822413
88.3333	0.0586732
88.4	0.0476076
88.4667	0.0766983
88.5333	0.0583838
88.6	0.0538679
88.6667	0.0602375
88.7333	0.0469921
88.8	0.055077
88.8667	0.0418276
88.9333	0.0647243
89	0.0653613
89.0667	0.0794754
89.1333	0.0575383
89.2	0.0853596
89.2667	0.0985214
89.3333	0.0360041
89.4	0.0687818
89.4667	0.0654896
89.5333	0.0323456
89.6	0.0401256
89.6667	0.126493
89.7333	0.0893723
89.8	0.0995162
89.8667	0.0497474
89.9333	0.0717335
90	0.0639711
90.0667	0.0690574
90.1333	0.0770044
90.2	0.066203
90.2667	0.0675439
90.3333	0.0512303
90.4	0.0561794
90.4667	0.0794396
90.5333	0.0946608
90.6	0.0955947
90.6667	0.082232
90.7333	0.0523655
90.8	0.0513436
90.8667	0.106229
90.9333	0.0935952
91	0.0433018
91.0667	0.110112
91.1333	0.160616
91.2	0.108096
91.2667	0.0724106
91.3333	0.0718655
91.4	0.0612182
91.4667	0.0921758
91.5333	0.0789443
91.6	0.0585625
91.6667	0.0787388
91.7333	0.114438
91.8	0.0445078
91.8667	0.10018
91.9333	0.0595176
92	0.0648608
92.0667	0.070164
92.1333	0.0739116
92.2	0.0923414
92.2667	0.0760042
92.3333	0.0854715
92.4	0.079021
92.4667	0.0337057
92.5333	0.0324103
92.6	0.0336142
92.6667	0.0391092
92.7333	0.0637371
92.8	0.0705131
92.8667	0.0747679
92.9333	0.0791157
93	0.0843634
93.0667	0.0774687
93.1333	0.0745519
93.2	0.060993
93.2667	0.0953008
93.3333	0.0501559
93.4	0.0693565
93.4667	0.0790213
93.5333	0.120761
93.6	0.0903732
93.6667	0.0716257
93.7333	0.0965737
93.8	0.0637371
93.8667	0.0846728
93.9333	0.0883016
94	0.120183
94.0667	0.0736469
94.1333	0.0891396
94.2	0.0927869
94.2667	0.102083
94.3333	0.107643
94.4	0.0797472
94.4667	0.0816481
94.5333	0.0184954
94.6	0.0664028
94.6667	0.0718951
94.7333	0.0965295
94.8	0.0560805
94.8667	0.0765808
94.9333	0.059299
95	0.060486
95.0667	0.0673416
95.1333	0.118431
95.2	0.0504597
95.2667	0.0692947
95.3333	0.0709025
95.4	0.0913737
95.4667	0.0660527
95.5333	0.060178
95.6	0.0973646
95.6667	0.0565725
95.7333	0.0985816
95.8	0.0864072
95.8667	0.0935972
95.9333	0.0869896
96	0.108148
96.0667	0.104345
96.1333	0.0931117
96.2	0.111171
96.2667	0.10276
96.3333	0.128942
96.4	0.14526
96.4667	0.116609
96.5333	0.0982016
96.6	0.0872716
96.6667	0.0856252
96.7333	0.124561
96.8	0.136637
96.8667	0.0598421
96.9333	0.102884
97	0.135785
97.0667	0.119676
97.1333	0.105078
97.2	0.131773
97.2667	0.118605
97.3333	0.189629
97.4	0.132011
97.4667	0.165274
97.5333	0.152965
97.6	0.142947
97.6667	0.130057
97.7333	0.149881
97.8	0.212485
97.8667	0.11209
97.9333	0.1513
98	0.188845
98.0667	0.120916
98.1333	0.188787
98.2	0.178802
98.2667	0.145939
98.3333	0.145453
98.4	0.184692
98.4667	0.173835
98.5333	0.186577
98.6	0.267357
98.6667	0.139184
98.7333	0.180323
98.8	0.202231
98.8667	0.150993
98.9333	0.211793
99	0.200373
99.0667	0.13051
99.1333	0.242706
99.2	0.215347
99.2667	0.149493
99.3333	0.194783
99.4	0.177654
99.4667	0.13293
99.5333	0.221758
99.6	0.197675
99.6667	0.160627
99.7333	0.30889
99.8	0.253028
99.8667	0.15996
99.9333	0.227656
100	0.232745
100.067	0.142841
100.133	0.331254
100.2	0.284691
100.267	0.15732
100.333	0.341783
100.4	0.308925
100.467	0.160355
100.533	0.228583
100.6	0.239305
100.667	0.226471
100.733	0.207942
100.8	0.282584
100.867	0.152197
100.933	0.212381
101	0.257657
101.067	0.156442
101.133	0.251975
101.2	0.23423
101.267	0.169401
101.333	0.234003
101.4	0.287263
101.467	0.157655
101.533	0.223982
101.6	0.274272
101.667	0.185156
101.733	0.198303
101.8	0.30402
101.867	0.15371
101.933	0.330759
102	0.335225
102.067	0.171906
102.133	0.244924
102.2	0.291461
102.267	0.166923
102.333	0.337604
102.4	0.262238
102.467	0.205088
102.533	0.319996
102.6	0.289763
102.667	0.200831
102.733	0.239969
102.8	0.305663
102.867	0.211159
102.933	0.323754
103	0.299343
103.067	0.186515
103.133	0.318193
103.2	0.367374
103.267	0.203249
103.333	0.340955
103.4	0.328499
103.467	0.225382
103.533	0.299051
103.6	0.3548
103.667	0.193521
103.733	0.318521
103.8	0.341071
103.867	0.215505
103.933	0.271102
104	0.285161
104.067	0.171862
104.133	0.3084
104.2	0.298627
104.267	0.171479
104.333	0.295434
104.4	0.345089
104.467	0.142951
104.533	0.286185
104.6	0.31395
104.667	0.206206
104.733	0.331064
104.8	0.316815
104.867	0.201477
104.933	0.4084
105	0.446515
105.067	0.200604
105.133	0.357465
105.2	0.381943
105.267	0.202021
105.333	0.420455
105.4	0.331911
105.467	0.205593
105.533	0.409051
105.6	0.393406
105.667	0.215398
105.733	0.339607
105.8	0.353965
105.867	0.21365
105.933	0.406756
106	0.451966
106.067	0.237002
106.133	0.384057
106.2	0.456517
106.267	0.294996
106.333	0.472648
106.4	0.471066
106.467	0.204008
106.533	0.508108
106.6	0.444806
106.667	0.269373
106.733	0.366771
106.8	0.405897
106.867	0.215428
106.933	0.412963
107	0.437465
107.067	0.24733
107.133	0.352685
107.2	0.421287
107.267	0.243774
107.333	0.385765
107.4	0.497655
107.467	0.219057
107.533	0.468353
107.6	0.456115
107.667	0.27003
107.733	0.378033
107.8	0.399571
107.867	0.255359
107.933	0.439259
108	0.403026
108.067	0.26228
108.133	0.505456
108.2	0.497245
108.267	0.249558
108.333	0.443814
108.4	0.54919
108.467	0.303588
108.533	0.512838
108.6	0.406276
108.667	0.255197
108.733	0.408269
108.8	0.509887
108.867	0.233435
108.933	0.401425
109	0.440097
109.067	0.253174
109.133	0.433553
109.2	0.500034
109.267	0.231258
109.333	0.418822
109.4	0.414021
109.467	0.21934
109.533	0.516676
109.6	0.575965
109.667	0.295842
109.733	0.533157
109.8	0.475551
109.867	0.235902
109.933	0.376802
110	0.453536
110.067	0.184237
110.133	0.397709
110.2	0.314795
110.267	0.226637
110.333	0.4159
110.4	0.421197
110.467	0.28205
110.533	0.450214
110.6	0.422479
110.667	0.197512
110.733	0.404517
110.8	0.412232
110.867	0.164458
110.933	0.38211
111	0.356082
111.067	0.212501
111.133	0.4014
111.2	0.375207
111.267	0.201509
111.333	0.323716
111.4	0.399764
111.467	0.241052
111.533	0.302456
111.6	0.436588
111.667	0.200619
111.733	0.403835
111.8	0.375047
111.867	0.237725
111.933	0.415164
112	0.348132
112.067	0.22451
112.133	0.424049
112.2	0.36749
112.267	0.19747
112.333	0.423822
112.4	0.445629
112.467	0.249677
112.533	0.448314
112.6	0.42916
112.667	0.266621
112.733	0.469679
112.8	0.434987
112.867	0.246166
112.933	0.400474
113	0.376431
113.067	0.235697
113.133	0.466645
113.2	0.386878
113.267	0.224704
113.333	0.5228
113.4	0.498704
113.467	0.244262
113.533	0.475818
113.6	0.385156
113.667	0.266827
113.733	0.427285
113.8	0.457319
113.867	0.269819
113.933	0.457774
114	0.440212
114.067	0.280316
114.133	0.465818
114.2	0.465381
114.267	0.231902
114.333	0.46618
114.4	0.435731
114.467	0.227677
114.533	0.398977
114.6	0.536738
114.667	0.309773
114.733	0.552153
114.8	0.528314
114.867	0.284497
114.933	0.507093
115	0.528183
115.067	0.307903
115.133	0.489778
115.2	0.582234
115.267	0.291051
115.333	0.565222
115.4	0.477748
115.467	0.413382
115.533	0.57063
115.6	0.562909
115.667	0.306992
115.733	0.509625
115.8	0.531664
115.867	0.323526
115.933	0.456835
116	0.450498
116.067	0.260698
116.133	0.425417
116.2	0.418246
116.267	0.241928
116.333	0.518499
116.4	0.396702
116.467	0.229013
116.533	0.420178
116.6	0.451375
116.667	0.210647
116.733	0.393162
116.8	0.385456
116.867	0.191631
116.933	0.347994
117	0.402045
117.067	0.251125
117.133	0.396978
117.2	0.34966
117.267	0.304641
117.333	0.363993
117.4	0.357778
117.467	0.161959
117.533	0.369809
117.6	0.296583
117.667	0.182843
117.733	0.432573
117.8	0.41663
117.867	0.154132
117.933	0.572031
118	0.330609
118.067	0.152588
118.133	0.339705
118.2	0.353744
118.267	0.18957
118.333	0.376854
118.4	0.431919
118.467	0.178677
118.533	0.336114
118.6	0.382349
118.667	0.204248
118.733	0.310455
118.8	0.419274
118.867	0.261479
118.933	0.389745
119	0.360044
119.067	0.2138
119.133	0.303379
119.2	0.304791
119.267	0.209249
119.333	0.380275
119.4	0.387116
119.467	0.176849
119.533	0.357483
119.6	0.364389
119.667	0.297997
119.733	0.367898
119.8	0.354157
119.867	0.184435
119.933	0.3759
120	0.27856
120.067	0.229036
120.133	0.350853
120.2	0.358534
120.267	0.155515
120.333	0.33926
120.4	0.28769
120.467	0.230651
120.533	0.328709
120.6	0.370641
120.667	0.29348
120.733	0.298305
120.8	0.288462
120.867	0.233434
120.933	0.388212
121	0.461501
121.067	0.22318
121.133	0.289115
121.2	0.358579
121.267	0.248902
121.333	0.412512
121.4	0.439199
121.467	0.211841
121.533	0.426209
121.6	0.384787
121.667	0.178818
121.733	0.414352
121.8	0.385346
121.867	0.170433
121.933	0.32623
122	0.351709
122.067	0.197313
122.133	0.365753
122.2	0.339397
122.267	0.239445
122.333	0.478362
122.4	0.434849
122.467	0.20455
122.533	0.434902
122.6	0.350711
122.667	0.186664
122.733	0.3165
122.8	0.301962
122.867	0.212788
122.933	0.290529
123	0.297206
123.067	0.211441
123.133	0.294875
123.2	0.358903
123.267	0.208492
123.333	0.319546
123.4	0.301243
123.467	0.20632
123.533	0.291977
123.6	0.341852
123.667	0.225196
123.733	0.387466
123.8	0.295294
123.867	0.160814
123.933	0.254942
124	0.296979
124.067	0.148402
124.133	0.228078
124.2	0.260977
124.267	0.207071
124.333	0.404991
124.4	0.332991
124.467	0.206811
124.533	0.321108
124.6	0.315593
124.667	0.214749
124.733	0.401283
124.8	0.390898
124.867	0.223798
124.933	0.377367
125	0.547107
125.067	0.265103
125.133	0.477437
125.2	0.388439
125.267	0.241901
125.333	0.450123
125.4	0.47851
125.467	0.208841
125.533	0.453843
125.6	0.511977
125.667	0.258519
125.733	0.420174
125.8	0.447878
125.867	0.302475
125.933	0.572643
126	0.545553
126.067	0.2704
126.133	0.441534
126.2	0.722888
126.267	0.420646
126.333	0.515683
126.4	0.71781
126.467	0.489599
126.533	0.594961
126.6	0.427729
126.667	0.336478
126.733	0.519048
126.8	0.508465
126.867	0.371789
126.933	0.622399
127	0.767758
127.067	0.389712
127.133	0.544948
127.2	0.997122
127.267	0.503905
127.333	0.673086
127.4	0.781686
127.467	0.515797
127.533	0.536699
127.6	0.641592
127.667	0.311947
127.733	0.516714
127.8	0.516148
127.867	0.283749
127.933	0.593533
128	0.406703
128.067	0.304382
128.133	0.550527
128.2	0.551365
128.267	0.389495
128.333	0.555407
128.4	0.459461
128.467	0.242681
128.533	0.477836
128.6	0.325702
128.667	0.174074
128.733	0.354921
128.8	0.454655
128.867	0.32289
128.933	0.45421
129	0.289766
129.067	0.204542
129.133	0.271869
129.2	0.267951
129.267	0.174984
129.333	0.254947
129.4	0.25913
129.467	0.121925
129.533	0.259767
129.6	0.252294
129.667	0.109806
129.733	0.288941
129.8	0.243954
129.867	0.133582
129.933	0.316669
130	0.144168
130.067	0.110042
130.133	0.256928
130.2	0.21614
130.267	0.172097
130.333	0.222724
130.4	0.265819
130.467	0.0708558
130.533	0.152659
130.6	0.117282
130.667	0.160737
130.733	0.212517
130.8	0.168578
130.867	0.107713
130.933	0.142927
131	0.115622
131.067	0.0669431
131.133	0.103725
131.2	0.112651
131.267	0.115217
131.333	0.10978
131.4	0.101095
131.467	0.0874504
131.533	0.0662636
131.6	0.0468848
131.667	0.0504374
131.733	0.0409673
131.8	0.0689384
131.867	0.0572806
131.933	0.0799815
132	0.0715597
132.067	0.044036
132.133	0.0759207
132.2	0.0639607
132.267	0.0893837
132.333	0.0829825
132.4	0.130339
132.467	0.11542
132.533	0.0605018
132.6	0.0812901
132.667	0.0742342
132.733	0.0703283
132.8	0.0546871
132.867	0.0409611
132.933	0.0920872
133	0.0896592
133.067	0.0938905
133.133	0.171875
133.2	0.0748345
133.267	0.145977
133.333	0.0905282
133.4	0.126454
133.467	0.161999
133.533	0.158965
133.6	0.144674
133.667	0.101249
133.733	0.291598
133.8	0.237565
133.867	0.0947013
133.933	0.217409
134	0.166017
134.067	0.236487
134.133	0.311619
134.2	0.253141
134.267	0.174495
134.333	0.306482
134.4	0.33925
134.467	0.2694
134.533	0.398697
134.6	0.31124
134.667	0.339733
134.733	0.646803
134.8	0.447886
134.867	0.384023
134.933	0.44202
135	0.725276
135.067	0.393662
135.133	0.412666
135.2	0.531866
135.267	0.338859
135.333	0.584007
135.4	0.536467
135.467	0.382731
135.533	0.598762
135.6	0.460502
135.667	0.369656
135.733	0.448793
135.8	0.455123
135.867	0.439921
135.933	0.539743
136	0.521375
136.067	0.283659
136.133	0.426313
136.2	0.458423
136.267	0.324626
136.333	0.272315
136.4	0.478579
136.467	0.301436
136.533	0.350945
136.6	0.303471
136.667	0.202119
136.733	0.273334
136.8	0.350164
136.867	0.152576
136.933	0.253667
137	0.261266
137.067	0.178278
137.133	0.258311
137.2	0.19046
137.267	0.161488
137.333	0.240924
137.4	0.296178
137.467	0.167654
137.533	0.180673
137.6	0.210092
137.667	0.127983
137.733	0.167309
137.8	0.179686
137.867	0.135278
137.933	0.0885928
138	0.129274
138.067	0.122472
138.133	0.226563
138.2	0.148475
138.267	0.113455
138.333	0.100153
138.4	0.0465361
138.467	0.0366686
138.533	0.0298001
138.6	0.0307834
138.667	0.130936
138.733	0.0409219
138.8	0.061729
138.867	0.0679587
138.933	0.0967106
139	0.0930998
139.067	0.0977184
139.133	0.0692498
139.2	0.0948189
139.267	0.0937358
139.333	0.0684032
139.4	0.0747513
139.467	0.0570043
139.533	0.037142
139.6	0.0813237
139.667	0.0417322
139.733	0.07285
139.8	0.122062
139.867	0.0950784
139.933	0.154612
140	0.0944234
140.067	0.101471
140.133	0.153698
140.2	0.114411
140.267	0.0919192
140.333	0.107014
140.4	0.166312
140.467	0.11824
140.533	0.126705
140.6	0.215211
140.667	0.126575
140.733	0.198087
140.8	0.217758
140.867	0.135626
140.933	0.249518
141	0.242867
141.067	0.186164
141.133	0.287633
141.2	0.369242
141.267	0.247187
141.333	0.26363
141.4	0.240048
141.467	0.142216
141.533	0.317584
141.6	0.346796
141.667	0.199415
141.733	0.362895
141.8	0.313837
141.867	0.173276
141.933	0.370704
142	0.372635
142.067	0.204642
142.133	0.407007
142.2	0.588353
142.267	0.275006
142.333	0.367701
142.4	0.434853
142.467	0.211672
142.533	0.377496
142.6	0.328956
142.667	0.193351
142.733	0.405437
142.8	0.416226
142.867	0.1936
142.933	0.406644
143	0.344466
143.067	0.228988
143.133	0.432023
143.2	0.396262
143.267	0.200115
143.333	0.44917
143.4	0.497706
143.467	0.227359
143.533	0.461741
143.6	0.348628
143.667	0.262522
143.733	0.422259
143.8	0.358556
143.867	0.198975
143.933	0.403691
144	0.313321
144.067	0.2342
144.133	0.383092
144.2	0.404076
144.267	0.21593
144.333	0.207841
144.4	0.293815
144.467	0.163246
144.533	0.194936
144.6	0.262584
144.667	0.20968
144.733	0.295574
144.8	0.216808
144.867	0.169347
144.933	0.265703
145	0.386414
145.067	0.170423
145.133	0.312536
145.2	0.229972
145.267	0.191932
145.333	0.325378
145.4	0.359394
145.467	0.202556
145.533	0.407358
145.6	0.349144
145.667	0.140195
145.733	0.230764
145.8	0.325308
145.867	0.154869
145.933	0.180624
146	0.301759
146.067	0.116762
146.133	0.231429
146.2	0.198695
146.267	0.116454
146.333	0.145075
146.4	0.159176
146.467	0.110338
146.533	0.122613
146.6	0.0703733
146.667	0.109994
146.733	0.0856238
146.8	0.103879
146.867	0.0975746
146.933	0.120525
147	0.0998613
147.067	0.105085
147.133	0.0645763
147.2	0.0540863
147.267	0.0388645
147.333	0.107317
147.4	0.105692
147.467	0.117531
147.533	0.16114
147.6	0.104264
147.667	0.100451
147.733	0.102294
147.8	0.125242
147.867	0.111701
147.933	0.127705
148	0.095419
148.067	0.0646781
148.133	0.100804
148.2	0.123747
148.267	0.124778
148.333	0.130561
148.4	0.12709
148.467	0.109246
148.533	0.117208
148.6	0.106216
148.667	0.131116
148.733	0.110092
148.8	0.101069
148.867	0.0671603
148.933	0.11055
149	0.10648
149.067	0.0967021
149.133	0.110453
149.2	0.082731
149.267	0.0951933
149.333	0.109268
149.4	0.0815439
149.467	0.0467393
149.533	0.0663828
149.6	0.0730381
149.667	0.139718
149.733	0.173285
149.8	0.0906997
149.867	0.105907
149.933	0.123331
150	0.0924204
150.067	0.111828
150.133	0.125283
150.2	0.135378
150.267	0.100498
150.333	0.133413
150.4	0.0935826
150.467	0.110701
150.533	0.068301
150.6	0.0659614
150.667	0.0767707
150.733	0.0754435
150.8	0.0867524
150.867	0.0702718
150.933	0.0904954
151	0.0880573
151.067	0.0903829
151.133	0.0958976
151.2	0.175151
151.267	0.172133
151.333	0.213078
151.4	0.151178
151.467	0.139334
151.533	0.121791
151.6	0.242635
151.667	0.132509
151.733	0.242095
151.8	0.323839
151.867	0.0956434
151.933	0.208202
152	0.21694
152.067	0.138703
152.133	0.241906
152.2	0.161826
152.267	0.164896
152.333	0.231549
152.4	0.144404
152.467	0.103885
152.533	0.127613
152.6	0.114131
152.667	0.0813171
152.733	0.189569
152.8	0.208688
152.867	0.12599
152.933	0.305099
153	0.313997
153.067	0.129317
153.133	0.179469
153.2	0.139081
153.267	0.195104
153.333	0.178227
153.4	0.205202
153.467	0.157881
153.533	0.196358
153.6	0.33062
153.667	0.203637
153.733	0.239177
153.8	0.267664
153.867	0.16537
153.933	0.253463
154	0.299806
154.067	0.160931
154.133	0.170405
154.2	0.160054
154.267	0.213354
154.333	0.190718
154.4	0.323371
154.467	0.152681
154.533	0.157369
154.6	0.153988
154.667	0.131214
154.733	0.16581
154.8	0.24938
154.867	0.195456
154.933	0.23987
155	0.149204
155.067	0.140842
155.133	0.262321
155.2	0.182812
155.267	0.18225
155.333	0.17932
155.4	0.216918
155.467	0.154454
155.533	0.191189
155.6	0.290563
155.667	0.114636
155.733	0.188223
155.8	0.138424
155.867	0.132479
155.933	0.149898
156	0.224162
156.067	0.110368
156.133	0.218531
156.2	0.18109
156.267	0.107927
156.333	0.162167
156.4	0.186487
156.467	0.135211
156.533	0.176095
156.6	0.15021
156.667	0.10066
156.733	0.117951
156.8	0.1679
156.867	0.101662
156.933	0.139505
157	0.0717261
157.067	0.144942
157.133	0.117863
157.2	0.090021
157.267	0.0755565
157.333	0.127644
157.4	0.0865646
157.467	0.105877
157.533	0.200797
157.6	0.176804
157.667	0.177784
157.733	0.0822118
157.8	0.105785
157.867	0.117213
157.933	0.0898023
158	0.164254
158.067	0.106689
158.133	0.0964207
158.2	0.130438
158.267	0.123641
158.333	0.149577
158.4	0.159877
158.467	0.154738
158.533	0.0858127
158.6	0.152544
158.667	0.109211
158.733	0.128197
158.8	0.149748
158.867	0.164899
158.933	0.213963
159	0.251994
159.067	0.193238
159.133	0.287729
159.2	0.186815
159.267	0.172612
159.333	0.290896
159.4	0.292077
159.467	0.215957
159.533	0.125361
159.6	0.18087
159.667	0.151715
159.733	0.168286
159.8	0.246305
159.867	0.153237
159.933	0.159281
160	0.113601
160.067	0.116401
160.133	0.202806
160.2	0.211923
160.267	0.164304
160.333	0.279081
160.4	0.276605
160.467	0.159356
160.533	0.216536
160.6	0.260367
160.667	0.182825
160.733	0.253318
160.8	0.262503
160.867	0.164892
160.933	0.257699
161	0.261653
161.067	0.149527
161.133	0.197221
161.2	0.213268
161.267	0.0849396
161.333	0.159448
161.4	0.178332
161.467	0.102963
161.533	0.0767936
161.6	0.151018
161.667	0.138849
161.733	0.100416
161.8	0.15026
161.867	0.0864885
161.933	0.144013
162	0.147061
162.067	0.112709
162.133	0.178429
162.2	0.214241
162.267	0.181001
162.333	0.251526
162.4	0.14514
162.467	0.175683
162.533	0.263772
162.6	0.267276
162.667	0.130192
162.733	0.269038
162.8	0.212446
162.867	0.150223
162.933	0.253628
163	0.230942
163.067	0.125186
163.133	0.223835
163.2	0.2012
163.267	0.111306
163.333	0.159696
163.4	0.133262
163.467	0.106104
163.533	0.167285
163.6	0.137002
163.667	0.135603
163.733	0.163769
163.8	0.159102
163.867	0.0695024
163.933	0.105113
164	0.153545
164.067	0.0891562
164.133	0.0836133
164.2	0.165717
164.267	0.0988318
164.333	0.167021
164.4	0.183247
164.467	0.104826
164.533	0.144846
164.6	0.15233
164.667	0.139601
164.733	0.163442
164.8	0.117933
164.867	0.121004
164.933	0.113277
165	0.16546
165.067	0.163644
165.133	0.0973539
165.2	0.0867644
165.267	0.14037
165.333	0.147153
165.4	0.0978085
165.467	0.188822
165.533	0.220797
165.6	0.0946197
165.667	0.149472
165.733	0.298366
165.8	0.167993
165.867	0.146567
165.933	0.194144
166	0.100463
166.067	0.140686
166.133	0.204577
166.2	0.181219
166.267	0.148987
166.333	0.179023
166.4	0.155829
166.467	0.130455
166.533	0.142923
166.6	0.174382
166.667	0.142495
166.733	0.135177
166.8	0.193963
166.867	0.14566
166.933	0.169841
167	0.174597
167.067	0.190583
167.133	0.174727
167.2	0.196333
167.267	0.152848
167.333	0.167622
167.4	0.20468
167.467	0.100137
167.533	0.202906
167.6	0.303885
167.667	0.198508
167.733	0.257844
167.8	0.258361
167.867	0.164048
167.933	0.26125
168	0.267097
168.067	0.133149
168.133	0.237491
168.2	0.24264
168.267	0.183479
168.333	0.264376
168.4	0.230626
168.467	0.145452
168.533	0.234841
168.6	0.257431
168.667	0.220787
168.733	0.3109
168.8	0.292592
168.867	0.152166
168.933	0.207591
169	0.193753
169.067	0.118523
169.133	0.216224
169.2	0.22273
169.267	0.096736
169.333	0.192174
169.4	0.189548
169.467	0.123935
169.533	0.211626
169.6	0.207217
169.667	0.114663
169.733	0.193701
169.8	0.301849
169.867	0.107878
169.933	0.191635
170	0.169079
170.067	0.164656
170.133	0.19669
170.2	0.147625
170.267	0.172875
170.333	0.170451
170.4	0.237179
170.467	0.120381
170.533	0.184798
170.6	0.23331
170.667	0.123781
170.733	0.208548
170.8	0.140711
170.867	0.156197
170.933	0.138284
171	0.0906751
171.067	0.092034
171.133	0.163991
171.2	0.118424
171.267	0.0841422
171.333	0.100932
171.4	0.143956
171.467	0.188192
171.533	0.138653
171.6	0.201803
171.667	0.0719829
171.733	0.130676
171.8	0.112808
171.867	0.0905494
171.933	0.118613
172	0.0921621
172.067	0.0960961
172.133	0.0816937
172.2	0.138286
172.267	0.0778923
172.333	0.0796567
172.4	0.0755479
172.467	0.0920321
172.533	0.0555638
172.6	0.0559524
172.667	0.0697537
172.733	0.0874702
172.8	0.0440275
172.867	0.0579723
172.933	0.0825789
173	0.10701
173.067	0.124711
173.133	0.0848816
173.2	0.118998
173.267	0.0926426
173.333	0.110358
173.4	0.128851
173.467	0.099749
173.533	0.098608
173.6	0.119485
173.667	0.076126
173.733	0.0966996
173.8	0.0760319
173.867	0.0675802
173.933	0.0866504
174	0.0819739
174.067	0.0884391
174.133	0.158158
174.2	0.154291
174.267	0.0813611
174.333	0.0900924
174.4	0.101569
174.467	0.117918
174.533	0.156179
174.6	0.0366283
174.667	0.0403436
174.733	0.0799473
174.8	0.0855759
174.867	0.0731293
174.933	0.203648
175	0.190487
175.067	0.100655
175.133	0.163631
175.2	0.14146
175.267	0.119927
175.333	0.139346
175.4	0.177598
175.467	0.128582
175.533	0.310756
175.6	0.258944
175.667	0.187982
175.733	0.232717
175.8	0.238608
175.867	0.197541
175.933	0.310262
176	0.266922
176.067	0.123971
176.133	0.310162
176.2	0.344561
176.267	0.229683
176.333	0.342425
176.4	0.370792
176.467	0.230376
176.533	0.438619
176.6	0.49747
176.667	0.253352
176.733	0.504505
176.8	0.404802
176.867	0.263804
176.933	0.435551
177	0.425168
177.067	0.311547
177.133	0.411208
177.2	0.443608
177.267	0.298017
177.333	0.462724
177.4	0.470083
177.467	0.228865
177.533	0.45626
177.6	0.435335
177.667	0.282289
177.733	0.446623
177.8	0.281627
177.867	0.273094
177.933	0.421054
178	0.398612
178.067	0.174715
178.133	0.480657
178.2	0.40517
178.267	0.224106
178.333	0.378704
178.4	0.359252
178.467	0.236538
178.533	0.35902
178.6	0.292737
178.667	0.189213
178.733	0.222805
178.8	0.284248
178.867	0.189479
178.933	0.242216
179	0.325183
179.067	0.13597
179.133	0.269796
179.2	0.193777
179.267	0.18466
179.333	0.328111
179.4	0.189477
179.467	0.134897
179.533	0.157471
179.6	0.152599
179.667	0.143092
179.733	0.190779
179.8	0.174697
179.867	0.169887
179.933	0.23712
180	0.168547
180.067	0.145339
180.133	0.139144
180.2	0.150691
180.267	0.075002
180.333	0.154301
180.4	0.0892515
180.467	0.0615267
180.533	0.0941954
180.6	0.1164
180.667	0.0800206
180.733	0.123344
180.8	0.088918
180.867	0.0870459
180.933	0.144999
181	0.0837021
181.067	0.0941238
181.133	0.114003
181.2	0.0869689
181.267	0.0671908
181.333	0.0859648
181.4	0.0858866
181.467	0.093898
181.533	0.115296
181.6	0.118204
181.667	0.175471
181.733	0.109459
181.8	0.120906
181.867	0.164567
181.933	0.13238
182	0.351622
182.067	0.0876738
182.133	0.128401
182.2	0.150766
182.267	0.117371
182.333	0.118127
182.4	0.172105
182.467	0.136982
182.533	0.137775
182.6	0.187204
182.667	0.107756
182.733	0.141074
182.8	0.154852
182.867	0.14185
182.933	0.197373
183	0.108685
183.067	0.166919
183.133	0.176794
183.2	0.216684
183.267	0.138522
183.333	0.191799
183.4	0.218666
183.467	0.137889
183.533	0.180658
183.6	0.184011
183.667	0.120928
183.733	0.136041
183.8	0.181467
183.867	0.13545
183.933	0.230652
184	0.187429
184.067	0.143927
184.133	0.168189
184.2	0.186475
184.267	0.151406
184.333	0.141625
184.4	0.194958
184.467	0.103959
184.533	0.0803194
184.6	0.127355
184.667	0.113514
184.733	0.1408
184.8	0.141589
184.867	0.128166
184.933	0.143758
185	0.100615
185.067	0.0875802
185.133	0.102948
185.2	0.0904975
185.267	0.0880545
185.333	0.0741534
185.4	0.0726132
185.467	0.0551156
185.533	0.155931
185.6	0.0595795
185.667	0.0744616
185.733	0.0896553
185.8	0.114743
185.867	0.149303
185.933	0.155445
186	0.0979002
186.067	0.0577275
186.133	0.0554586
186.2	0.0858722
186.267	0.054825
186.333	0.0965474
186.4	0.11211
186.467	0.0680892
186.533	0.0589854
186.6	0.0724003
186.667	0.0610313
186.733	0.0932295
186.8	0.108216
186.867	0.0519308
186.933	0.0676145
187	0.0816224
187.067	0.0954135
187.133	0.0765992
187.2	0.0817937
187.267	0.0597897
187.333	0.0683681
187.4	0.0598102
187.467	0.0496384
187.533	0.0924374
187.6	0.0885828
187.667	0.0666006
187.733	0.0663347
187.8	0.0474122
187.867	0.0806579
187.933	0.0718539
188	0.0904278
188.067	0.121468
188.133	0.0472421
188.2	0.0806287
188.267	0.0784394
188.333	0.065804
188.4	0.111613
188.467	0.0610622
188.533	0.0615732
188.6	0.0509398
188.667	0.030622
188.733	0.0748895
188.8	0.0509761
188.867	0.0550652
188.933	0.0674923
189	0.0844656
189.067	0.0740126
189.133	0.139104
189.2	0.103872
189.267	0.0655335
189.333	0.0458913
189.4	0.098091
189.467	0.0581099
189.533	0.0999725
189.6	0.111041
189.667	0.0752379
189.733	0.0943764
189.8	0.0774364
189.867	0.0466678
189.933	0.0704784
190	0.139516
190.067	0.124783
190.133	0.137119
190.2	0.0799313
190.267	0.0581484
190.333	0.0429751
190.4	0.102172
190.467	0.0683696
190.533	0.103226
190.6	0.0894318
190.667	0.0918201
190.733	0.0714061
190.8	0.0415333
190.867	0.074297
190.933	0.0618817
191	0.114675
191.067	0.0797453
191.133	0.056225
191.2	0.0671573
191.267	0.088386
191.333	0.109746
191.4	0.0666808
191.467	0.108352
191.533	0.0594506
191.6	0.0715914
191.667	0.0433243
191.733	0.060868
191.8	0.0808062
191.867	0.0831666
191.933	0.0146693
192	0.108353
192.067	0.067423
192.133	0.125249
192.2	0.0993455
192.267	0.0917147
192.333	0.121825
192.4	0.141405
192.467	0.217183
192.533	0.23351
192.6	0.127037
192.667	0.102888
192.733	0.147397
192.8	0.131313
192.867	0.0641947
192.933	0.116299
193	0.161084
193.067	0.0673276
193.133	0.0860225
193.2	0.0897452
193.267	0.13937
193.333	0.0850138
193.4	0.143595
193.467	0.165881
193.533	0.15523
193.6	0.113842
193.667	0.0709346
193.733	0.112693
193.8	0.0867614
193.867	0.0822344
193.933	0.142084
194	0.122086
194.067	0.122711
194.133	0.135848
194.2	0.108118
194.267	0.122753
194.333	0.112718
194.4	0.159585
194.467	0.0898426
194.533	0.171349
194.6	0.12132
194.667	0.102846
194.733	0.151479
194.8	0.106318
194.867	0.12055
194.933	0.149326
195	0.159796
195.067	0.0726507
195.133	0.113952
195.2	0.101112
195.267	0.117918
195.333	0.068885
195.4	0.139259
195.467	0.116504
195.533	0.0734247
195.6	0.134445
195.667	0.0429539
195.733	0.0860468
195.8	0.0744573
195.867	0.111119
195.933	0.116369
196	0.0744072
196.067	0.0965749
196.133	0.106211
196.2	0.105776
196.267	0.0604531
196.333	0.121859
196.4	0.141987
196.467	0.0712653
196.533	0.147575
196.6	0.121938
196.667	0.124692
196.733	0.203215
196.8	0.182893
196.867	0.117729
196.933	0.196582
197	0.148066
197.067	0.13393
197.133	0.221289
197.2	0.160557
197.267	0.200263
197.333	0.246723
197.4	0.152522
197.467	0.119848
197.533	0.257177
197.6	0.169325
197.667	0.152011
197.733	0.178169
197.8	0.192386
197.867	0.130266
197.933	0.164487
198	0.0863564
198.067	0.08026
198.133	0.11828
198.2	0.111117
198.267	0.0930963
198.333	0.190812
198.4	0.187442
198.467	0.106127
198.533	0.161261
198.6	0.194755
198.667	0.09164
198.733	0.161338
198.8	0.165715
198.867	0.081741
198.933	0.125659
199	0.15528
199.067	0.163107
199.133	0.164881
199.2	0.25106
199.267	0.131687
199.333	0.184116
199.4	0.171859
199.467	0.0842761
199.533	0.165286
199.6	0.170659
199.667	0.164376
199.733	0.208769
199.8	0.160356
199.867	0.0732123
199.933	0.186616
200	0.180971
200.067	0.0661833
200.133	0.172267
200.2	0.196697
200.267	0.0651774
200.333	0.18602
200.4	0.160748
200.467	0.152395
200.533	0.220271
200.6	0.195888
200.667	0.108554
200.733	0.205718
200.8	0.153983
200.867	0.128875
200.933	0.221882
201	0.178778
201.067	0.139055
201.133	0.26071
201.2	0.177699
201.267	0.145149
201.333	0.15229
201.4	0.204994
201.467	0.199291
201.533	0.151642
201.6	0.188665
201.667	0.141443
201.733	0.156964
201.8	0.207698
201.867	0.184477
201.933	0.218627
202	0.167678
202.067	0.147779
202.133	0.220051
202.2	0.290737
202.267	0.18666
202.333	0.159954
202.4	0.168354
202.467	0.106687
202.533	0.185093
202.6	0.134753
202.667	0.139393
202.733	0.207159
202.8	0.118199
202.867	0.155794
202.933	0.196896
203	0.236001
203.067	0.280553
203.133	0.327466
203.2	0.178307
203.267	0.144341
203.333	0.154847
203.4	0.170892
203.467	0.14753
203.533	0.202297
203.6	0.248429
203.667	0.160368
203.733	0.13256
203.8	0.190993
203.867	0.137271
203.933	0.136164
204	0.159465
204.067	0.0960795
204.133	0.0906271
204.2	0.112595
204.267	0.0781202
204.333	0.167536
204.4	0.2008
204.467	0.129485
204.533	0.15326
204.6	0.2316
204.667	0.210779
204.733	0.202755
204.8	0.247263
204.867	0.1788
204.933	0.259186
205	0.14342
205.067	0.109527
205.133	0.13656
205.2	0.160593
205.267	0.0849258
205.333	0.0932712
205.4	0.214683
205.467	0.101124
205.533	0.191799
205.6	0.266962
205.667	0.14861
205.733	0.121605
205.8	0.180358
205.867	0.156277
205.933	0.197975
206	0.246872
206.067	0.142803
206.133	0.168284
206.2	0.230168
206.267	0.188933
206.333	0.192
206.4	0.192613
206.467	0.153524
206.533	0.184977
206.6	0.197994
206.667	0.152021
206.733	0.16691
206.8	0.168676
206.867	0.156581
206.933	0.158033
207	0.128595
207.067	0.15098
207.133	0.100737
207.2	0.148229
207.267	0.0927757
207.333	0.117772
207.4	0.15979
207.467	0.0774959
207.533	0.123564
207.6	0.114858
207.667	0.111226
207.733	0.112532
207.8	0.119738
207.867	0.0771567
207.933	0.113311
208	0.215257
208.067	0.115586
208.133	0.113343
208.2	0.0859453
208.267	0.177967
208.333	0.0712223
208.4	0.130666
208.467	0.0959749
208.533	0.163501
208.6	0.116333
208.667	0.128478
208.733	0.0943176
208.8	0.110708
208.867	0.126846
208.933	0.11843
209	0.10797
209.067	0.070241
209.133	0.140102
209.2	0.129668
209.267	0.135814
209.333	0.118152
209.4	0.132521
209.467	0.123252
209.533	0.139085
209.6	0.142586
209.667	0.0924969
209.733	0.136672
209.8	0.1142
209.867	0.100252
209.933	0.168549
210	0.0786898
210.067	0.102865
210.133	0.137452
210.2	0.122384
210.267	0.0665797
210.333	0.0996565
210.4	0.128713
210.467	0.108399
210.533	0.0812978
210.6	0.133325
210.667	0.0906509
210.733	0.0594714
210.8	0.138935
210.867	0.135762
210.933	0.155846
211	0.156895
211.067	0.0617166
211.133	0.123125
211.2	0.0542785
211.267	0.074262
211.333	0.0844831
211.4	0.111181
211.467	0.125874
211.533	0.0760433
211.6	0.149468
211.667	0.0793217
211.733	0.112925
211.8	0.102252
211.867	0.106687
211.933	0.107357
212	0.0704618
212.067	0.0712892
212.133	0.143909
212.2	0.100551
212.267	0.0595649
212.333	0.0950626
212.4	0.079035
212.467	0.0993833
212.533	0.118743
212.6	0.116397
212.667	0.0846999
212.733	0.0952604
212.8	0.0981047
212.867	0.156475
212.933	0.118671
213	0.0873477
213.067	0.108831
213.133	0.112271
213.2	0.161456
213.267	0.0848629
213.333	0.105867
213.4	0.0990794
213.467	0.162898
213.533	0.110539
213.6	0.154997
213.667	0.104442
213.733	0.0859403
213.8	0.11529
213.867	0.143632
213.933	0.109917
214	0.0963292
214.067	0.124324
214.133	0.175305
214.2	0.127512
214.267	0.107118
214.333	0.0919698
214.4	0.0814227
214.467	0.144502
214.533	0.110965
214.6	0.125188
214.667	0.0839406
214.733	0.122732
214.8	0.090123
214.867	0.0910777
214.933	0.145544
215	0.079162
215.067	0.0924659
215.133	0.0828139
215.2	0.162034
215.267	0.0990043
215.333	0.117488
215.4	0.135441
215.467	0.0869305
215.533	0.16672
215.6	0.0756292
215.667	0.133977
215.733	0.139979
215.8	0.104607
215.867	0.117577
215.933	0.198202
216	0.069009
216.067	0.163157
216.133	0.091806
216.2	0.0713605
216.267	0.133462
216.333	0.169193
216.4	0.158754
216.467	0.120989
216.533	0.12347
216.6	0.100461
216.667	0.0818634
216.733	0.10658
216.8	0.0746288
216.867	0.1188
216.933	0.0931778
217	0.0854027
217.067	0.15425
217.133	0.133452
217.2	0.0809253
217.267	0.122905
217.333	0.129676
217.4	0.091455
217.467	0.159051
217.533	0.0805934
217.6	0.0929935
217.667	0.139465
217.733	0.125763
217.8	0.125598
217.867	0.102511
217.933	0.074905
218	0.151438
218.067	0.14416
218.133	0.0845246
218.2	0.0484477
218.267	0.0935982
218.333	0.0984988
218.4	0.116866
218.467	0.0800557
218.533	0.136463
218.6	0.0922015
218.667	0.0819748
218.733	0.0935506
218.8	0.0615843
218.867	0.0938915
218.933	0.0648974
219	0.067023
219.067	0.0901287
219.133	0.0992665
219.2	0.0745084
219.267	0.0962867
219.333	0.119772
219.4	0.120821
219.467	0.0769294
219.533	0.211118
219.6	0.135998
219.667	0.106562
219.733	0.0986244
219.8	0.125432
219.867	0.131337
219.933	0.156566
220	0.112921
220.067	0.0639659
220.133	0.0896482
220.2	0.102313
220.267	0.0891549
220.333	0.13306
220.4	0.0854134
220.467	0.141707
220.533	0.0881558
220.6	0.0576701
220.667	0.110516
220.733	0.0772328
220.8	0.133126
220.867	0.116065
220.933	0.101816
221	0.105809
221.067	0.118881
221.133	0.0911106
221.2	0.168696
221.267	0.0621025
221.333	0.103229
221.4	0.124382
221.467	0.0826779
221.533	0.159606
221.6	0.112406
221.667	0.141816
221.733	0.0950359
221.8	0.110267
221.867	0.0881087
221.933	0.0728554
222	0.158401
222.067	0.138766
222.133	0.108028
222.2	0.133875
222.267	0.114521
222.333	0.12941
222.4	0.130154
222.467	0.0838503
222.533	0.0432687
222.6	0.134624
222.667	0.0685538
222.733	0.138526
222.8	0.114691
222.867	0.205441
222.933	0.0951029
223	0.0871702
223.067	0.0810082
223.133	0.0667631
223.2	0.0628218
223.267	0.137271
223.333	0.14547
223.4	0.0760979
223.467	0.127912
223.533	0.0714739
223.6	0.0482561
223.667	0.0658853
223.733	0.0897412
223.8	0.0484008
223.867	0.0563213
223.933	0.0305118
224	0.0907948
224.067	0.0959256
224.133	0.0776481
224.2	0.101267
224.267	0.0438905
224.333	0.102687
224.4	0.126932
224.467	0.0619477
224.533	0.0920899
224.6	0.0859947
224.667	0.0612755
224.733	0.0746802
224.8	0.124331
224.867	0.0878397
224.933	0.128966
225	0.0974891
225.067	0.0973361
225.133	0.0563942
225.2	0.0671292
225.267	0.126152
225.333	0.0957069
225.4	0.0739488
225.467	0.0846718
225.533	0.0921951
225.6	0.0789141
225.667	0.0682975
225.733	0.0311294
225.8	0.0687447
225.867	0.134545
225.933	0.129625
226	0.0934888
226.067	0.104959
226.133	0.108865
226.2	0.049649
226.267	0.047261
226.333	0.0467373
226.4	0.119086
226.467	0.0854914
226.533	0.0872503
226.6	0.0524417
226.667	0.072099
226.733	0.046483
226.8	0.108953
226.867	0.121695
226.933	0.0627447
227	0.087142
227.067	0.0789083
227.133	0.0798537
227.2	0.085834
227.267	0.0628563
227.333	0.0642081
227.4	0.0489417
227.467	0.046448
227.533	0.041389
227.6	0.118219
227.667	0.0856372
227.733	0.130477
227.8	0.0167001
227.867	0.0674369
227.933	0.0706471
228	0.15485
228.067	0.0603629
228.133	0.0215849
228.2	0.101714
228.267	0.0987849
228.333	0.0617499
228.4	0.122244
228.467	0.0487045
228.533	0.0439905
228.6	0.0347825
228.667	0.107024
228.733	0.0541235
228.8	0.0399841
228.867	0.0978779
228.933	0.0777944
229	0.127268
229.067	0.0899881
229.133	0.0878501
229.2	0.1152
229.267	0.215868
229.333	0.0731534
229.4	0.160357
229.467	0.0928749
229.533	0.12548
229.6	0.137829
229.667	0.130867
229.733	0.115602
229.8	0.11558
229.867	0.0999835
229.933	0.0490067
230	0.0625608
230.067	0.0610025
230.133	0.0643795
230.2	0.0622657
230.267	0.11929
230.333	0.141116
230.4	0.0969641
230.467	0.107763
230.533	0.0696616
230.6	0.0440147
230.667	0.0164275
230.733	0.0408589
230.8	0.0663595
230.867	0.0602119
230.933	0.117076
231	0.115624
231.067	0.141643
231.133	0.148736
231.2	0.125151
231.267	0.0607977
231.333	0.0913247
231.4	0.128888
231.467	0.0998554
231.533	0.0586357
231.6	0.108053
231.667	0.0438353
231.733	0.106736
231.8	0.0505464
231.867	0.0630635
231.933	0.0662323
232	0.0778489
232.067	0.128248
232.133	0.082915
232.2	0.150384
232.267	0.0929705
232.333	0.0704985
232.4	0.108254
232.467	0.0928794
232.533	0.154827
232.6	0.0916635
232.667	0.0974521
232.733	0.0976838
232.8	0.0402217
232.867	0.102108
232.933	0.102285
233	0.072988
233.067	0.105864
233.133	0.0263303
233.2	0.10289
233.267	0.0355558
233.333	0.0429232
233.4	0.0908027
233.467	0.0690395
233.533	0.0774526
233.6	0.0692277
233.667	0.0638981
233.733	0.0310294
233.8	0.068575
233.867	0.0441359
233.933	0.0420115
234	0.0562899
234.067	0.0938086
234.133	0.0911584
234.2	0.0475641
234.267	0.0630267
234.333	0.092093
234.4	0.091589
234.467	0.106667
234.533	0.0700461
234.6	0.060565
234.667	0.0587213
234.733	0.0544675
234.8	0.0657202
234.867	0.174274
234.933	0.088566
235	0.0899041
235.067	0.0966927
235.133	0.0488704
235.2	0.099671
235.267	0.0868484
235.333	0.0702096
235.4	0.0948898
235.467	0.125284
235.533	0.0307734
235.6	0.0539687
235.667	0.104497
235.733	0.078996
235.8	0.0717251
235.867	0.0640652
235.933	0.0293004
236	0.0614673
236.067	0.106204
236.133	0.0202804
236.2	0.0680078
236.267	0.0342678
236.333	0.0810582
236.4	0.0834241
236.467	0.076246
236.533	0.093714
236.6	0.0617805
236.667	0.0450728
236.733	0.0349996
236.8	0.0203425
236.867	0.0502508
236.933	0.0634146
237	0.0111524
237.067	0.06519
237.133	0.0845221
237.2	0.071605
237.267	0.0407187
237.333	0.0676563
237.4	0.0874154
237.467	0.0924023
237.533	0.0789905
237.6	0.0840225
237.667	0.172557
237.733	0.171143
237.8	0.115731
237.867	0.0636767
237.933	0.169708
238	0.103418
238.067	0.071731
238.133	0.109345
238.2	0.112801
238.267	0.120325
238.333	0.0525701
238.4	0.106069
238.467	0.093935
238.533	0.0696088
238.6	0.0584697
238.667	0.103931
238.733	0.0422309
238.8	0.0366489
238.867	0.125827
238.933	0.064896
239	0.0851244
239.067	0.109178
239.133	0.147263
239.2	0.120072
239.267	0.0440282
239.333	0.0966062
239.4	0.0855943
239.467	0.104946
239.533	0.0641376
239.6	0.105704
239.667	0.165914
239.733	0.166109
239.8	0.0846669
239.867	0.123332
239.933	0.0893736
240	0.16614
240.067	0.0890731
240.133	0.129324
240.2	0.110264
240.267	0.134275
240.333	0.0741949
240.4	0.0707202
240.467	0.0909023
240.533	0.114912
240.6	0.0557513
240.667	0.059462
240.733	0.0783026
240.8	0.111434
240.867	0.0553932
240.933	0.0559354
241	0.0831661
241.067	0.0613216
241.133	0.0881312
241.2	0.110823
241.267	0.101564
241.333	0.0267429
241.4	0.114399
241.467	0.127219
241.533	0.0696435
241.6	0.129027
241.667	0.0899529
241.733	0.122535
241.8	0.0319201
241.867	0.0461117
241.933	0.0771842
242	0.0472573
242.067	0.0798613
242.133	0.0642469
242.2	0.0660785
242.267	0.0843138
242.333	0.128322
242.4	0.0674308
242.467	0.106763
242.533	0.0695251
242.6	0.0416081
242.667	0.0913618
242.733	0.156115
242.8	0.131111
242.867	0.0790434
242.933	0.0727061
243	0.0708608
243.067	0.114194
243.133	0.0805926
243.2	0.114299
243.267	0.0738039
243.333	0.0905958
243.4	0.0916966
243.467	0.109928
243.533	0.0737839
243.6	0.0629733
243.667	0.124594
243.733	0.085289
243.8	0.110724
243.867	0.113333
243.933	0.148296
244	0.108665
244.067	0.10956
244.133	0.0378753
244.2	0.0836493
244.267	0.0924363
244.333	0.11283
244.4	0.120394
244.467	0.0805465
244.533	0.0621615
244.6	0.133863
244.667	0.0843646
244.733	0.101514
244.8	0.114377
244.867	0.100905
244.933	0.0673513
245	0.0521626
245.067	0.128167
245.133	0.175618
245.2	0.068724
245.267	0.168603
245.333	0.131328
245.4	0.109941
245.467	0.0602763
245.533	0.101969
245.6	0.065172
245.667	0.0704031
245.733	0.190718
245.8	0.101063
245.867	0.0937566
245.933	0.0960541
246	0.130659
246.067	0.108046
246.133	0.142403
246.2	0.130432
246.267	0.148172
246.333	0.178148
246.4	0.163681
246.467	0.13325
246.533	0.131677
246.6	0.0963816
246.667	0.135301
246.733	0.093454
246.8	0.150458
246.867	0.0570853
246.933	0.117749
247	0.127178
247.067	0.0782916
247.133	0.115245
247.2	0.0913686
247.267	0.122911
247.333	0.116081
247.4	0.0834942
247.467	0.0457788
247.533	0.112548
247.6	0.13346
247.667	0.139815
247.733	0.151904
247.8	0.0921908
247.867	0.0814661
247.933	0.136967
248	0.111374
248.067	0.139235
248.133	0.138923
248.2	0.0922933
248.267	0.0929645
248.333	0.120376
248.4	0.0841021
248.467	0.0642974
248.533	0.117218
248.6	0.0858942
248.667	0.0745069
248.733	0.0753596
248.8	0.0850913
248.867	0.088998
248.933	0.0836647
249	0.0981223
249.067	0.088334
249.133	0.102565
249.2	0.0744004
249.267	0.115506
249.333	0.171514
249.4	0.0586487
249.467	0.191559
249.533	0.0606865
249.6	0.0591039
249.667	0.13806
249.733	0.1103
249.8	0.112767
249.867	0.0803073
249.933	0.0624236
250	0.13051
250.067	0.0680984
250.133	0.121154
250.2	0.107655
250.267	0.0859304
250.333	0.128108
250.4	0.0984774
250.467	0.0755297
250.533	0.0512591
250.6	0.109112
250.667	0.118292
250.733	0.0997913
250.8	0.10903
250.867	0.092217
250.933	0.0791027
251	0.127265
251.067	0.201016
251.133	0.125135
251.2	0.0952491
251.267	0.0493724
251.333	0.0924012
251.4	0.0926399
251.467	0.0716323
251.533	0.0420058
251.6	0.0736839
251.667	0.0450762
251.733	0.0538355
251.8	0.0526483
251.867	0.0498413
251.933	0.115941
252	0.14857
252.067	0.109464
252.133	0.0533986
252.2	0.0979807
252.267	0.0972263
252.333	0.0841834
252.4	0.0874746
252.467	0.0766342
252.533	0.0832623
252.6	0.101957
252.667	0.03359
252.733	0.0787248
252.8	0.051058
252.867	0.0617507
252.933	0.0439122
253	0.0754189
253.067	0.0584403
253.133	0.0490582
253.2	0.0366059
253.267	0.0446891
253.333	0.0697025
253.4	0.0785118
253.467	0.0985864
253.533	0.057037
253.6	0.0748659
253.667	0.0381526
253.733	0.0922314
253.8	0.0456116
253.867	0.090952
253.933	0.0358098
254	0.0725679
254.067	0.0437264
254.133	0.0764124
254.2	0.0758108
254.267	0.0507757
254.333	0.0386227
254.4	0.0684998
254.467	0.0684369
254.533	0.093176
254.6	0.0859642
254.667	0.0472874
254.733	0.0935382
254.8	0.117587
254.867	0.0823813
254.933	0.0420366
255	0.129585
255.067	0.0765666
255.133	0.086776
255.2	0.141614
255.267	0.100266
255.333	0.0636213
255.4	0.093226
255.467	0.114501
255.533	0.0805439
255.6	0.074005
255.667	0.067415
255.733	0.126456
255.8	0.102319
255.867	0.069321
255.933	0.0902434
256	0.107954
256.067	0.0958636
256.133	0.0823801
256.2	0.0926333
256.267	0.0928138
256.333	0.0559726
256.4	0.115963
256.467	0.0712395
256.533	0.106358
256.6	0.0785849
256.667	0.0616639
256.733	0.0587704
256.8	0.0849083
256.867	0.101796
256.933	0.0980848
257	0.0389875
257.067	0.120171
257.133	0.143925
257.2	0.105846
257.267	0.0536378
257.333	0.0369363
257.4	0.0929705
257.467	0.105269
257.533	0.0695792
257.6	0.0566189
257.667	0.106146
257.733	0.0532855
257.8	0.0910262
257.867	0.0567073
257.933	0.0748636
258	0.111594
258.067	0.0750559
258.133	0.0399608
258.2	0.0594594
258.267	0.0994294
258.333	0.106708
258.4	0.0727157
258.467	0.0867522
258.533	0.0866303
258.6	0.114008
258.667	0.129602
258.733	0.089365
258.8	0.10242
258.867	0.100666
258.933	0.0822767
259	0.114844
259.067	0.1371
259.133	0.0680589
259.2	0.0549146
259.267	0.0945295
259.333	0.123544
259.4	0.0751441
259.467	0.101174
259.533	0.065306
259.6	0.0934286
259.667	0.0847128
259.733	0.0392628
259.8	0.0565395
259.867	0.152744
259.933	0.0812837
260	0.108465
260.067	0.122286
260.133	0.143741
260.2	0.0349599
260.267	0.0559228
260.333	0.107126
260.4	0.131552
260.467	0.21474
260.533	0.0682679
260.6	0.0693082
260.667	0.118835
260.733	0.0644866
260.8	0.0565377
260.867	0.033502
260.933	0.136295
261	0.122511
261.067	0.0689278
261.133	0.0814389
261.2	0.0267859
261.267	0.0987763
261.333	0.0461525
261.4	0.0641458
261.467	0.0602509
261.533	0.103267
261.6	0.11797
261.667	0.0631825
261.733	0.0730852
261.8	0.0877167
261.867	0.0976126
261.933	0.12337
262	0.157787
262.067	0.195961
262.133	0.107441
262.2	0.0548507
262.267	0.0947802
262.333	0.0915345
262.4	0.0834481
262.467	0.0916102
262.533	0.0903149
262.6	0.0578584
262.667	0.07012
262.733	0.098895
262.8	0.109387
262.867	0.108211
262.933	0.0665349
263	0.0755691
263.067	0.0705351
263.133	0.0876153
263.2	0.0667269
263.267	0.0881768
263.333	0.018481
263.4	0.100525
263.467	0.0378798
263.533	0.0614297
263.6	0.0849217
263.667	0.0955007
263.733	0.0825828
263.8	0.122216
263.867	0.124845
263.933	0.0819707
264	0.0573598
264.067	0.107404
264.133	0.0465162
264.2	0.136067
264.267	0.151788
264.333	0.0838791
264.4	0.0020332
264.467	0.084466
264.533	0.0642138
264.6	0.0576893
264.667	0.053564
264.733	0.113842
264.8	0.0626733
264.867	0.0374676
264.933	0.0267595
265	0.0362613
265.067	0.042422
265.133	0.0745797
265.2	0.0270037
265.267	0.0558559
265.333	0.0501483
265.4	0.0608709
265.467	0.126742
265.533	0.135708
265.6	0.110056
265.667	0.114754
265.733	0.0639547
265.8	0.0926341
265.867	0.0850867
265.933	0.028372
266	0.0183889
266.067	0.0486477
266.133	0.0416227
266.2	0.0368164
266.267	0.0343202
266.333	0.0615439
266.4	0.0605984
266.467	0.104079
266.533	0.0886233
266.6	0.0802119
266.667	0.0663268
266.733	0.0479807
266.8	0.0672963
266.867	0.0927283
266.933	0.0757369
267	0.049289
267.067	0.0921867
267.133	0.0803385
267.2	0.101177
267.267	0.100074
267.333	0.0500937
267.4	0.0753396
267.467	0.0937144
267.533	0.0784373
267.6	0.0945721
267.667	0.0868147
267.733	0.0608976
267.8	0.083514
267.867	0.0289455
267.933	0.0694435
268	0.233177
268.067	0.119902
268.133	0.100205
268.2	0.0984339
268.267	0.139395
268.333	0.0482481
268.4	0.0767575
268.467	0.0644158
268.533	0.0828872
268.6	0.0664746
268.667	0.0691638
268.733	0.0502292
268.8	0.0949312
268.867	0.076903
268.933	0.0838061
269	0.0678234
269.067	0.0660874
269.133	0.0651168
269.2	0.0595045
269.267	0.102338
269.333	0.0945746
269.4	0.0426267
269.467	0.0201494
269.533	0.0529796
269.6	0.0892244
269.667	0.0688098
269.733	0.0646458
269.8	0.0265076
269.867	0.0418592
269.933	0.0712727
270	0.0325061
270.067	0.0563677
270.133	0.0450024
270.2	0.0605593
270.267	0.0624508
270.333	0.0551817
270.4	0.0361381
270.467	0.0918907
270.533	0.111588
270.6	0.0873471
270.667	0.0965043
270.733	0.0933114
270.8	0.0943592
270.867	0.0572136
270.933	0.0582912
271	0.0759634
271.067	0.0410643
271.133	0.0746338
271.2	0.0725667
271.267	0.106476
271.333	0.0744929
271.4	0.0760193
271.467	0.122719
271.533	0.0694502
271.6	0.0873488
271.667	0.0818585
271.733	0.0825782
271.8	0.0712061
271.867	0.0789772
271.933	0.0835305
272	0.06805
272.067	0.0935052
272.133	0.0564811
272.2	0.0465208
272.267	0.0610003
272.333	0.0741168
272.4	0.0335208
272.467	0.0539644
272.533	0.0615806
272.6	0.0898895
272.667	0.0451342
272.733	0.101259
272.8	0.0880936
272.867	0.0552915
272.933	0.0592017
273	0.09608
273.067	0.0420841
273.133	0.0560199
273.2	0.048412
273.267	0.0966569
273.333	0.0730556
273.4	0.0302802
273.467	0.0836644
273.533	0.0814663
273.6	0.0843499
273.667	0.0579505
273.733	0.0823314
273.8	0.0760392
273.867	0.0476245
273.933	0.0893736
274	0.0495845
274.067	0.0554725
274.133	0.101231
274.2	0.0733929
274.267	0.0749921
274.333	0.0597196
274.4	0.112531
274.467	0.0534777
274.533	0.0456322
274.6	0.105599
274.667	0.0262391
274.733	0.0842669
274.8	0.120705
274.867	0.0935205
274.933	0.10464
275	0.0732357
275.067	0.0815879
275.133	0.0864755
275.2	0.0655293
275.267	0.0696999
275.333	0.0805411
275.4	0.0685941
275.467	0.0491488
275.533	0.0967445
275.6	0.05979
275.667	0.0572302
275.733	0.0860413
275.8	0.0819581
275.867	0.0950491
275.933	0.0713198
276	0.0873657
276.067	0.0662044
276.133	0.0860675
276.2	0.103635
276.267	0.0749905
276.333	0.112392
276.4	0.167164
276.467	0.146748
276.533	0.0805189
276.6	0.0935148
276.667	0.139601
276.733	0.0851025
276.8	0.107273
276.867	0.111005
276.933	0.115336
277	0.14514
277.067	0.10348
277.133	0.0985574
277.2	0.14789
277.267	0.123556
277.333	0.155396
277.4	0.11403
277.467	0.102388
277.533	0.0930776
277.6	0.166602
277.667	0.111801
277.733	0.122971
277.8	0.0991902
277.867	0.0943205
277.933	0.131022
278	0.145375
278.067	0.162999
278.133	0.114226
278.2	0.121862
278.267	0.113402
278.333	0.0740148
278.4	0.141639
278.467	0.0806379
278.533	0.0814385
278.6	0.157344
278.667	0.0838521
278.733	0.103964
278.8	0.0933501
278.867	0.184214
278.933	0.104763
279	0.130732
279.067	0.129101
279.133	0.13029
279.2	0.110586
279.267	0.138353
279.333	0.0961373
279.4	0.0999584
279.467	0.142851
279.533	0.173768
279.6	0.176226
279.667	0.154328
279.733	0.127706
279.8	0.173151
279.867	0.176393
279.933	0.101028
280	0.168262
280.067	0.164708
280.133	0.10178
280.2	0.163601
280.267	0.11074
280.333	0.124669
280.4	0.178346
280.467	0.200309
280.533	0.159558
280.6	0.256464
280.667	0.214117
280.733	0.215716
280.8	0.202787
280.867	0.323328
280.933	0.158514
281	0.260738
281.067	0.189017
281.133	0.151286
281.2	0.228289
281.267	0.265156
281.333	0.172201
281.4	0.29045
281.467	0.262598
281.533	0.223283
281.6	0.230534
281.667	0.287777
281.733	0.16881
281.8	0.314295
281.867	0.328239
281.933	0.201357
282	0.290603
282.067	0.367819
282.133	0.197586
282.2	0.326847
282.267	0.275245
282.333	0.247833
282.4	0.354953
282.467	0.300302
282.533	0.180272
282.6	0.31543
282.667	0.334154
282.733	0.237936
282.8	0.292192
282.867	0.344774
282.933	0.214009
283	0.349541
283.067	0.36141
283.133	0.289967
283.2	0.367121
283.267	0.284801
283.333	0.190949
283.4	0.280004
283.467	0.345072
283.533	0.252992
283.6	0.314923
283.667	0.35524
283.733	0.221734
283.8	0.332468
283.867	0.333844
283.933	0.169468
284	0.353667
284.067	0.307296
284.133	0.155387
284.2	0.338872
284.267	0.328983
284.333	0.21366
284.4	0.327703
284.467	0.387382
284.533	0.27207
284.6	0.433494
284.667	0.645699
284.733	0.23047
284.8	0.487073
284.867	0.434079
284.933	0.227288
285	0.44442
285.067	0.46193
285.133	0.245636
285.2	0.538292
285.267	0.614192
285.333	0.267259
285.4	0.532487
285.467	0.531951
285.533	0.282807
285.6	0.454227
285.667	0.427407
285.733	0.254456
285.8	0.405214
285.867	0.465758
285.933	0.256182
286	0.475315
286.067	0.516113
286.133	0.244515
286.2	0.439436
286.267	0.402945
286.333	0.256065
286.4	0.464058
286.467	0.544559
286.533	0.266419
286.6	0.380789
286.667	0.449674
286.733	0.244578
286.8	0.428297
286.867	0.396749
286.933	0.244253
287	0.429967
287.067	0.4725
287.133	0.237944
287.2	0.420149
287.267	0.465851
287.333	0.232525
287.4	0.454877
287.467	0.43385
287.533	0.223179
287.6	0.428505
287.667	0.369489
287.733	0.238715
287.8	0.442235
287.867	0.544799
287.933	0.299944
288	0.47478
288.067	0.466238
288.133	0.227834
288.2	0.406672
288.267	0.326099
288.333	0.192568
288.4	0.41462
288.467	0.402089
288.533	0.236119
288.6	0.408529
288.667	0.428387
288.733	0.280788
288.8	0.505851
288.867	0.467324
288.933	0.248641
289	0.455263
289.067	0.409207
289.133	0.231484
289.2	0.430878
289.267	0.462764
289.333	0.246514
289.4	0.485948
289.467	0.482356
289.533	0.282295
289.6	0.463089
289.667	0.487104
289.733	0.21311
289.8	0.445621
289.867	0.415868
289.933	0.211074
290	0.401586
290.067	0.427111
290.133	0.186894
290.2	0.468749
290.267	0.39851
290.333	0.178095
290.4	0.440065
290.467	0.418425
290.533	0.225005
290.6	0.424576
290.667	0.438055
290.733	0.221243
290.8	0.392339
290.867	0.445778
290.933	0.175017
291	0.387598
291.067	0.415973
291.133	0.221816
291.2	0.408859
291.267	0.502983
291.333	0.221675
291.4	0.381444
291.467	0.397787
291.533	0.265195
291.6	0.423393
291.667	0.407481
291.733	0.284089
291.8	0.535907
291.867	0.427364
291.933	0.250664
292	0.490788
292.067	0.511877
292.133	0.271596
292.2	0.476807
292.267	0.526453
292.333	0.234925
292.4	0.432515
292.467	0.45243
292.533	0.26237
292.6	0.384567
292.667	0.388669
292.733	0.232814
292.8	0.462603
292.867	0.413955
292.933	0.199921
293	0.43831
293.067	0.436647
293.133	0.193099
293.2	0.373822
293.267	0.410808
293.333	0.241242
293.4	0.451532
293.467	0.398947
293.533	0.230809
293.6	0.389721
293.667	0.448544
293.733	0.208582
293.8	0.401077
293.867	0.398223
293.933	0.19187
294	0.383195
294.067	0.442863
294.133	0.20902
294.2	0.460728
294.267	0.421248
294.333	0.201567
294.4	0.485535
294.467	0.391307
294.533	0.262775
294.6	0.446081
294.667	0.507249
294.733	0.254409
294.8	0.46033
294.867	0.461546
294.933	0.226432
295	0.433426
295.067	0.400579
295.133	0.326651
295.2	0.532979
295.267	0.470092
295.333	0.281283
295.4	0.474969
295.467	0.450425
295.533	0.23575
295.6	0.472526
295.667	0.437117
295.733	0.251335
295.8	0.445104
295.867	0.448832
295.933	0.314393
296	0.5014
296.067	0.475792
296.133	0.249706
296.2	0.500398
296.267	0.547327
296.333	0.290546
296.4	0.44503
296.467	0.42188
296.533	0.273727
296.6	0.404633
296.667	0.385884
296.733	0.305159
296.8	0.445781
296.867	0.315445
296.933	0.21651
297	0.524035
297.067	0.492078
297.133	0.282846
297.2	0.568873
297.267	0.361545
297.333	0.305986
297.4	0.418884
297.467	0.476338
297.533	0.287956
297.6	0.563285
297.667	0.450867
297.733	0.278016
297.8	0.532729
297.867	0.585688
297.933	0.350177
298	0.507119
298.067	0.443615
298.133	0.347244
298.2	0.442108
298.267	0.560176
298.333	0.280802
298.4	0.483408
298.467	0.409682
298.533	0.35812
298.6	0.466574
298.667	0.713966
298.733	0.190267
298.8	0.550122
298.867	0.398931
298.933	0.2703
299	0.396506
299.067	0.798093
299.133	0.254315
299.2	0.387447
299.267	0.382978
299.333	0.280088
299.4	0.471716
299.467	0.563686
299.533	0.239037
299.6	0.410573
299.667	0.430192
299.733	0.245942
299.8	0.504376
299.867	0.517558
299.933	0.284394
300	0.49415
300.067	0.565253
300.133	0.294595
300.2	0.488809
300.267	0.53469
300.333	0.226029
300.4	0.502794
300.467	0.480945
300.533	0.209313
300.6	0.429295
300.667	0.552685
300.733	0.225247
300.8	0.448659
300.867	0.577609
300.933	0.320905
301	0.4538
301.067	0.49477
301.133	0.263251
301.2	0.476645
301.267	0.378062
301.333	0.283715
301.4	0.412728
301.467	0.497197
301.533	0.239811
301.6	0.41622
301.667	0.428578
301.733	0.239466
301.8	0.405285
301.867	0.436974
301.933	0.323089
302	0.420104
302.067	0.415863
302.133	0.262664
302.2	0.395038
302.267	0.413177
302.333	0.234385
302.4	0.391537
302.467	0.469343
302.533	0.286524
302.6	0.497312
302.667	0.428988
302.733	0.308416
302.8	0.459796
302.867	0.498211
302.933	0.258185
303	0.387863
303.067	0.360432
303.133	0.232077
303.2	0.426719
303.267	0.449271
303.333	0.280808
303.4	0.433053
303.467	0.380647
303.533	0.237142
303.6	0.34749
303.667	0.39652
303.733	0.216017
303.8	0.443465
303.867	0.450261
303.933	0.252211
304	0.422027
304.067	0.488808
304.133	0.259291
304.2	0.502955
304.267	0.511364
304.333	0.252223
304.4	0.476748
304.467	0.516521
304.533	0.249595
304.6	0.400993
304.667	0.487518
304.733	0.223913
304.8	0.450706
304.867	0.360669
304.933	0.225914
305	0.421168
305.067	0.465903
305.133	0.212468
305.2	0.466181
305.267	0.465968
305.333	0.269709
305.4	0.418597
305.467	0.441494
305.533	0.246796
305.6	0.441266
305.667	0.464766
305.733	0.286147
305.8	0.508944
305.867	0.372329
305.933	0.234102
306	0.405863
306.067	0.425344
306.133	0.191792
306.2	0.477868
306.267	0.44709
306.333	0.285982
306.4	0.468383
306.467	0.427945
306.533	0.238838
306.6	0.418058
306.667	0.42127
306.733	0.200683
306.8	0.364967
306.867	0.387998
306.933	0.227967
307	0.472655
307.067	0.400715
307.133	0.211139
307.2	0.391052
307.267	0.273027
307.333	0.256754
307.4	0.365468
307.467	0.356154
307.533	0.244995
307.6	0.303953
307.667	0.375402
307.733	0.197783
307.8	0.424122
307.867	0.421427
307.933	0.194858
308	0.350167
308.067	0.455079
308.133	0.227534
308.2	0.361413
308.267	0.414773
308.333	0.256036
308.4	0.420426
308.467	0.36358
308.533	0.270298
308.6	0.419614
308.667	0.417474
308.733	0.272107
308.8	0.467678
308.867	0.485945
308.933	0.227386
309	0.519259
309.067	0.318747
309.133	0.205514
309.2	0.40125
309.267	0.529938
309.333	0.262267
309.4	0.37189
309.467	0.380423
309.533	0.244127
309.6	0.367239
309.667	0.357729
309.733	0.178047
309.8	0.420148
309.867	0.414218
309.933	0.250125
310	0.412282
310.067	0.54458
310.133	0.247115
310.2	0.490262
310.267	0.600684
310.333	0.268744
310.4	0.511631
310.467	0.585867
310.533	0.261046
310.6	0.555923
310.667	0.518403
310.733	0.283473
310.8	0.423739
310.867	0.5194
310.933	0.277338
311	0.512302
311.067	0.512409
311.133	0.199247
311.2	0.46595
311.267	0.457932
311.333	0.276313
311.4	0.335666
311.467	0.379967
311.533	0.216761
311.6	0.351825
311.667	0.446815
311.733	0.294502
311.8	0.395988
311.867	0.43588
311.933	0.231515
312	0.485549
312.067	0.390445
312.133	0.252192
312.2	0.433122
312.267	0.424316
312.333	0.236565
312.4	0.329592
312.467	0.426686
312.533	0.195577
312.6	0.380642
312.667	0.426032
312.733	0.217412
312.8	0.426764
312.867	0.460955
312.933	0.208588
313	0.489671
313.067	0.466028
313.133	0.303168
313.2	0.446013
313.267	0.453106
313.333	0.293548
313.4	0.491644
313.467	0.503599
313.533	0.213497
313.6	0.352614
313.667	0.388551
313.733	0.240427
313.8	0.494269
313.867	0.470496
313.933	0.234192
314	0.443728
314.067	0.362585
314.133	0.237296
314.2	0.538082
314.267	0.464331
314.333	0.241001
314.4	0.432002
314.467	0.709999
314.533	0.299388
314.6	0.457923
314.667	0.454311
314.733	0.258579
314.8	0.512799
314.867	0.515159
314.933	0.269177
315	0.482848
315.067	0.456708
315.133	0.292103
315.2	0.558839
315.267	0.541318
315.333	0.320633
315.4	0.462562
315.467	0.47407
315.533	0.256534
315.6	0.506127
315.667	0.599333
315.733	0.287515
315.8	0.498624
315.867	0.438373
315.933	0.248417
316	0.445722
316.067	0.588096
316.133	0.277497
316.2	0.391195
316.267	0.429375
316.333	0.205613
316.4	0.376246
316.467	0.511508
316.533	0.256444
316.6	0.415189
316.667	0.395181
316.733	0.19212
316.8	0.404527
316.867	0.50989
316.933	0.202836
317	0.556883
317.067	0.441282
317.133	0.204464
317.2	0.418277
317.267	0.452209
317.333	0.179784
317.4	0.399591
317.467	0.361646
317.533	0.254106
317.6	0.359832
317.667	0.38383
317.733	0.159424
317.8	0.287484
317.867	0.228755
317.933	0.210014
318	0.261764
318.067	0.220417
318.133	0.197292
318.2	0.273121
318.267	0.211915
318.333	0.114941
318.4	0.244446
318.467	0.192571
318.533	0.13764
318.6	0.21834
318.667	0.202855
318.733	0.104339
318.8	0.159673
318.867	0.134742
318.933	0.164791
319	0.265964
319.067	0.258618
319.133	0.104062
319.2	0.132733
319.267	0.113189
319.333	0.109381
319.4	0.119159
319.467	0.0874156
319.533	0.0991108
319.6	0.115837
319.667	0.0750982
319.733	0.0749293
319.8	0.163409
319.867	0.0886167
319.933	0.0584522
320	0.094385
320.067	0.0770041
320.133	0.0702402
320.2	0.0665204
320.267	0.0972335
320.333	0.102082
320.4	0.0944857
320.467	0.137896
320.533	0.0985334
320.6	0.0994533
320.667	0.0728818
320.733	0.0792006
320.8	0.118183
320.867	0.141627
320.933	0.0929619
321	0.100409
321.067	0.0921236
321.133	0.0683271
321.2	0.086934
321.267	0.102662
321.333	0.128909
321.4	0.0883904
321.467	0.0871481
321.533	0.072616
321.6	0.0954162
321.667	0.115034
321.733	0.184704
321.8	0.124864
321.867	0.0976632
321.933	0.068586
322	0.117371
322.067	0.0704637
322.133	0.0894563
322.2	0.113492
322.267	0.0925099
322.333	0.127475
322.4	0.115354
322.467	0.123169
322.533	0.0988326
322.6	0.0649905
322.667	0.0839802
322.733	0.0832315
322.8	0.0921746
322.867	0.0758645
322.933	0.0823522
323	0.0856125
323.067	0.117385
323.133	0.094186
323.2	0.0805868
323.267	0.0755609
323.333	0.102246
323.4	0.0768851
323.467	0.0722054
323.533	0.0726248
323.6	0.123414
323.667	0.108664
323.733	0.0893652
323.8	0.0644393
323.867	0.0859205
323.933	0.146744
324	0.0911398
324.067	0.177455
324.133	0.136159
324.2	0.11601
324.267	0.129908
324.333	0.150212
324.4	0.097613
324.467	0.0934643
324.533	0.0998956
324.6	0.0860752
324.667	0.0780401
324.733	0.1302
324.8	0.105186
324.867	0.091629
324.933	0.0736795
325	0.108878
325.067	0.135706
325.133	0.116889
325.2	0.112061
325.267	0.10275
325.333	0.141124
325.4	0.110114
325.467	0.0672362
325.533	0.148411
325.6	0.132329
325.667	0.146978
325.733	0.0908929
325.8	0.0611484
325.867	0.11433
325.933	0.14685
326	0.108825
326.067	0.0818835
326.133	0.123309
326.2	0.0863999
326.267	0.136471
326.333	0.152493
326.4	0.1587
326.467	0.110654
326.533	0.106684
326.6	0.12787
326.667	0.0844004
326.733	0.198256
326.8	0.0916504
326.867	0.107381
326.933	0.0818218
327	0.0880833
327.067	0.0716386
327.133	0.111161
327.2	0.123745
327.267	0.146905
327.333	0.165281
327.4	0.148456
327.467	0.160251
327.533	0.105536
327.6	0.103655
327.667	0.0752925
327.733	0.199608
327.8	0.225765
327.867	0.129238
327.933	0.172131
328	0.283984
328.067	0.158449
328.133	0.231564
328.2	0.229161
328.267	0.16635
328.333	0.360994
328.4	0.327799
328.467	0.187608
328.533	0.430154
328.6	0.393801
328.667	0.22168
328.733	0.34617
328.8	0.36601
328.867	0.170642
328.933	0.279171
329	0.287328
329.067	0.211383
329.133	0.315821
329.2	0.337194
329.267	0.224854
329.333	0.253128
329.4	0.278522
329.467	0.222309
329.533	0.316382
329.6	0.399579
329.667	0.205399
329.733	0.426297
329.8	0.263198
329.867	0.198709
329.933	0.275102
330	0.198487
330.067	0.158918
330.133	0.247985
330.2	0.27885
330.267	0.149411
330.333	0.206111
330.4	0.195902
330.467	0.11152
330.533	0.246543
330.6	0.291827
330.667	0.167403
330.733	0.236966
330.8	0.202427
330.867	0.248901
330.933	0.130052
331	0.127103
331.067	0.161116
331.133	0.193967
331.2	0.162189
331.267	0.134108
331.333	0.160018
331.4	0.26506
331.467	0.130687
331.533	0.307462
331.6	0.173022
331.667	0.230154
331.733	0.339199
331.8	0.31138
331.867	0.145553
331.933	0.330614
332	0.242728
332.067	0.115659
332.133	0.277304
332.2	0.220614
332.267	0.185175
332.333	0.347581
332.4	0.196713
332.467	0.20671
332.533	0.142441
332.6	0.122719
332.667	0.180983
332.733	0.291191
332.8	0.194701
332.867	0.223813
332.933	0.287491
333	0.367303
333.067	0.170598
333.133	0.286182
333.2	0.162069
333.267	0.208036
333.333	0.265621
333.4	0.25088
333.467	0.154616
333.533	0.279598
333.6	0.241784
333.667	0.2111
333.733	0.183702
333.8	0.211456
333.867	0.177863
333.933	0.283194
334	0.374045
334.067	0.167482
334.133	0.18314
334.2	0.258303
334.267	0.140303
334.333	0.159076
334.4	0.175094
334.467	0.141061
334.533	0.194734
334.6	0.0868482
334.667	0.085305
334.733	0.267014
334.8	0.254364
334.867	0.125721
334.933	0.0660604
335	0.117875
335.067	0.0655635
335.133	0.124968
335.2	0.138557
335.267	0.115796
335.333	0.24844
335.4	0.214264
335.467	0.178349
335.533	0.210806
335.6	0.240834
335.667	0.132455
335.733	0.217741
335.8	0.231581
335.867	0.128096
335.933	0.196847
336	0.186302
336.067	0.13505
336.133	0.273289
336.2	0.161604
336.267	0.178418
336.333	0.276045
336.4	0.202398
336.467	0.193423
336.533	0.26306
336.6	0.168682
336.667	0.177061
336.733	0.280719
336.8	0.219087
336.867	0.189601
336.933	0.242521
337	0.288733
337.067	0.132119
337.133	0.237832
337.2	0.260967
337.267	0.165949
337.333	0.337252
337.4	0.359669
337.467	0.241142
337.533	0.187345
337.6	0.272384
337.667	0.188483
337.733	0.278147
337.8	0.369616
337.867	0.21058
337.933	0.345599
338	0.316477
338.067	0.269382
338.133	0.446234
338.2	0.439264
338.267	0.269197
338.333	0.396029
338.4	0.525355
338.467	0.368205
338.533	0.617637
338.6	0.416769
338.667	0.349714
338.733	0.335031
338.8	0.482424
338.867	0.300805
338.933	0.852933
339	0.403128
339.067	0.203073
339.133	0.467506
339.2	0.385821
339.267	0.339908
339.333	0.450088
339.4	0.343623
339.467	0.195217
339.533	0.311282
339.6	0.340117
339.667	0.179133
339.733	0.422556
339.8	0.346816
339.867	0.190699
339.933	0.348554
340	0.323394
340.067	0.213919
340.133	0.234989
340.2	0.308914
340.267	0.166736
340.333	0.211245
340.4	0.228535
340.467	0.112449
340.533	0.270996
340.6	0.292755
340.667	0.182408
340.733	0.0838373
340.8	0.125646
340.867	0.12472
340.933	0.193753
341	0.179683
341.067	0.0905348
341.133	0.132717
341.2	0.109836
341.267	0.143931
341.333	0.125654
341.4	0.140072
341.467	0.120906
341.533	0.0775088
341.6	0.128955
341.667	0.121129
341.733	0.117403
341.8	0.187642
341.867	0.106851
341.933	0.0905923
342	0.0914095
342.067	0.108415
342.133	0.0883441
342.2	0.090575
342.267	0.0758928
342.333	0.0931216
342.4	0.0968662
342.467	0.0829641
342.533	0.161121
342.6	0.0763723
342.667	0.137019
342.733	0.0687952
342.8	0.0959881
342.867	0.123133
342.933	0.0685382
343	0.0778485
343.067	0.115823
343.133	0.110517
343.2	0.139953
343.267	0.103198
343.333	0.0906108
343.4	0.0680399
343.467	0.158194
343.533	0.0989168
343.6	0.106262
343.667	0.0551294
343.733	0.152562
343.8	0.0777326
343.867	0.102008
343.933	0.128001
344	0.121569
344.067	0.0495685
344.133	0.0785238
344.2	0.137014
344.267	0.111442
344.333	0.104086
344.4	0.0965236
344.467	0.102752
344.533	0.107886
344.6	0.10977
344.667	0.13608
344.733	0.103512
344.8	0.0997394
344.867	0.0859776
344.933	0.109781
345	0.105216
345.067	0.101263
345.133	0.10096
345.2	0.0946087
345.267	0.0823103
345.333	0.0775143
345.4	0.117401
345.467	0.145804
345.533	0.0976455
345.6	0.0887782
345.667	0.0702006
345.733	0.107491
345.8	0.0742029
345.867	0.0409892
345.933	0.123
346	0.101631
346.067	0.0707662
346.133	0.0782735
346.2	0.103023
346.267	0.107702
346.333	0.0679021
346.4	0.157977
346.467	0.106648
346.533	0.0701886
346.6	0.116468
346.667	0.0781506
346.733	0.132442
346.8	0.0840119
346.867	0.0742455
346.933	0.108116
347	0.104131
347.067	0.0827426
347.133	0.0643444
347.2	0.0736704
347.267	0.115961
347.333	0.129327
347.4	0.130874
347.467	0.122229
347.533	0.0840413
347.6	0.0844317
347.667	0.120334
347.733	0.107773
347.8	0.120093
347.867	0.123529
347.933	0.0874762
348	0.0815635
348.067	0.121016
348.133	0.10274
348.2	0.0914569
348.267	0.158284
348.333	0.0818926
348.4	0.0864997
348.467	0.094638
348.533	0.0558753
348.6	0.109615
348.667	0.140189
348.733	0.0675241
348.8	0.0703037
348.867	0.0962076
348.933	0.133219
349	0.180081
349.067	0.1534
349.133	0.128075
349.2	0.122165
349.267	0.0982815
349.333	0.145098
349.4	0.0629023
349.467	0.0863234
349.533	0.114729
349.6	0.082718
349.667	0.0786182
349.733	0.0921654
349.8	0.0803327
349.867	0.0652729
349.933	0.0623164
350	0.127504
350.067	0.0851063
350.133	0.0790107
350.2	0.0928529
350.267	0.142558
350.333	0.0755318
350.4	0.0958232
350.467	0.172975
350.533	0.111559
350.6	0.175156
350.667	0.144596
350.733	0.106813
350.8	0.140206
350.867	0.200748
350.933	0.154172
351	0.216232
351.067	0.1915
351.133	0.145174
351.2	0.239793
351.267	0.189442
351.333	0.114354
351.4	0.208425
351.467	0.206012
351.533	0.112731
351.6	0.176234
351.667	0.191802
351.733	0.117065
351.8	0.132339
351.867	0.137681
351.933	0.0954243
352	0.135797
352.067	0.182365
352.133	0.137416
352.2	0.159119
352.267	0.145203
352.333	0.100315
352.4	0.146562
352.467	0.214084
352.533	0.124896
352.6	0.258062
352.667	0.247029
352.733	0.143557
352.8	0.254284
352.867	0.216432
352.933	0.131496
353	0.242783
353.067	0.205583
353.133	0.117621
353.2	0.289096
353.267	0.163969
353.333	0.153754
353.4	0.27038
353.467	0.252947
353.533	0.144218
353.6	0.22168
353.667	0.331577
353.733	0.135719
353.8	0.256899
353.867	0.249201
353.933	0.139948
354	0.182669
354.067	0.209269
354.133	0.117944
354.2	0.248146
354.267	0.249524
354.333	0.149542
354.4	0.122263
354.467	0.157502
354.533	0.129057
354.6	0.110289
354.667	0.208888
354.733	0.133948
354.8	0.18359
354.867	0.153499
354.933	0.0884578
355	0.164951
355.067	0.189548
355.133	0.138492
355.2	0.18405
355.267	0.152408
355.333	0.0681587
355.4	0.134592
355.467	0.176041
355.533	0.0898424
355.6	0.143237
355.667	0.139305
355.733	0.0749101
355.8	0.191512
355.867	0.150459
355.933	0.140515
356	0.222594
356.067	0.180591
356.133	0.141248
356.2	0.145549
356.267	0.166012
356.333	0.128076
356.4	0.19878
356.467	0.229929
356.533	0.122815
356.6	0.15629
356.667	0.167394
356.733	0.165143
356.8	0.313477
356.867	0.182725
356.933	0.15221
357	0.275121
357.067	0.252313
357.133	0.141883
357.2	0.209302
357.267	0.270947
357.333	0.14872
357.4	0.245991
357.467	0.232564
357.533	0.161618
357.6	0.20413
357.667	0.208891
357.733	0.164951
357.8	0.447984
357.867	0.253854
357.933	0.178283
358	0.270004
358.067	0.233039
358.133	0.119951
358.2	0.27756
358.267	0.234502
358.333	0.167654
358.4	0.182287
358.467	0.188498
358.533	0.133384
358.6	0.247774
358.667	0.172323
358.733	0.190626
358.8	0.189499
358.867	0.184726
358.933	0.128046
359	0.307906
359.067	0.189326
359.133	0.122362
359.2	0.272229
359.267	0.242685
359.333	0.134682
359.4	0.20976
359.467	0.160404
359.533	0.130263
359.6	0.248306
359.667	0.196354
359.733	0.135063
359.8	0.190908
359.867	0.177264
359.933	0.14669
360	0.159922
360.067	0.216356
360.133	0.100547
360.2	0.221986
360.267	0.173277
360.333	0.129499
360.4	0.18323
360.467	0.194648
360.533	0.0929342
360.6	0.146802
360.667	0.183462
360.733	0.0790232
360.8	0.195069
360.867	0.176955
360.933	0.140227
361	0.123789
361.067	0.202074
361.133	0.143504
361.2	0.20609
361.267	0.2071
361.333	0.0867048
361.4	0.148965
361.467	0.137754
361.533	0.0933841
361.6	0.17149
361.667	0.178106
361.733	0.149983
361.8	0.167735
361.867	0.183347
361.933	0.120559
362	0.187746
362.067	0.234401
362.133	0.0786673
362.2	0.497493
362.267	0.214792
362.333	0.12797
362.4	0.213401
362.467	0.179208
362.533	0.154816
362.6	0.16898
362.667	0.154499
362.733	0.08051
362.8	0.142874
362.867	0.129236
362.933	0.0575261
363	0.175506
363.067	0.2062
363.133	0.0750686
363.2	0.151863
363.267	0.124941
363.333	0.0946225
363.4	0.169945
363.467	0.146344
363.533	0.08527
363.6	0.125698
363.667	0.146347
363.733	0.0660212
363.8	0.150923
363.867	0.169337
363.933	0.0760153
364	0.138879
364.067	0.125598
364.133	0.0940407
364.2	0.133606
364.267	0.123081
364.333	0.130918
364.4	0.154706
364.467	0.103815
364.533	0.116023
364.6	0.123097
364.667	0.134205
364.733	0.0828329
364.8	0.173463
364.867	0.0934748
364.933	0.136795
365	0.102752
365.067	0.163043
365.133	0.122963
365.2	0.16846
365.267	0.214059
365.333	0.153249
365.4	0.118419
365.467	0.20229
365.533	0.156876
365.6	0.247478
365.667	0.205221
365.733	0.138554
365.8	0.139064
365.867	0.197456
365.933	0.127006
366	0.13968
366.067	0.117871
366.133	0.0905512
366.2	0.168861
366.267	0.149575
366.333	0.113881
366.4	0.151497
366.467	0.124818
366.533	0.134521
366.6	0.117802
366.667	0.177345
366.733	0.128184
366.8	0.137369
366.867	0.180281
366.933	0.130992
367	0.217745
367.067	0.15854
367.133	0.159392
367.2	0.270127
367.267	0.108488
367.333	0.135468
367.4	0.143519
367.467	0.137845
367.533	0.136055
367.6	0.185563
367.667	0.200431
367.733	0.134368
367.8	0.194268
367.867	0.132569
367.933	0.167983
368	0.118022
368.067	0.154569
368.133	0.146386
368.2	0.101041
368.267	0.0917371
368.333	0.0744524
368.4	0.162334
368.467	0.0798129
368.533	0.0839546
368.6	0.0901976
368.667	0.0932203
368.733	0.1202
368.8	0.145672
368.867	0.199938
368.933	0.142962
369	0.152298
369.067	0.137696
369.133	0.157296
369.2	0.177574
369.267	0.145483
369.333	0.140788
369.4	0.146981
369.467	0.103436
369.533	0.147446
369.6	0.116064
369.667	0.132596
369.733	0.0879075
369.8	0.135018
369.867	0.162941
369.933	0.117621
370	0.115948
370.067	0.14734
370.133	0.0845469
370.2	0.136222
370.267	0.170709
370.333	0.0889983
370.4	0.11584
370.467	0.114071
370.533	0.0819639
370.6	0.138572
370.667	0.177798
370.733	0.0948973
370.8	0.0944797
370.867	0.113619
370.933	0.0704074
371	0.127828
371.067	0.140922
371.133	0.0786254
371.2	0.123235
371.267	0.0870235
371.333	0.0912314
371.4	0.101765
371.467	0.151104
371.533	0.0940907
371.6	0.092303
371.667	0.0815484
371.733	0.0814997
371.8	0.172463
371.867	0.160624
371.933	0.0934415
372	0.18319
372.067	0.128325
372.133	0.0752798
372.2	0.137484
372.267	0.154094
372.333	0.104213
372.4	0.0897296
372.467	0.0913207
372.533	0.106224
372.6	0.0979138
372.667	0.12721
372.733	0.10238
372.8	0.166148
372.867	0.0783178
372.933	0.086591
373	0.116596
373.067	0.104287
373.133	0.076258
373.2	0.133016
373.267	0.0699308
373.333	0.0841196
373.4	0.0678631
373.467	0.0866292
373.533	0.0595828
373.6	0.0522045
373.667	0.125318
373.733	0.0835251
373.8	0.0622097
373.867	0.071343
373.933	0.0994233
374	0.101921
374.067	0.113087
374.133	0.0934229
374.2	0.0659747
374.267	0.116961
374.333	0.0636218
374.4	0.107063
374.467	0.0738074
374.533	0.0751451
374.6	0.0791216
374.667	0.0997175
374.733	0.0572741
374.8	0.070683
374.867	0.0799403
374.933	0.0606123
375	0.099622
375.067	0.0655864
375.133	0.059319
375.2	0.0678079
375.267	0.0921739
375.333	0.0600955
375.4	0.11252
375.467	0.108335
375.533	0.0916254
375.6	0.0894156
375.667	0.0634284
375.733	0.0847716
375.8	0.1098
375.867	0.0612799
375.933	0.120255
376	0.114019
376.067	0.0971652
376.133	0.0868978
376.2	0.111794
376.267	0.104312
376.333	0.0875148
376.4	0.0790687
376.467	0.0676404
376.533	0.113109
376.6	0.0757361
376.667	0.0777681
376.733	0.037902
376.8	0.0691207
376.867	0.0964947
376.933	0.0945545
377	0.051994
377.067	0.0841263
377.133	0.0703133
377.2	0.0896848
377.267	0.0634372
377.333	0.0789594
377.4	0.0811583
377.467	0.0591014
377.533	0.0236262
377.6	0.0702962
377.667	0.0806597
377.733	0.110318
377.8	0.0733324
377.867	0.059319
377.933	0.116146
378	0.0651618
378.067	0.0970964
378.133	0.034175
378.2	0.0898479
378.267	0.091213
378.333	0.0574549
378.4	0.0705116
378.467	0.0935826
378.533	0.087631
378.6	0.109089
378.667	0.12911
378.733	0.104388
378.8	0.0501737
378.867	0.0706676
378.933	0.0881403
379	0.0825487
379.067	0.109508
379.133	0.0718988
379.2	0.109729
379.267	0.104045
379.333	0.0595088
379.4	0.0706281
379.467	0.0342646
379.533	0.112253
379.6	0.104198
379.667	0.0932418
379.733	0.0823011
379.8	0.0397314
379.867	0.0473918
379.933	0.0383719
380	0.0865683
380.067	0.059492
380.133	0.0450219
380.2	0.0731593
380.267	0.0601118
380.333	0.0562573
380.4	0.0458879
380.467	0.0698305
380.533	0.0623973
380.6	0.0289249
380.667	0.10569
380.733	0.05857
380.8	0.066821
380.867	0.077514
380.933	0.0468225
381	0.0969363
381.067	0.0934622
381.133	0.0325309
381.2	0.0882094
381.267	0.132009
381.333	0.0584405
381.4	0.0615552
381.467	0.12677
381.533	0.0696491
381.6	0.0513558
381.667	0.0644477
381.733	0.0915357
381.8	0.0742459
381.867	0.0763788
381.933	0.0755921
382	0.0794708
382.067	0.086438
382.133	0.0526864
382.2	0.113793
382.267	0.0310976
382.333	0.0952854
382.4	0.0880412
