time_sec	Dynamic_density
0.0666667	0.086275
0.133333	0.0828343
0.2	0.0791899
0.266667	0.081596
0.333333	0.0652039
0.4	0.0767211
0.466667	0.0955898
0.533333	0.0914752
0.6	0.0983604
0.666667	0.104634
0.733333	0.0838571
0.8	0.0965578
0.866667	0.0864749
0.933333	0.0894649
1	0.0888731
1.06667	0.0646945
1.13333	0.0688288
1.2	0.0596668
1.26667	0.0955624
1.33333	0.0802911
1.4	0.0845155
1.46667	0.0698986
1.53333	0.100394
1.6	0.0786883
1.66667	0.0897666
1.73333	0.111269
1.8	0.0857538
1.86667	0.117915
1.93333	0.107503
2	0.0994498
2.06667	0.0893316
2.13333	0.117288
2.2	0.0966871
2.26667	0.0880306
2.33333	0.121046
2.4	0.121512
2.46667	0.0993754
2.53333	0.111759
2.6	0.118679
2.66667	0.124334
2.73333	0.11623
2.8	0.103866
2.86667	0.116512
2.93333	0.196129
3	0.122347
3.06667	0.109862
3.13333	0.103909
3.2	0.116406
3.26667	0.111092
3.33333	0.0493526
3.4	0.0985367
3.46667	0.0914948
3.53333	0.0832928
3.6	0.0905582
3.66667	0.103282
3.73333	0.0656193
3.8	0.109823
3.86667	0.0900644
3.93333	0.0731041
4	0.0826071
4.06667	0.079668
4.13333	0.0532165
4.2	0.0566101
4.26667	0.0442387
4.33333	0.0370635
4.4	0.0411154
4.46667	0.0658035
4.53333	0.0489921
4.6	0.142658
4.66667	0.0879875
4.73333	0.0664775
4.8	0.0877563
4.86667	0.0499679
4.93333	0.0864749
5	0.0792761
5.06667	0.0502108
5.13333	0.0756866
5.2	0.131066
5.26667	0.0732961
5.33333	0.113177
5.4	0.0800951
5.46667	0.10204
5.53333	0.0822818
5.6	0.109019
5.66667	0.0885635
5.73333	0.099583
5.8	0.0896294
5.86667	0.118099
5.93333	0.11132
6	0.122915
6.06667	0.105782
6.13333	0.111241
6.2	0.110697
6.26667	0.220108
6.33333	0.146533
6.4	0.144899
6.46667	0.112668
6.53333	0.130576
6.6	0.134072
6.66667	0.129581
6.73333	0.138669
6.8	0.123374
6.86667	0.150574
6.93333	0.139977
7	0.0927252
7.06667	0.0931681
7.13333	0.129413
7.2	0.0968047
7.26667	0.10592
7.33333	0.111762
7.4	0.116532
7.46667	0.116371
7.53333	0.139245
7.6	0.113804
7.66667	0.121446
7.73333	0.124009
7.8	0.141357
7.86667	0.130224
7.93333	0.228976
8	0.15646
8.06667	0.131027
8.13333	0.150644
8.2	0.153054
8.26667	0.131325
8.33333	0.15845
8.4	0.154849
8.46667	0.126458
8.53333	0.143257
8.6	0.120713
8.66667	0.129585
8.73333	0.148806
8.8	0.13203
8.86667	0.145374
8.93333	0.137042
9	0.148987
9.06667	0.142674
9.13333	0.14662
9.2	0.136599
9.26667	0.138782
9.33333	0.151824
9.4	0.158239
9.46667	0.152988
9.53333	0.157921
9.6	0.225108
9.66667	0.175156
9.73333	0.163486
9.8	0.134981
9.86667	0.147019
9.93333	0.133026
10	0.145848
10.0667	0.137759
10.1333	0.126285
10.2	0.112907
10.2667	0.0769288
10.3333	0.10965
10.4	0.132861
10.4667	0.146275
10.5333	0.149821
10.6	0.135945
10.6667	0.13424
10.7333	0.139331
10.8	0.118044
10.8667	0.121109
10.9333	0.168808
11	0.142889
11.0667	0.118828
11.1333	0.123554
11.2	0.125517
11.2667	0.233886
11.3333	0.157843
11.4	0.154618
11.4667	0.147568
11.5333	0.0906914
11.6	0.132508
11.6667	0.146001
11.7333	0.133014
11.8	0.130087
11.8667	0.137031
11.9333	0.123726
12	0.128421
12.0667	0.124965
12.1333	0.101166
12.2	0.130259
12.2667	0.127089
12.3333	0.0858165
12.4	0.111284
12.4667	0.146557
12.5333	0.0722067
12.6	0.0918279
12.6667	0.109689
12.7333	0.0760118
12.8	0.0736449
12.8667	0.070843
12.9333	0.173114
13	0.0980547
13.0667	0.0659759
13.1333	0.0849113
13.2	0.0771678
13.2667	0.0565396
13.3333	0.0679079
13.4	0.0847467
13.4667	0.0777831
13.5333	0.0730532
13.6	0.0756278
13.6667	0.0794015
13.7333	0.0734411
13.8	0.0791076
13.8667	0.0633739
13.9333	0.0521232
14	0.0546233
14.0667	0.0747461
14.1333	0.0804047
14.2	0.0657251
14.2667	0.0714778
14.3333	0.0627586
14.4	0.087627
14.4667	0.0531107
14.5333	0.0767133
14.6	0.213242
14.6667	0.144978
14.7333	0.103404
14.8	0.0662698
14.8667	0.0945122
14.9333	0.0878111
15	0.0593807
15.0667	0.0856049
15.1333	0.0909657
15.2	0.0740407
15.2667	0.0650629
15.3333	0.0867805
15.4	0.0743228
15.4667	0.0667636
15.5333	0.0701729
15.6	0.0576564
15.6667	0.0589653
15.7333	0.0693539
15.8	0.0697183
15.8667	0.0494937
15.9333	0.0604348
16	0.0460962
16.0667	0.051555
16.1333	0.0540982
16.2	0.0314361
16.2667	0.124193
16.3333	0.10706
16.4	0.0760706
16.4667	0.102883
16.5333	0.0741543
16.6	0.0715249
16.6667	0.0878072
16.7333	0.0532243
16.8	0.0546116
16.8667	0.0522995
16.9333	0.0548075
17	0.064671
17.0667	0.0623158
17.1333	0.0652431
17.2	0.0566062
17.2667	0.0582638
17.3333	0.0707215
17.4	0.0654547
17.4667	0.0552386
17.5333	0.0684682
17.6	0.0574918
17.6667	0.0581071
17.7333	0.0683115
17.8	0.0479732
17.8667	0.0506615
17.9333	0.177966
18	0.0986034
18.0667	0.060619
18.1333	0.0818272
18.2	0.0607091
18.2667	0.0447363
18.3333	0.0613322
18.4	0.0454613
18.4667	0.0480124
18.5333	0.04514
18.6	0.0375219
18.6667	0.036217
18.7333	0.0574331
18.8	0.0365148
18.8667	0.0494114
18.9333	0.0714426
19	0.0425497
19.0667	0.0459002
19.1333	0.0666735
19.2	0.0350453
19.2667	0.0415191
19.3333	0.0675121
19.4	0.0437684
19.4667	0.0424831
19.5333	0.0508182
19.6	0.133355
19.6667	0.0956721
19.7333	0.103643
19.8	0.0937167
19.8667	0.0856989
19.9333	0.113902
20	0.0769562
20.0667	0.0726104
20.1333	0.074895
20.2	0.0765134
20.2667	0.0503049
20.3333	0.0532243
20.4	0.0604387
20.4667	0.0450381
20.5333	0.05739
20.6	0.0457905
20.6667	0.0562026
20.7333	0.0525386
20.8	0.0279602
20.8667	0.049384
20.9333	0.0382979
21	0.0625823
21.0667	0.0663404
21.1333	0.0750674
21.2	0.0700044
21.2667	0.202442
21.3333	0.123942
21.4	0.112378
21.4667	0.0723164
21.5333	0.0571078
21.6	0.09838
21.6667	0.0807143
21.7333	0.100629
21.8	0.0830224
21.8667	0.0776734
21.9333	0.0686132
22	0.115399
22.0667	0.0816352
22.1333	0.0572646
22.2	0.0527619
22.2667	0.0637932
22.3333	0.057868
22.4	0.0550426
22.4667	0.0566297
22.5333	0.0631035
22.6	0.0611911
22.6667	0.0404532
22.7333	0.0358722
22.8	0.0481025
22.8667	0.0535496
22.9333	0.16436
23	0.105124
23.0667	0.098329
23.1333	0.119612
23.2	0.0831047
23.2667	0.0632563
23.3333	0.0784375
23.4	0.054686
23.4667	0.0570373
23.5333	0.122202
23.6	0.118326
23.6667	0.0910324
23.7333	0.0855696
23.8	0.0535143
23.8667	0.0568766
23.9333	0.0813296
24	0.0520487
24.0667	0.0385918
24.1333	0.0592945
24.2	0.0795504
24.2667	0.0543177
24.3333	0.0529226
24.4	0.0577309
24.4667	0.0433021
24.5333	0.0476049
24.6	0.150499
24.6667	0.110485
24.7333	0.0821642
24.8	0.077642
24.8667	0.0982663
24.9333	0.0811924
25	0.0654195
25.0667	0.0746912
25.1333	0.0689189
25.2	0.0626724
25.2667	0.0483259
25.3333	0.0627077
25.4	0.0408921
25.4667	0.0593493
25.5333	0.0501677
25.6	0.059028
25.6667	0.0548545
25.7333	0.0497484
25.8	0.0502304
25.8667	0.0455593
25.9333	0.0677903
26	0.0534438
26.0667	0.0582952
26.1333	0.0623197
26.2	0.0495917
26.2667	0.149433
26.3333	0.0998299
26.4	0.0716581
26.4667	0.0812551
26.5333	0.0826384
26.6	0.0752986
26.6667	0.0726613
26.7333	0.0779751
26.8	0.0724654
26.8667	0.0631975
26.9333	0.0761176
27	0.0766467
27.0667	0.0751536
27.1333	0.0845194
27.2	0.0654077
27.2667	0.0791115
27.3333	0.0972514
27.4	0.0808201
27.4667	0.0876466
27.5333	0.106551
27.6	0.0942653
27.6667	0.0990187
27.7333	0.111931
27.8	0.112186
27.8667	0.105606
27.9333	0.260526
28	0.175371
28.0667	0.140624
28.1333	0.1871
28.2	0.148606
28.2667	0.149939
28.3333	0.163807
28.4	0.174223
28.4667	0.162291
28.5333	0.189651
28.6	0.181783
28.6667	0.20495
28.7333	0.210797
28.8	0.202575
28.8667	0.210719
28.9333	0.207192
29	0.217823
29.0667	0.215719
29.1333	0.242276
29.2	0.228631
29.2667	0.237397
29.3333	0.241402
29.4	0.239768
29.4667	0.246203
29.5333	0.247688
29.6	0.317594
29.6667	0.281358
29.7333	0.270546
29.8	0.280617
29.8667	0.265448
29.9333	0.260757
30	0.269441
30.0667	0.260075
30.1333	0.246246
30.2	0.247947
30.2667	0.256101
30.3333	0.251975
30.4	0.251509
30.4667	0.250306
30.5333	0.242801
30.6	0.266639
30.6667	0.256838
30.7333	0.24913
30.8	0.253605
30.8667	0.249694
30.9333	0.245936
31	0.257199
31.0667	0.258966
31.1333	0.237119
31.2	0.252869
31.2667	0.317046
31.3333	0.304106
31.4	0.256591
31.4667	0.257532
31.5333	0.266118
31.6	0.244455
31.6667	0.23648
31.7333	0.24683
31.8	0.254424
31.8667	0.253688
31.9333	0.245399
32	0.255239
32.0667	0.198461
32.1333	0.257547
32.2	0.241246
32.2667	0.212431
32.3333	0.211745
32.4	0.255204
32.4667	0.224501
32.5333	0.150335
32.6	0.245149
32.6667	0.243985
32.7333	0.211134
32.8	0.243569
32.8667	0.246015
32.9333	0.212478
33	0.279982
33.0667	0.147744
33.1333	0.108514
33.2	0.0280386
33.2667	0.063754
33.3333	0.120298
33.4	0.0581149
33.4667	0.0456494
33.5333	0.0740838
33.6	0.0755102
33.6667	0.0814158
33.7333	0.0802284
33.8	0.0681783
33.8667	0.0818468
33.9333	0.0815294
34	0.0902212
34.0667	0.0774853
34.1333	0.0965891
34.2	0.0859066
34.2667	0.105892
34.3333	0.107942
34.4	0.0969026
34.4667	0.113671
34.5333	0.105657
34.6	0.234215
34.6667	0.139825
34.7333	0.1271
34.8	0.121399
34.8667	0.129079
34.9333	0.118605
35	0.141435
35.0667	0.135882
35.1333	0.156949
35.2	0.137489
35.2667	0.122598
35.3333	0.111559
35.4	0.116328
35.4667	0.0973807
35.5333	0.0940459
35.6	0.10668
35.6667	0.0957505
35.7333	0.106696
35.8	0.081502
35.8667	0.0869059
35.9333	0.112311
36	0.0972436
36.0667	0.0987288
36.1333	0.100559
36.2	0.111872
36.2667	0.234556
36.3333	0.153411
36.4	0.118804
36.4667	0.123938
36.5333	0.166535
36.6	0.105657
36.6667	0.119753
36.7333	0.133852
36.8	0.127939
36.8667	0.131564
36.9333	0.137481
37	0.130012
37.0667	0.132207
37.1333	0.133359
37.2	0.146302
37.2667	0.177793
37.3333	0.160378
37.4	0.219951
37.4667	0.236378
37.5333	0.231974
37.6	0.277443
37.6667	0.270569
37.7333	0.232421
37.8	0.286154
37.8667	0.26109
37.9333	0.260777
38	0.253202
38.0667	0.231057
38.1333	0.136372
38.2	0.239039
38.2667	0.147639
38.3333	0.133241
38.4	0.109842
38.4667	0.0750517
38.5333	0.0903231
38.6	0.0680842
38.6667	0.099442
38.7333	0.0840452
38.8	0.12395
38.8667	0.142125
38.9333	0.134135
39	0.0927213
39.0667	0.147999
39.1333	0.132175
39.2	0.115035
39.2667	0.0949511
39.3333	0.112868
39.4	0.15251
39.4667	0.120611
39.5333	0.084927
39.6	0.212627
39.6667	0.128934
39.7333	0.12837
39.8	0.119126
39.8667	0.096307
39.9333	0.13589
40	0.106609
40.0667	0.0934228
40.1333	0.105461
40.2	0.105912
40.2667	0.117315
40.3333	0.121191
40.4	0.105461
40.4667	0.103874
40.5333	0.127696
40.6	0.103933
40.6667	0.13578
40.7333	0.122171
40.8	0.117057
40.8667	0.110685
40.9333	0.121857
41	0.111817
41.0667	0.127939
41.1333	0.126748
41.2	0.122488
41.2667	0.274277
41.3333	0.157377
41.4	0.140761
41.4667	0.141055
41.5333	0.0874624
41.6	0.136204
41.6667	0.128919
41.7333	0.125984
41.8	0.148387
41.8667	0.139621
41.9333	0.0883715
42	0.16079
42.0667	0.12915
42.1333	0.0985171
42.2	0.108008
42.2667	0.119384
42.3333	0.129918
42.4	0.120466
42.4667	0.123288
42.5333	0.0760432
42.6	0.115156
42.6667	0.110387
42.7333	0.0761059
42.8	0.0882814
42.8667	0.0771874
42.9333	0.224168
43	0.120254
43.0667	0.10851
43.1333	0.110532
43.2	0.092302
43.2667	0.102408
43.3333	0.0988111
43.4	0.0900958
43.4667	0.110269
43.5333	0.11634
43.6	0.0916711
43.6667	0.103482
43.7333	0.110998
43.8	0.0993949
43.8667	0.0942888
43.9333	0.113114
44	0.113855
44.0667	0.112272
44.1333	0.109004
44.2	0.109321
44.2667	0.0983604
44.3333	0.0973964
44.4	0.0998652
44.4667	0.118714
44.5333	0.111394
44.6	0.240434
44.6667	0.1717
44.7333	0.141612
44.8	0.125317
44.8667	0.142309
44.9333	0.128695
45	0.113099
45.0667	0.13823
45.1333	0.13312
45.2	0.141208
45.2667	0.136353
45.3333	0.140475
45.4	0.120928
45.4667	0.120458
45.5333	0.111762
45.6	0.114607
45.6667	0.114729
45.7333	0.0975061
45.8	0.11572
45.8667	0.121512
45.9333	0.129381
46	0.115242
46.0667	0.122226
46.1333	0.102871
46.2	0.120893
46.2667	0.277024
46.3333	0.113624
46.4	0.157506
46.4667	0.16175
46.5333	0.159171
46.6	0.158611
46.6667	0.145828
46.7333	0.137779
46.8	0.141392
46.8667	0.145954
46.9333	0.11141
47	0.130043
47.0667	0.129667
47.1333	0.141635
47.2	0.143222
47.2667	0.110379
47.3333	0.107977
47.4	0.145754
47.4667	0.0917377
47.5333	0.128061
47.6	0.20388
47.6667	0.111829
47.7333	0.0489255
47.8	0.0761921
47.8667	0.0979293
47.9333	0.19433
48	0.170269
48.0667	0.112425
48.1333	0.0617006
48.2	0.140906
48.2667	0.108718
48.3333	0.070843
48.4	0.147909
48.4667	0.0992304
48.5333	0.063225
48.6	0.0834653
48.6667	0.0607248
48.7333	0.0588948
48.8	0.05922
48.8667	0.0669752
48.9333	0.0516921
49	0.067853
49.0667	0.049192
49.1333	0.0390503
49.2	0.0416014
49.2667	0.0391404
49.3333	0.0411742
49.4	0.0376826
49.4667	0.0463548
49.5333	0.0287361
49.6	0.20408
49.6667	0.0884656
49.7333	0.0568962
49.8	0.0426633
49.8667	0.0607405
49.9333	0.0804753
50	0.127814
50.0667	0.0529148
50.1333	0.0561947
50.2	0.0443523
50.2667	0.0499875
50.3333	0.0408842
50.4	0.0603564
50.4667	0.0542393
50.5333	0.041041
50.6	0.0562849
50.6667	0.0342341
50.7333	0.0611833
50.8	0.0468446
50.8667	0.030911
50.9333	0.0672142
51	0.0482319
51.0667	0.0395675
51.1333	0.0473776
51.2	0.0197348
51.2667	0.219508
51.3333	0.0974199
51.4	0.0704786
51.4667	0.0785081
51.5333	0.0458101
51.6	0.0615556
51.6667	0.0658544
51.7333	0.0812042
51.8	0.049047
51.8667	0.04514
51.9333	0.0454535
52	0.0695263
52.0667	0.0305035
52.1333	0.0397164
52.2	0.0602624
52.2667	0.0595649
52.3333	0.0674415
52.4	0.0318045
52.4667	0.0447168
52.5333	0.045379
52.6	0.0489803
52.6667	0.057919
52.7333	0.0755181
52.8	0.0586204
52.8667	0.0544783
52.9333	0.193464
53	0.0930936
53.0667	0.0454104
53.1333	0.0472679
53.2	0.0574448
53.2667	0.0513904
53.3333	0.0695067
53.4	0.0572254
53.4667	0.0595884
53.5333	0.0517901
53.6	0.0496818
53.6667	0.0713642
53.7333	0.0610853
53.8	0.0682292
53.8667	0.0599371
53.9333	0.0596628
54	0.0621277
54.0667	0.0722969
54.1333	0.0948218
54.2	0.0777126
54.2667	0.0783004
54.3333	0.0493761
54.4	0.0787079
54.4667	0.0591338
54.5333	0.0397164
54.6	0.187139
54.6667	0.0449127
54.7333	0.0644555
54.8	0.0590437
54.8667	0.0436117
54.9333	0.0675042
55	0.0704119
55.0667	0.0653293
55.1333	0.0935286
55.2	0.0871254
55.2667	0.0720656
55.3333	0.0523622
55.4	0.0456494
55.4667	0.0734059
55.5333	0.0307347
55.6	0.0534673
55.6667	0.0535888
55.7333	0.0548663
55.8	0.0521388
55.8667	0.0505596
55.9333	0.0745305
56	0.0479967
56.0667	0.0792565
56.1333	0.0715445
56.2	0.03617
56.2667	0.212102
56.3333	0.0939597
56.4	0.0873722
56.4667	0.0980038
56.5333	0.0661209
56.6	0.0758707
56.6667	0.0716346
56.7333	0.0847232
56.8	0.0434275
56.8667	0.0671202
56.9333	0.0682488
57	0.0705138
57.0667	0.0472874
57.1333	0.0670105
57.2	0.0688954
57.2667	0.0614929
57.3333	0.0729395
57.4	0.0673005
57.4667	0.0883715
57.5333	0.0883833
57.6	0.0678726
57.6667	0.071568
57.7333	0.0636717
57.8	0.0983095
57.8667	0.0611284
57.9333	0.214367
58	0.0492233
58.0667	0.0523896
58.1333	0.0570412
58.2	0.094328
58.2667	0.0644437
58.3333	0.0755847
58.4	0.0517235
58.4667	0.0636874
58.5333	0.035206
58.6	0.0990971
58.6667	0.0907776
58.7333	0.0880894
58.8	0.0572998
58.8667	0.0588007
58.9333	0.0682605
59	0.0664971
59.0667	0.0635071
59.1333	0.0659054
59.2	0.0625353
59.2667	0.0635972
59.3333	0.0610383
59.4	0.0541257
59.4667	0.0676649
59.5333	0.0676571
59.6	0.0735117
59.6667	0.0576408
59.7333	0.0672613
59.8	0.0698907
59.8667	0.0610344
59.9333	0.061344
60	0.0550818
60.0667	0.0600861
60.1333	0.0628684
60.2	0.0402729
60.2667	0.253472
60.3333	0.101307
60.4	0.0753535
60.4667	0.0847193
60.5333	0.0623668
60.6	0.0780692
60.6667	0.0537573
60.7333	0.0643183
60.8	0.0544979
60.8667	0.0447677
60.9333	0.0604387
61	0.0514021
61.0667	0.0530793
61.1333	0.0481927
61.2	0.0551994
61.2667	0.0349669
61.3333	0.0416288
61.4	0.0331878
61.4667	0.0252798
61.5333	0.0332505
61.6	0.0241316
61.6667	0.0245313
61.7333	0.0387955
61.8	0.034865
61.8667	0.0198288
61.9333	0.186889
62	0.0321689
62.0667	0.0605602
62.1333	0.0623942
62.2	0.0221997
62.2667	0.0450107
62.3333	0.0429925
62.4	0.0376278
62.4667	0.0455789
62.5333	0.0353314
62.6	0.0385682
62.6667	0.0373378
62.7333	0.0452105
62.8	0.0468877
62.8667	0.0455554
62.9333	0.0511788
63	0.03646
63.0667	0.041472
63.1333	0.081788
63.2	0.0640361
63.2667	0.0343595
63.3333	0.0485454
63.4	0.0238847
63.4667	0.0436195
63.5333	0.0373417
63.6	0.143786
63.6667	0.0309267
63.7333	0.0725281
63.8	0.0464841
63.8667	0.0318868
63.9333	0.0373926
64	0.0436156
64.0667	0.0396655
64.1333	0.0698437
64.2	0.0374553
64.2667	0.0509005
64.3333	0.0634091
64.4	0.0339794
64.4667	0.0559518
64.5333	0.0595453
64.6	0.0418639
64.6667	0.0374984
64.7333	0.0504146
64.8	0.0528873
64.8667	0.0619671
64.9333	0.0474442
65	0.0587341
65.0667	0.0595374
65.1333	0.0718227
65.2	0.0512454
65.2667	0.196439
65.3333	0.100657
65.4	0.0777282
65.4667	0.0566846
65.5333	0.0719442
65.6	0.0897588
65.6667	0.0578759
65.7333	0.0747735
65.8	0.0491057
65.8667	0.0518058
65.9333	0.0641772
66	0.0771365
66.0667	0.0312872
66.1333	0.0722812
66.2	0.0591064
66.2667	0.0661483
66.3333	0.0602781
66.4	0.0323061
66.4667	0.0403826
66.5333	0.0496309
66.6	0.0371653
66.6667	0.0676688
66.7333	0.0256246
66.8	0.0324785
66.8667	0.036507
66.9333	0.212353
67	0.0983095
67.0667	0.0816509
67.1333	0.0719402
67.2	0.0506223
67.2667	0.0508457
67.3333	0.135514
67.4	0.0812512
67.4667	0.0625353
67.5333	0.0508104
67.6	0.0600469
67.6667	0.0558538
67.7333	0.0612107
67.8	0.0600939
67.8667	0.0637266
67.9333	0.0721715
68	0.0485493
68.0667	0.0593768
68.1333	0.0364717
68.2	0.0593297
68.2667	0.0660817
68.3333	0.0569903
68.4	0.0387916
68.4667	0.0557833
68.5333	0.0504577
68.6	0.06308
68.6667	0.0388857
68.7333	0.0438899
68.8	0.0362679
68.8667	0.0588712
68.9333	0.0355351
69	0.233976
69.0667	0.0722577
69.1333	0.0843627
69.2	0.0743385
69.2667	0.104239
69.3333	0.0562496
69.4	0.0462999
69.4667	0.0615125
69.5333	0.0473933
69.6	0.0677315
69.6667	0.0685349
69.7333	0.0777282
69.8	0.0599058
69.8667	0.085887
69.9333	0.0761999
70	0.0557598
70.0667	0.0611715
70.1333	0.0518802
70.2	0.0664266
70.2667	0.0820428
70.3333	0.0629702
70.4	0.0690012
70.4667	0.0470092
70.5333	0.0644868
70.6	0.0504734
70.6667	0.220261
70.7333	0.113009
70.8	0.0896686
70.8667	0.0897235
70.9333	0.0712623
71	0.0611284
71.0667	0.0875172
71.1333	0.0743032
71.2	0.0706275
71.2667	0.059749
71.3333	0.045477
71.4	0.0712623
71.4667	0.060572
71.5333	0.0571666
71.6	0.0563476
71.6667	0.0461079
71.7333	0.0378354
71.8	0.0295943
71.8667	0.0384781
71.9333	0.0376905
72	0.0491959
72.0667	0.0599842
72.1333	0.049815
72.2	0.0668576
72.2667	0.0457944
72.3333	0.185388
72.4	0.101096
72.4667	0.0652627
72.5333	0.0659681
72.6	0.0780065
72.6667	0.085746
72.7333	0.0876622
72.8	0.0837161
72.8667	0.080875
72.9333	0.0727671
73	0.0588908
73.0667	0.0528285
73.1333	0.064236
73.2	0.0764233
73.2667	0.0598196
73.3333	0.0534673
73.4	0.0446619
73.4667	0.0644241
73.5333	0.065537
73.6	0.0665637
73.6667	0.0727749
73.7333	0.0478674
73.8	0.0607718
73.8667	0.0518567
73.9333	0.0489686
74	0.189103
74.0667	0.114086
74.1333	0.0770072
74.2	0.0665872
74.2667	0.051312
74.3333	0.0728455
74.4	0.0609834
74.4667	0.0667714
74.5333	0.0611676
74.6	0.0682801
74.6667	0.0512846
74.7333	0.0683859
74.8	0.0566963
74.8667	0.076243
74.9333	0.0548232
75	0.0453712
75.0667	0.0517391
75.1333	0.0532557
75.2	0.0432316
75.2667	0.0495956
75.3333	0.046296
75.4	0.0461432
75.4667	0.0653019
75.5333	0.0542393
75.6	0.0675748
75.6667	0.206091
75.7333	0.0954684
75.8	0.0724301
75.8667	0.0513708
75.9333	0.0535065
76	0.0408725
76.0667	0.0474755
76.1333	0.0549447
76.2	0.0697536
76.2667	0.0798522
76.3333	0.0406217
76.4	0.0591573
76.4667	0.0800716
76.5333	0.0580444
76.6	0.0515981
76.6667	0.0684761
76.7333	0.0426281
76.8	0.0551563
76.8667	0.0764899
76.9333	0.0532165
77	0.0607052
77.0667	0.0581815
77.1333	0.0623158
77.2	0.0686603
77.2667	0.0700945
77.3333	0.222436
77.4	0.0786726
77.4667	0.104611
77.5333	0.0583736
77.6	0.0499561
77.6667	0.0716816
77.7333	0.0494976
77.8	0.0486512
77.8667	0.0556696
77.9333	0.0494075
78	0.0611794
78.0667	0.0766623
78.1333	0.0432198
78.2	0.0491488
78.2667	0.0572763
78.3333	0.0566846
78.4	0.052856
78.4667	0.0511984
78.5333	0.0593337
78.6	0.0518606
78.6667	0.0718736
78.7333	0.0395754
78.8	0.0596903
78.8667	0.0633856
78.9333	0.0538082
79	0.255051
79.0667	0.0959856
79.1333	0.109494
79.2	0.0765644
79.2667	0.0864866
79.3333	0.0336267
79.4	0.0978627
79.4667	0.0502422
79.5333	0.0565435
79.6	0.0461197
79.6667	0.0555246
79.7333	0.066019
79.8	0.0506811
79.8667	0.0657094
79.9333	0.0299862
80	0.0217294
80.0667	0.0367852
80.1333	0.0208595
80.2	0.0370203
80.2667	0.0391913
80.3333	0.0224779
80.4	0.0217177
80.4667	0.0532557
80.5333	0.0521232
80.6	0.0284579
80.6667	0.268156
80.7333	0.07446
80.8	0.0389993
80.8667	0.0437488
80.9333	0.0639813
81	0.0631583
81.0667	0.089073
81.1333	0.0393638
81.2	0.0483533
81.2667	0.060666
81.3333	0.0719677
81.4	0.103435
81.4667	0.0761882
81.5333	0.0410723
81.6	0.0585186
81.6667	0.0500972
81.7333	0.035014
81.8	0.0364521
81.8667	0.05083
81.9333	0.0345907
82	0.035492
82.0667	0.0300489
82.1333	0.0329449
82.2	0.0333406
82.2667	0.0449362
82.3333	0.127688
82.4	0.0727279
82.4667	0.0765095
82.5333	0.0502657
82.6	0.0491214
82.6667	0.052037
82.7333	0.0656154
82.8	0.0424831
82.8667	0.0407353
82.9333	0.0418482
83	0.0291829
83.0667	0.0583657
83.1333	0.0406844
83.2	0.0379177
83.2667	0.0598078
83.3333	0.0608306
83.4	0.034387
83.4667	0.0405237
83.5333	0.0286303
83.6	0.0391796
83.6667	0.0441485
83.7333	0.0439017
83.8	0.0432041
83.8667	0.0261498
83.9333	0.0368401
84	0.195271
84.0667	0.0810004
84.1333	0.0498033
84.2	0.0548389
84.2667	0.0643928
84.3333	0.0579072
84.4	0.0435372
84.4667	0.0684722
84.5333	0.0379687
84.6	0.0296414
84.6667	0.0527698
84.7333	0.0533027
84.8	0.0499796
84.8667	0.042342
84.9333	0.0311344
85	0.0266945
85.0667	0.03974
85.1333	0.0272627
85.2	0.0283011
85.2667	0.0290104
85.3333	0.0415347
85.4	0.0334073
85.4667	0.0306994
85.5333	0.0290692
85.6	0.0355155
85.6667	0.178122
85.7333	0.0507673
85.8	0.0598666
85.8667	0.0701925
85.9333	0.0406138
86	0.0428593
86.0667	0.0699221
86.1333	0.0430748
86.2	0.0631623
86.2667	0.0758707
86.3333	0.0481104
86.4	0.0625078
86.4667	0.0523034
86.5333	0.0359976
86.6	0.0490156
86.6667	0.0387955
86.7333	0.0359858
86.8	0.0297628
86.8667	0.0461314
86.9333	0.0417542
87	0.0440937
87.0667	0.0552895
87.1333	0.0363032
87.2	0.0352373
87.2667	0.0408881
87.3333	0.124929
87.4	0.0798169
87.4667	0.0464018
87.5333	0.0464919
87.6	0.0323061
87.6667	0.0398105
87.7333	0.0328704
87.8	0.0461941
87.8667	0.0437919
87.9333	0.0477263
88	0.0420834
88.0667	0.0533928
88.1333	0.0600704
88.2	0.0530872
88.2667	0.0708116
88.3333	0.0320161
88.4	0.0525777
88.4667	0.0544705
88.5333	0.0346378
88.6	0.0355547
88.6667	0.0328586
88.7333	0.0262948
88.8	0.0349748
88.8667	0.0404414
88.9333	0.0471856
89	0.213136
89.0667	0.130725
89.1333	0.0688954
89.2	0.087768
89.2667	0.0524523
89.3333	0.0492586
89.4	0.0481496
89.4667	0.0509515
89.5333	0.0466487
89.6	0.0476911
89.6667	0.0742445
89.7333	0.0462137
89.8	0.0437449
89.8667	0.0422088
89.9333	0.0438076
90	0.0549799
90.0667	0.0505322
90.1333	0.0599019
90.2	0.0431375
90.2667	0.0430866
90.3333	0.0417463
90.4	0.0425419
90.4667	0.0526444
90.5333	0.0460648
90.6	0.0471699
90.6667	0.236284
90.7333	0.086902
90.8	0.082419
90.8667	0.0709449
90.9333	0.0668067
91	0.0624255
91.0667	0.0746677
91.1333	0.0574997
91.2	0.0599685
91.2667	0.0750517
91.3333	0.0570647
91.4	0.0762313
91.4667	0.0578876
91.5333	0.0580993
91.6	0.0560576
91.6667	0.0633229
91.7333	0.0616104
91.8	0.0611441
91.8667	0.0655919
91.9333	0.0695968
92	0.0618299
92.0667	0.0618887
92.1333	0.0812747
92.2	0.0665206
92.2667	0.052033
92.3333	0.232127
92.4	0.112213
92.4667	0.0927252
92.5333	0.0792291
92.6	0.126803
92.6667	0.0828892
92.7333	0.0627312
92.8	0.0686367
92.8667	0.107315
92.9333	0.106468
93	0.0813256
93.0667	0.0869138
93.1333	0.0950334
93.2	0.0726574
93.2667	0.0786687
93.3333	0.0559831
93.4	0.0538827
93.4667	0.0918514
93.5333	0.0603917
93.6	0.0708352
93.6667	0.0679157
93.7333	0.0682253
93.8	0.0709331
93.8667	0.0708038
93.9333	0.065055
94	0.247488
94.0667	0.133876
94.1333	0.113761
94.2	0.112589
94.2667	0.102381
94.3333	0.0816587
94.4	0.0727397
94.4667	0.0557872
94.5333	0.0568022
94.6	0.0740211
94.6667	0.0903505
94.7333	0.0686642
94.8	0.0965382
94.8667	0.0886302
94.9333	0.119349
95	0.136411
95.0667	0.10271
95.1333	0.166084
95.2	0.14874
95.2667	0.143285
95.3333	0.19089
95.4	0.20903
95.4667	0.124083
95.5333	0.217635
95.6	0.190157
95.6667	0.210244
95.7333	0.207352
95.8	0.215633
95.8667	0.16244
95.9333	0.185658
96	0.219932
96.0667	0.202129
96.1333	0.24179
96.2	0.268308
96.2667	0.258312
96.3333	0.310768
96.4	0.301845
96.4667	0.293804
96.5333	0.316493
96.6	0.330518
96.6667	0.295728
96.7333	0.305956
96.8	0.342808
96.8667	0.316188
96.9333	0.352824
97	0.350477
97.0667	0.344387
97.1333	0.345872
97.2	0.355136
97.2667	0.339504
97.3333	0.385718
97.4	0.365144
97.4667	0.322195
97.5333	0.353212
97.6	0.360434
97.6667	0.362664
97.7333	0.367276
97.8	0.362805
97.8667	0.372508
97.9333	0.283121
98	0.39727
98.0667	0.307229
98.1333	0.440294
98.2	0.486038
98.2667	0.331404
98.3333	0.410962
98.4	0.350022
98.4667	0.299486
98.5333	0.314479
98.6	0.287577
98.6667	0.402357
98.7333	0.357134
98.8	0.429596
98.8667	0.443986
98.9333	0.451035
99	0.152098
99.0667	0.232362
99.1333	0.298886
99.2	0.437743
99.2667	0.430168
99.3333	0.424161
99.4	0.377292
99.4667	0.435968
99.5333	0.424078
99.6	0.392513
99.6667	0.429937
99.7333	0.420685
99.8	0.431916
99.8667	0.447124
99.9333	0.405954
100	0.454249
100.067	0.444957
100.133	0.471115
100.2	0.501803
100.267	0.502963
100.333	0.44426
100.4	0.546167
100.467	0.555407
100.533	0.581416
100.6	0.607977
100.667	0.417855
100.733	0.533689
100.8	0.618801
100.867	0.542922
100.933	0.634064
101	0.633037
101.067	0.459202
101.133	0.571219
101.2	0.59421
101.267	0.605469
101.333	0.629213
101.4	0.571078
101.467	0.620525
101.533	0.623397
101.6	0.560929
101.667	0.504753
101.733	0.489894
101.8	0.512136
101.867	0.531185
101.933	0.416582
102	0.607957
102.067	0.551535
102.133	0.562085
102.2	0.503754
102.267	0.581251
102.333	0.594928
102.4	0.530715
102.467	0.58026
102.533	0.574531
102.6	0.601037
102.667	0.593105
102.733	0.60744
102.8	0.624322
102.867	0.614705
102.933	0.622872
103	0.626571
103.067	0.494439
103.133	0.490348
103.2	0.558558
103.267	0.603028
103.333	0.580268
103.4	0.605943
103.467	0.487887
103.533	0.607836
103.6	0.590417
103.667	0.511309
103.733	0.595848
103.8	0.513249
103.867	0.510875
103.933	0.483259
104	0.490983
104.067	0.427135
104.133	0.610959
104.2	0.52809
104.267	0.548549
104.333	0.562661
104.4	0.515224
104.467	0.608357
104.533	0.540336
104.6	0.589343
104.667	0.624671
104.733	0.602593
104.8	0.591749
104.867	0.629138
104.933	0.577297
105	0.542099
105.067	0.627402
105.133	0.597197
105.2	0.610818
105.267	0.643716
105.333	0.579856
105.4	0.594148
105.467	0.654477
105.533	0.5893
105.6	0.51343
105.667	0.538047
105.733	0.502383
105.8	0.453692
105.867	0.48137
105.933	0.541441
106	0.474814
106.067	0.634033
106.133	0.478388
106.2	0.603525
106.267	0.615842
106.333	0.417985
106.4	0.527749
106.467	0.628409
106.533	0.601131
106.6	0.554796
106.667	0.646294
106.733	0.58997
106.8	0.589218
106.867	0.637129
106.933	0.601194
107	0.594207
107.067	0.596303
107.133	0.619549
107.2	0.554275
107.267	0.666641
107.333	0.589747
107.4	0.574777
107.467	0.654735
107.533	0.576329
107.6	0.558217
107.667	0.639013
107.733	0.534097
107.8	0.540712
107.867	0.578101
107.933	0.565498
108	0.495039
108.067	0.605038
108.133	0.518516
108.2	0.457627
108.267	0.599446
108.333	0.461016
108.4	0.472957
108.467	0.594979
108.533	0.409164
108.6	0.461299
108.667	0.462157
108.733	0.440498
108.8	0.499651
108.867	0.597777
108.933	0.400476
109	0.439303
109.067	0.573896
109.133	0.437053
109.2	0.473976
109.267	0.576545
109.333	0.482777
109.4	0.536413
109.467	0.58229
109.533	0.451404
109.6	0.477628
109.667	0.564714
109.733	0.487973
109.8	0.511231
109.867	0.568045
109.933	0.477612
110	0.523465
110.067	0.571901
110.133	0.507971
110.2	0.542056
110.267	0.567057
110.333	0.543271
110.4	0.479011
110.467	0.559827
110.533	0.543192
110.6	0.531773
110.667	0.566732
110.733	0.532878
110.8	0.52363
110.867	0.56734
110.933	0.499542
111	0.515945
111.067	0.5631
111.133	0.50841
111.2	0.492021
111.267	0.536382
111.333	0.426974
111.4	0.470531
111.467	0.550403
111.533	0.431583
111.6	0.414387
111.667	0.426767
111.733	0.423581
111.8	0.380992
111.867	0.559224
111.933	0.353862
112	0.326043
112.067	0.581098
112.133	0.382728
112.2	0.365654
112.267	0.57696
112.333	0.372382
112.4	0.31935
112.467	0.391459
112.533	0.435196
112.6	0.449773
112.667	0.589473
112.733	0.387771
112.8	0.448974
112.867	0.609015
112.933	0.413216
113	0.478568
113.067	0.587643
113.133	0.433762
113.2	0.448837
113.267	0.61817
113.333	0.535335
113.4	0.434063
113.467	0.614705
113.533	0.503684
113.6	0.512971
113.667	0.543388
113.733	0.463082
113.8	0.489545
113.867	0.581525
113.933	0.454331
114	0.514076
114.067	0.556598
114.133	0.468944
114.2	0.44774
114.267	0.564087
114.333	0.502759
114.4	0.483812
114.467	0.554768
114.533	0.484678
114.6	0.495462
114.667	0.550317
114.733	0.462419
114.8	0.494416
114.867	0.534728
114.933	0.490003
115	0.493832
115.067	0.544709
115.133	0.518496
115.2	0.502939
115.267	0.524277
115.333	0.483306
115.4	0.503354
115.467	0.531679
115.533	0.512787
115.6	0.522411
115.667	0.531405
115.733	0.493021
115.8	0.48822
115.867	0.518054
115.933	0.469755
116	0.43973
116.067	0.494635
116.133	0.483608
116.2	0.414618
116.267	0.461855
116.333	0.443754
116.4	0.456408
116.467	0.498817
116.533	0.466918
116.6	0.45573
116.667	0.464367
116.733	0.473184
116.8	0.486002
116.867	0.494502
116.933	0.419301
117	0.372421
117.067	0.397799
117.133	0.420132
117.2	0.450835
117.267	0.516855
117.333	0.454597
117.4	0.400053
117.467	0.472765
117.533	0.390009
117.6	0.389057
117.667	0.482444
117.733	0.367527
117.8	0.397709
117.867	0.492558
117.933	0.453089
118	0.442183
118.067	0.493922
118.133	0.349062
118.2	0.416911
118.267	0.430431
118.333	0.417483
118.4	0.406918
118.467	0.495258
118.533	0.439914
118.6	0.423643
118.667	0.466369
118.733	0.418251
118.8	0.415422
118.867	0.446827
118.933	0.396153
119	0.339814
119.067	0.326933
119.133	0.282851
119.2	0.271761
119.267	0.303769
119.333	0.34028
119.4	0.324166
119.467	0.408623
119.533	0.363181
119.6	0.361061
119.667	0.387575
119.733	0.373045
119.8	0.369819
119.867	0.393688
119.933	0.363549
120	0.359231
120.067	0.411233
120.133	0.371685
120.2	0.370395
120.267	0.339696
120.333	0.369388
120.4	0.336726
120.467	0.363632
120.533	0.378272
120.6	0.328026
120.667	0.407588
120.733	0.354489
120.8	0.337764
120.867	0.381658
120.933	0.361868
121	0.362213
121.067	0.384914
121.133	0.352977
121.2	0.335519
121.267	0.389041
121.333	0.34425
121.4	0.343548
121.467	0.381372
121.533	0.301394
121.6	0.306238
121.667	0.371724
121.733	0.317637
121.8	0.296359
121.867	0.373092
121.933	0.323147
122	0.302876
122.067	0.375067
122.133	0.292573
122.2	0.264985
122.267	0.375141
122.333	0.297977
122.4	0.312038
122.467	0.213438
122.533	0.307519
122.6	0.320294
122.667	0.366539
122.733	0.257489
122.8	0.201584
122.867	0.340735
122.933	0.215158
123	0.230524
123.067	0.203657
123.133	0.192829
123.2	0.249851
123.267	0.312739
123.333	0.210766
123.4	0.206208
123.467	0.283748
123.533	0.21691
123.6	0.22253
123.667	0.264668
123.733	0.230779
123.8	0.203908
123.867	0.255514
123.933	0.223353
124	0.21289
124.067	0.243138
124.133	0.20736
124.2	0.194961
124.267	0.229336
124.333	0.180015
124.4	0.186987
124.467	0.211467
124.533	0.18482
124.6	0.188758
124.667	0.214434
124.733	0.184063
124.8	0.193672
124.867	0.223991
124.933	0.20526
125	0.206686
125.067	0.230685
125.133	0.224748
125.2	0.235846
125.267	0.174306
125.333	0.245321
125.4	0.240227
125.467	0.262352
125.533	0.252363
125.6	0.260204
125.667	0.324393
125.733	0.244118
125.8	0.284606
125.867	0.313801
125.933	0.304051
126	0.308981
126.067	0.348882
126.133	0.318433
126.2	0.332693
126.267	0.387144
126.333	0.347816
126.4	0.346746
126.467	0.398814
126.533	0.38495
126.6	0.345539
126.667	0.391251
126.733	0.351629
126.8	0.370486
126.867	0.420301
126.933	0.381047
127	0.407381
127.067	0.412479
127.133	0.430062
127.2	0.412898
127.267	0.433918
127.333	0.424219
127.4	0.403963
127.467	0.448182
127.533	0.424086
127.6	0.392619
127.667	0.422425
127.733	0.380933
127.8	0.361939
127.867	0.375482
127.933	0.390581
128	0.367931
128.067	0.377144
128.133	0.381873
128.2	0.363475
128.267	0.361712
128.333	0.316854
128.4	0.355014
128.467	0.350038
128.533	0.338313
128.6	0.300818
128.667	0.344571
128.733	0.29195
128.8	0.266302
128.867	0.312226
128.933	0.269817
129	0.272341
129.067	0.27062
129.133	0.240211
129.2	0.256258
129.267	0.276922
129.333	0.224716
129.4	0.237542
129.467	0.271165
129.533	0.212995
129.6	0.202971
129.667	0.248648
129.733	0.223039
129.8	0.215684
129.867	0.224473
129.933	0.215923
130	0.204982
130.067	0.202219
130.133	0.200338
130.2	0.185004
130.267	0.187112
130.333	0.170289
130.4	0.144053
130.467	0.133378
130.533	0.116477
130.6	0.105246
130.667	0.125376
130.733	0.0940694
130.8	0.0947552
130.867	0.0880032
130.933	0.0699809
131	0.0668576
131.067	0.0614184
131.133	0.0605837
131.2	0.0402729
131.267	0.0559126
131.333	0.0435411
131.4	0.0553875
131.467	0.0613557
131.533	0.0342772
131.6	0.0574448
131.667	0.054545
131.733	0.0446031
131.8	0.0486551
131.867	0.0760549
131.933	0.0559048
132	0.0904641
132.067	0.0790488
132.133	0.0926312
132.2	0.113977
132.267	0.0622962
132.333	0.110524
132.4	0.0712741
132.467	0.0902094
132.533	0.136584
132.6	0.0789313
132.667	0.0651569
132.733	0.0941203
132.8	0.0724889
132.867	0.104658
132.933	0.0845939
133	0.0589183
133.067	0.0921688
133.133	0.0901428
133.2	0.0574605
133.267	0.0873644
133.333	0.0959739
133.4	0.0665794
133.467	0.0761646
133.533	0.0924784
133.6	0.0859615
133.667	0.0822622
133.733	0.122884
133.8	0.122347
133.867	0.128343
133.933	0.135612
134	0.204104
134.067	0.151949
134.133	0.113201
134.2	0.169062
134.267	0.205601
134.333	0.16954
134.4	0.204578
134.467	0.206428
134.533	0.236476
134.6	0.212016
134.667	0.218211
134.733	0.191043
134.8	0.211698
134.867	0.287404
134.933	0.238836
135	0.249722
135.067	0.332333
135.133	0.27912
135.2	0.247668
135.267	0.316517
135.333	0.272188
135.4	0.254875
135.467	0.359313
135.533	0.280315
135.6	0.331772
135.667	0.369917
135.733	0.296833
135.8	0.28242
135.867	0.303503
135.933	0.309541
136	0.312672
136.067	0.333865
136.133	0.285876
136.2	0.288129
136.267	0.278383
136.333	0.271353
136.4	0.248331
136.467	0.277035
136.533	0.234748
136.6	0.228267
136.667	0.259479
136.733	0.224587
136.8	0.220582
136.867	0.240803
136.933	0.19368
137	0.182261
137.067	0.196474
137.133	0.175881
137.2	0.166296
137.267	0.162526
137.333	0.172189
137.4	0.120407
137.467	0.145448
137.533	0.146827
137.6	0.150464
137.667	0.102698
137.733	0.0923765
137.8	0.103561
137.867	0.113495
137.933	0.10097
138	0.0976119
138.067	0.11148
138.133	0.0752908
138.2	0.054882
138.267	0.0594826
138.333	0.0553052
138.4	0.050587
138.467	0.0403787
138.533	0.0496661
138.6	0.0622727
138.667	0.0818272
138.733	0.0509005
138.8	0.0547448
138.867	0.0406138
138.933	0.0614341
139	0.142489
139.067	0.0960836
139.133	0.0723674
139.2	0.0644946
139.267	0.0805223
139.333	0.0693656
139.4	0.0601409
139.467	0.071517
139.533	0.0581267
139.6	0.0584167
139.667	0.0494898
139.733	0.0604818
139.8	0.0585577
139.867	0.0634836
139.933	0.0437958
140	0.0683899
140.067	0.0523701
140.133	0.072191
140.2	0.0674219
140.267	0.0636286
140.333	0.0816156
140.4	0.0644672
140.467	0.0926312
140.533	0.0900487
140.6	0.1034
140.667	0.183691
140.733	0.122335
140.8	0.111829
140.867	0.14314
140.933	0.103349
141	0.150836
141.067	0.19107
141.133	0.152494
141.2	0.165108
141.267	0.166739
141.333	0.117723
141.4	0.156099
141.467	0.21847
141.533	0.19794
141.6	0.191642
141.667	0.235849
141.733	0.177394
141.8	0.207051
141.867	0.25821
141.933	0.175121
142	0.20988
142.067	0.24498
142.133	0.214575
142.2	0.184463
142.267	0.248072
142.333	0.212678
142.4	0.194115
142.467	0.256862
142.533	0.196482
142.6	0.21381
142.667	0.260824
142.733	0.220269
142.8	0.180023
142.867	0.321772
142.933	0.24353
143	0.231417
143.067	0.30034
143.133	0.250027
143.2	0.247504
143.267	0.299302
143.333	0.249334
143.4	0.239792
143.467	0.289763
143.533	0.25174
143.6	0.265914
143.667	0.27651
143.733	0.242935
143.8	0.247488
143.867	0.264781
143.933	0.230786
144	0.273085
144.067	0.25928
144.133	0.202466
144.2	0.133735
144.267	0.263077
144.333	0.189334
144.4	0.18797
144.467	0.239948
144.533	0.197226
144.6	0.162236
144.667	0.15613
144.733	0.126446
144.8	0.185235
144.867	0.198535
144.933	0.158846
145	0.178949
145.067	0.209022
145.133	0.196388
145.2	0.202967
145.267	0.210389
145.333	0.134037
145.4	0.148269
145.467	0.147294
145.533	0.116434
145.6	0.0971613
145.667	0.165387
145.733	0.0564495
145.8	0.0853659
145.867	0.0831087
145.933	0.0997907
146	0.10215
146.067	0.100104
146.133	0.0851817
146.2	0.0787236
146.267	0.105477
146.333	0.0847663
146.4	0.0924196
146.467	0.109313
146.533	0.0499444
146.6	0.0614615
146.667	0.0490548
146.733	0.0738996
146.8	0.0798091
146.867	0.0766662
146.933	0.0749616
147	0.0775127
147.067	0.0575389
147.133	0.0500933
147.2	0.0523975
147.267	0.041954
147.333	0.144355
147.4	0.0678687
147.467	0.075377
147.533	0.0630134
147.6	0.0377571
147.667	0.0777517
147.733	0.0757218
147.8	0.0584167
147.867	0.0457827
147.933	0.0567669
148	0.0688366
148.067	0.0657251
148.133	0.0595884
148.2	0.0583736
148.267	0.0524759
148.333	0.039979
148.4	0.0434628
148.467	0.0311344
148.533	0.0512023
148.6	0.0515275
148.667	0.0476362
148.733	0.0492351
148.8	0.0541178
148.867	0.0435764
148.933	0.0385212
149	0.146341
149.067	0.0816391
149.133	0.0804204
149.2	0.0593533
149.267	0.0831635
149.333	0.0829558
149.4	0.058448
149.467	0.0561791
149.533	0.0526287
149.6	0.046633
149.667	0.0497798
149.733	0.0628017
149.8	0.0462568
149.867	0.0286578
149.933	0.0408764
150	0.109462
150.067	0.0779869
150.133	0.0431963
150.2	0.0658035
150.267	0.060764
150.333	0.0483259
150.4	0.0696635
150.467	0.0663051
150.533	0.0418992
150.6	0.0388112
150.667	0.101488
150.733	0.0472052
150.8	0.0666578
150.867	0.0582599
150.933	0.0644907
151	0.0596981
151.067	0.0776694
151.133	0.0789979
151.2	0.0846644
151.267	0.0841393
151.333	0.0818351
151.4	0.105892
151.467	0.104666
151.533	0.131454
151.6	0.10409
151.667	0.102118
151.733	0.0922001
151.8	0.0995752
151.867	0.114529
151.933	0.116183
152	0.133519
152.067	0.120466
152.133	0.122833
152.2	0.125521
152.267	0.115105
152.333	0.16552
152.4	0.137219
152.467	0.118342
152.533	0.119819
152.6	0.0988816
152.667	0.130768
152.733	0.108432
152.8	0.12926
152.867	0.14624
152.933	0.138069
153	0.13245
153.067	0.127955
153.133	0.123758
153.2	0.141811
153.267	0.136737
153.333	0.170316
153.4	0.144997
153.467	0.169015
153.533	0.149253
153.6	0.142791
153.667	0.166633
153.733	0.159971
153.8	0.153317
153.867	0.164489
153.933	0.137767
154	0.214014
154.067	0.181602
154.133	0.159485
154.2	0.145068
154.267	0.159501
154.333	0.150323
154.4	0.150284
154.467	0.166155
154.533	0.163553
154.6	0.156852
154.667	0.166594
154.733	0.162377
154.8	0.155558
154.867	0.136701
154.933	0.126031
155	0.120392
155.067	0.131082
155.133	0.117006
155.2	0.106797
155.267	0.114478
155.333	0.100218
155.4	0.0958328
155.467	0.0932347
155.533	0.116884
155.6	0.078175
155.667	0.173475
155.733	0.103557
155.8	0.0785668
155.867	0.0816783
155.933	0.0808593
156	0.0915535
156.067	0.105779
156.133	0.0757806
156.2	0.079429
156.267	0.0898959
156.333	0.0948492
156.4	0.103012
156.467	0.0915731
156.533	0.104775
156.6	0.0583187
156.667	0.0824542
156.733	0.066838
156.8	0.0562418
156.867	0.0894531
156.933	0.0775676
157	0.0763332
157.067	0.107138
157.133	0.102318
157.2	0.115791
157.267	0.0613832
157.333	0.147078
157.4	0.0640675
157.467	0.0656467
157.533	0.0814118
157.6	0.0530754
157.667	0.0851778
157.733	0.0839747
157.8	0.0779634
157.867	0.078269
157.933	0.0671163
158	0.0967694
158.067	0.0793388
158.133	0.0926939
158.2	0.084202
158.267	0.0768739
158.333	0.0748558
158.4	0.0719207
158.467	0.0852365
158.533	0.0695772
158.6	0.0722146
158.667	0.0880345
158.733	0.0698163
158.8	0.051457
158.867	0.0428985
158.933	0.0480124
159	0.0822544
159.067	0.05864
159.133	0.0533027
159.2	0.0700749
159.267	0.0648395
159.333	0.059075
159.4	0.0684526
159.467	0.0542746
159.533	0.0596785
159.6	0.0567277
159.667	0.0557794
159.733	0.0593611
159.8	0.0703767
159.867	0.0671163
159.933	0.0595492
160	0.0779555
160.067	0.0702748
160.133	0.0709135
160.2	0.0838023
160.267	0.0788176
160.333	0.0911421
160.4	0.0913537
160.467	0.0931171
160.533	0.0954253
160.6	0.101088
160.667	0.175638
160.733	0.113808
160.8	0.114031
160.867	0.149782
160.933	0.142215
161	0.127042
161.067	0.132132
161.133	0.112554
161.2	0.117911
161.267	0.128942
161.333	0.102459
161.4	0.0975414
161.467	0.114521
161.533	0.0742288
161.6	0.0855853
161.667	0.053914
161.733	0.033274
161.8	0.0269374
161.867	0.0215256
161.933	0.0567826
162	0.0686132
162.067	0.0368401
162.133	0.0404649
162.2	0.075714
162.267	0.0423342
162.333	0.089986
162.4	0.0630721
162.467	0.0579582
162.533	0.0689542
162.6	0.0901114
162.667	0.0748754
162.733	0.060956
162.8	0.102154
162.867	0.0767485
162.933	0.0802597
163	0.0734059
163.067	0.0837161
163.133	0.0868432
163.2	0.0713211
163.267	0.0819291
163.333	0.0886498
163.4	0.0963814
163.467	0.0881952
163.533	0.0903191
163.6	0.0868589
163.667	0.0976589
163.733	0.120192
163.8	0.107534
163.867	0.0920787
163.933	0.0927605
164	0.132265
164.067	0.103835
164.133	0.108193
164.2	0.0713838
164.267	0.0923491
164.333	0.124302
164.4	0.104948
164.467	0.0948688
164.533	0.0962286
164.6	0.0597412
164.667	0.0794329
164.733	0.101848
164.8	0.0785629
164.867	0.0709175
164.933	0.054545
165	0.0533301
165.067	0.0487491
165.133	0.0491606
165.2	0.0626646
165.267	0.0579347
165.333	0.0408372
165.4	0.0481692
165.467	0.0545606
165.533	0.0384742
165.6	0.0327999
165.667	0.146839
165.733	0.0669478
165.8	0.0564808
165.867	0.050587
165.933	0.0590515
166	0.0698437
166.067	0.0766623
166.133	0.0664344
166.2	0.067563
166.267	0.0572724
166.333	0.0618417
166.4	0.0940694
166.467	0.0746442
166.533	0.0808907
166.6	0.0736214
166.667	0.130016
166.733	0.0517391
166.8	0.0660386
166.867	0.0672103
166.933	0.0633151
167	0.0598353
167.067	0.0629115
167.133	0.0596315
167.2	0.060909
167.267	0.0653803
167.333	0.0855931
167.4	0.0668185
167.467	0.0756748
167.533	0.0720578
167.6	0.0862397
167.667	0.0853502
167.733	0.0632171
167.8	0.0696752
167.867	0.077207
167.933	0.08131
168	0.0762156
168.067	0.0823367
168.133	0.0735508
168.2	0.103898
168.267	0.0977138
168.333	0.0912792
168.4	0.109223
168.467	0.109729
168.533	0.0740564
168.6	0.081839
168.667	0.0774539
168.733	0.113663
168.8	0.115717
168.867	0.103474
168.933	0.078222
169	0.120705
169.067	0.102934
169.133	0.112323
169.2	0.118538
169.267	0.126407
169.333	0.106386
169.4	0.123483
169.467	0.121857
169.533	0.110998
169.6	0.110458
169.667	0.130043
169.733	0.107852
169.8	0.127865
169.867	0.130471
169.933	0.134115
170	0.128848
170.067	0.129702
170.133	0.125913
170.2	0.108098
170.267	0.134793
170.333	0.107307
170.4	0.0958093
170.467	0.103933
170.533	0.102459
170.6	0.0795583
170.667	0.129985
170.733	0.0642791
170.8	0.0552111
170.867	0.0712819
170.933	0.0481143
171	0.0536868
171.067	0.0428083
171.133	0.0368754
171.2	0.0406883
171.267	0.0429925
171.333	0.0308209
171.4	0.0320083
171.467	0.0485258
171.533	0.0578367
171.6	0.0523583
171.667	0.0499052
171.733	0.0460099
171.8	0.0706079
171.867	0.0445404
171.933	0.0437958
172	0.0365579
172.067	0.052276
172.133	0.0395166
172.2	0.0440388
172.267	0.049333
172.333	0.181257
172.4	0.0714974
172.467	0.0755416
172.533	0.0713564
172.6	0.0624687
172.667	0.061007
172.733	0.0554541
172.8	0.0532831
172.867	0.060235
172.933	0.0586361
173	0.0589653
173.067	0.0784493
173.133	0.0814589
173.2	0.0843195
173.267	0.0762822
173.333	0.0490705
173.4	0.0726143
173.467	0.0560929
173.533	0.0568962
173.6	0.055027
173.667	0.0473462
173.733	0.0800207
173.8	0.0378472
173.867	0.0583736
173.933	0.0234537
174	0.17688
174.067	0.07176
174.133	0.0642987
174.2	0.0723008
174.267	0.0573233
174.333	0.0547213
174.4	0.0490391
174.467	0.0397713
174.533	0.0434314
174.6	0.0593023
174.667	0.0406178
174.733	0.069495
174.8	0.048851
174.867	0.0441133
174.933	0.0394852
175	0.038435
175.067	0.0501756
175.133	0.0451517
175.2	0.0679588
175.267	0.0832497
175.333	0.0815137
175.4	0.0750478
175.467	0.0704198
175.533	0.0807927
175.6	0.0729082
175.667	0.1148
175.733	0.0477538
175.8	0.0459002
175.867	0.0699221
175.933	0.0574723
176	0.0731825
176.067	0.0800677
176.133	0.0905621
176.2	0.0989129
176.267	0.115528
176.333	0.131529
176.4	0.124107
176.467	0.142626
176.533	0.140036
176.6	0.14604
176.667	0.16456
176.733	0.157502
176.8	0.161268
176.867	0.164693
176.933	0.152208
177	0.176528
177.067	0.177938
177.133	0.156499
177.2	0.187022
177.267	0.208963
177.333	0.194272
177.4	0.185306
177.467	0.217631
177.533	0.200314
177.6	0.170771
177.667	0.214132
177.733	0.199632
177.8	0.211447
177.867	0.26426
177.933	0.196164
178	0.175419
178.067	0.161523
178.133	0.216452
178.2	0.22106
178.267	0.259718
178.333	0.216597
178.4	0.228729
178.467	0.254518
178.533	0.22606
178.6	0.219657
178.667	0.25683
178.733	0.212067
178.8	0.22202
178.867	0.254416
178.933	0.223353
179	0.249522
179.067	0.235795
179.133	0.208787
179.2	0.201243
179.267	0.209668
179.333	0.206776
179.4	0.187598
179.467	0.172331
179.533	0.158752
179.6	0.154246
179.667	0.153771
179.733	0.147627
179.8	0.134781
179.867	0.148375
179.933	0.145758
180	0.134828
180.067	0.133198
180.133	0.127457
180.2	0.108255
180.267	0.112252
180.333	0.107197
180.4	0.0950608
180.467	0.0920669
180.533	0.0830068
180.6	0.0774931
180.667	0.19736
180.733	0.118295
180.8	0.122261
180.867	0.134037
180.933	0.113875
181	0.11989
181.067	0.120791
181.133	0.111488
181.2	0.114513
181.267	0.107119
181.333	0.116449
181.4	0.145899
181.467	0.153517
181.533	0.128135
181.6	0.147031
181.667	0.129224
181.733	0.100594
181.8	0.101926
181.867	0.109733
181.933	0.11547
182	0.113009
182.067	0.107401
182.133	0.111704
182.2	0.129828
182.267	0.141
182.333	0.153536
182.4	0.125074
182.467	0.139723
182.533	0.140448
182.6	0.136521
182.667	0.123503
182.733	0.12837
182.8	0.146385
182.867	0.104603
182.933	0.161766
183	0.112421
183.067	0.141118
183.133	0.150601
183.2	0.182457
183.267	0.117405
183.333	0.139519
183.4	0.101633
183.467	0.120674
183.533	0.14651
183.6	0.144551
183.667	0.120858
183.733	0.151377
183.8	0.148865
183.867	0.143226
183.933	0.154841
184	0.184831
184.067	0.125333
184.133	0.136008
184.2	0.129855
184.267	0.137826
184.333	0.148399
184.4	0.136819
184.467	0.119275
184.533	0.109211
184.6	0.107001
184.667	0.108067
184.733	0.116543
184.8	0.109298
184.867	0.134895
184.933	0.153626
185	0.124193
185.067	0.109925
185.133	0.116677
185.2	0.11784
185.267	0.115031
185.333	0.123965
185.4	0.126254
185.467	0.132093
185.533	0.125823
185.6	0.129871
185.667	0.223803
185.733	0.1518
185.8	0.138504
185.867	0.147153
185.933	0.140134
186	0.144876
186.067	0.131826
186.133	0.141357
186.2	0.142258
186.267	0.15211
186.333	0.136674
186.4	0.137215
186.467	0.126959
186.533	0.134444
186.6	0.142286
186.667	0.137375
186.733	0.14593
186.8	0.132171
186.867	0.114999
186.933	0.124142
187	0.127798
187.067	0.117257
187.133	0.137889
187.2	0.111665
187.267	0.0808162
187.333	0.206859
187.4	0.137332
187.467	0.103051
187.533	0.112327
187.6	0.0840061
187.667	0.0797699
187.733	0.0575585
187.8	0.0861261
187.867	0.0706588
187.933	0.0811375
188	0.0597295
188.067	0.0862162
188.133	0.0824895
188.2	0.0501285
188.267	0.0680489
188.333	0.0501834
188.4	0.052613
188.467	0.0609795
188.533	0.0704903
188.6	0.0730375
188.667	0.0731002
188.733	0.0920434
188.8	0.0423538
188.867	0.0549486
188.933	0.0549407
189	0.171817
189.067	0.086467
189.133	0.0785708
189.2	0.0442073
189.267	0.0611755
189.333	0.0559439
189.4	0.0566023
189.467	0.075475
189.533	0.0774813
189.6	0.0833242
189.667	0.092063
189.733	0.0900997
189.8	0.0473462
189.867	0.0516568
189.933	0.0587027
190	0.0601762
190.067	0.0747186
190.133	0.0602546
190.2	0.0538435
190.267	0.0683037
190.333	0.0600586
190.4	0.0603212
190.467	0.0568022
190.533	0.0635228
190.6	0.0462529
190.667	0.142854
190.733	0.0625784
190.8	0.0658388
190.867	0.0933836
190.933	0.098909
191	0.0618299
191.067	0.0769954
191.133	0.0876975
191.2	0.085938
191.267	0.09423
191.333	0.0631858
191.4	0.0666186
191.467	0.0824033
191.533	0.0807927
191.6	0.0655253
191.667	0.0665912
191.733	0.056908
191.8	0.0414916
191.867	0.0395087
191.933	0.0292965
192	0.0473893
192.067	0.0593846
192.133	0.0510612
192.2	0.0461824
192.267	0.0655645
192.333	0.13328
192.4	0.0659171
192.467	0.0656232
192.533	0.0726143
192.6	0.0554149
192.667	0.0713015
192.733	0.0611088
192.8	0.0538513
192.867	0.057821
192.933	0.0556853
193	0.0761686
193.067	0.060858
193.133	0.0694048
193.2	0.08372
193.267	0.0791429
193.333	0.0933875
193.4	0.068864
193.467	0.0698163
193.533	0.0673592
193.6	0.0657878
193.667	0.0757649
193.733	0.0715288
193.8	0.0588673
193.867	0.0725947
193.933	0.0758433
194	0.13937
194.067	0.0831557
194.133	0.0706471
194.2	0.0696125
194.267	0.0710468
194.333	0.0684643
194.4	0.069589
194.467	0.0759961
194.533	0.0804047
194.6	0.0829597
194.667	0.069832
194.733	0.0679039
194.8	0.0613126
194.867	0.0888849
194.933	0.075471
195	0.0705256
195.067	0.0817645
195.133	0.064138
195.2	0.0644594
195.267	0.0734921
195.333	0.0659602
195.4	0.0823563
195.467	0.0754554
195.533	0.0931093
195.6	0.0670144
195.667	0.179651
195.733	0.129918
195.8	0.0719285
195.867	0.0867805
195.933	0.107707
196	0.100253
196.067	0.100567
196.133	0.0946141
196.2	0.11005
196.267	0.074699
196.333	0.0829833
196.4	0.0688053
196.467	0.0769602
196.533	0.0754514
196.6	0.116994
196.667	0.0821368
196.733	0.0743659
196.8	0.0874467
196.867	0.0953978
196.933	0.0859458
197	0.0957348
197.067	0.11032
197.133	0.139401
197.2	0.172131
197.267	0.125227
197.333	0.19832
197.4	0.164003
197.467	0.141655
197.533	0.149531
197.6	0.160794
197.667	0.149124
197.733	0.1491
197.8	0.192093
197.867	0.175528
197.933	0.166637
198	0.163929
198.067	0.193366
198.133	0.170728
198.2	0.188821
198.267	0.197073
198.333	0.193699
198.4	0.170755
198.467	0.171437
198.533	0.182919
198.6	0.207709
198.667	0.17947
198.733	0.215723
198.8	0.220312
198.867	0.205091
198.933	0.208156
199	0.289775
199.067	0.215938
199.133	0.216083
199.2	0.215805
199.267	0.207893
199.333	0.217792
199.4	0.236641
199.467	0.222969
199.533	0.189028
199.6	0.223917
199.667	0.231002
199.733	0.202705
199.8	0.219324
199.867	0.233451
199.933	0.23813
200	0.281938
200.067	0.206651
200.133	0.255134
200.2	0.241046
200.267	0.218019
200.333	0.213752
200.4	0.235168
200.467	0.275205
200.533	0.24824
200.6	0.235873
200.667	0.316203
200.733	0.248503
200.8	0.253515
200.867	0.275934
200.933	0.270315
201	0.262618
201.067	0.256893
201.133	0.260216
201.2	0.253217
201.267	0.229619
201.333	0.271925
201.4	0.25388
201.467	0.199672
201.533	0.257485
201.6	0.187618
201.667	0.1607
201.733	0.241473
201.8	0.253511
201.867	0.249871
201.933	0.242014
202	0.140906
202.067	0.142043
202.133	0.169505
202.2	0.19618
202.267	0.157729
202.333	0.233267
202.4	0.243189
202.467	0.191117
202.533	0.196176
202.6	0.190149
202.667	0.162099
202.733	0.14948
202.8	0.218192
202.867	0.17264
202.933	0.210295
203	0.182633
203.067	0.165336
203.133	0.191184
203.2	0.154496
203.267	0.143367
203.333	0.173463
203.4	0.211569
203.467	0.200126
203.533	0.16918
203.6	0.168894
203.667	0.138089
203.733	0.15691
203.8	0.147466
203.867	0.166511
203.933	0.177868
204	0.263018
204.067	0.169372
204.133	0.179149
204.2	0.171284
204.267	0.174987
204.333	0.16425
204.4	0.170109
204.467	0.191364
204.533	0.166029
204.6	0.17168
204.667	0.19647
204.733	0.183895
204.8	0.180192
204.867	0.148418
204.933	0.178608
205	0.136404
205.067	0.136897
205.133	0.12768
205.2	0.131325
205.267	0.114666
205.333	0.116633
205.4	0.134942
205.467	0.111535
205.533	0.109
205.6	0.108631
205.667	0.231163
205.733	0.133727
205.8	0.12647
205.867	0.160155
205.933	0.145236
206	0.159183
206.067	0.147983
206.133	0.134589
206.2	0.124471
206.267	0.139527
206.333	0.122374
206.4	0.140083
206.467	0.143712
206.533	0.141039
206.6	0.141737
206.667	0.152412
206.733	0.14562
206.8	0.146757
206.867	0.140405
206.933	0.160755
207	0.142117
207.067	0.150766
207.133	0.158768
207.2	0.150848
207.267	0.127206
207.333	0.245838
207.4	0.176034
207.467	0.180442
207.533	0.141177
207.6	0.148113
207.667	0.143998
207.733	0.16119
207.8	0.14167
207.867	0.143328
207.933	0.142176
208	0.142913
208.067	0.153889
208.133	0.146592
208.2	0.146236
208.267	0.120987
208.333	0.115376
208.4	0.135467
208.467	0.158541
208.533	0.115666
208.6	0.1196
208.667	0.169956
208.733	0.116073
208.8	0.118005
208.867	0.094763
208.933	0.0804988
209	0.221425
209.067	0.12917
209.133	0.0857068
209.2	0.11411
209.267	0.0861104
209.333	0.0817449
209.4	0.0771443
209.467	0.0881442
209.533	0.112593
209.6	0.0868902
209.667	0.0763253
209.733	0.0914164
209.8	0.104262
209.867	0.117409
209.933	0.0782612
210	0.0815412
210.067	0.0953743
210.133	0.0858126
210.2	0.0915927
210.267	0.0985563
210.333	0.0992068
210.4	0.112809
210.467	0.106292
210.533	0.115011
210.6	0.102518
210.667	0.286123
210.733	0.140585
210.8	0.10849
210.867	0.144645
210.933	0.108369
211	0.114078
211.067	0.0983251
211.133	0.0944377
211.2	0.133672
211.267	0.105755
211.333	0.142297
211.4	0.126724
211.467	0.0987248
211.533	0.104246
211.6	0.104818
211.667	0.0840061
211.733	0.105704
211.8	0.110802
211.867	0.0679392
211.933	0.0977334
212	0.107291
212.067	0.0882657
212.133	0.0823719
212.2	0.0907424
212.267	0.0907071
212.333	0.234999
212.4	0.120055
212.467	0.105967
212.533	0.0824738
212.6	0.0973533
212.667	0.0990854
212.733	0.0854481
212.8	0.0974787
212.867	0.0872273
212.933	0.0728298
213	0.109889
213.067	0.0903662
213.133	0.104717
213.2	0.115956
213.267	0.0747931
213.333	0.140859
213.4	0.108902
213.467	0.0765565
213.533	0.0812864
213.6	0.0945004
213.667	0.105493
213.733	0.108279
213.8	0.116884
213.867	0.0855892
213.933	0.0783944
214	0.235465
214.067	0.152631
214.133	0.0999632
214.2	0.0925293
214.267	0.0530989
214.333	0.0738252
214.4	0.0965852
214.467	0.096209
214.533	0.0901389
214.6	0.0709802
214.667	0.061971
214.733	0.0634562
214.8	0.0583775
214.867	0.0442504
214.933	0.0456533
215	0.0513473
215.067	0.0375572
215.133	0.0396694
215.2	0.0529422
215.267	0.0497249
215.333	0.0468838
215.4	0.0608267
215.467	0.0496269
215.533	0.044705
215.6	0.0589927
215.667	0.229623
215.733	0.0895863
215.8	0.0790371
215.867	0.0831439
215.933	0.0549956
216	0.0756748
216.067	0.0734137
216.133	0.0626215
216.2	0.0795779
216.267	0.0897509
216.333	0.0653372
216.4	0.0640518
216.467	0.0913968
216.533	0.0485885
216.6	0.046535
216.667	0.0695106
216.733	0.0640283
216.8	0.0476793
216.867	0.0511435
216.933	0.0428554
217	0.0361582
217.067	0.0356253
217.133	0.0529618
217.2	0.036264
217.267	0.0423616
217.333	0.175371
217.4	0.0774696
217.467	0.0556853
217.533	0.0360524
217.6	0.0452497
217.667	0.0493644
217.733	0.0305113
217.8	0.0409117
217.867	0.0443641
217.933	0.0285363
218	0.0325961
218.067	0.0613126
218.133	0.041958
218.2	0.0408999
218.267	0.0361269
218.333	0.0444699
218.4	0.0371183
218.467	0.041907
218.533	0.040508
218.6	0.0404963
218.667	0.0440466
218.733	0.0333681
218.8	0.0347514
218.867	0.0386897
218.933	0.0383292
219	0.186806
219.067	0.105465
219.133	0.0605837
219.2	0.063174
219.267	0.0606582
219.333	0.0600704
219.4	0.040414
219.467	0.0740329
219.533	0.042342
219.6	0.0439604
219.667	0.0428475
219.733	0.0543529
219.8	0.0554698
219.867	0.0461236
219.933	0.0499248
220	0.0621904
220.067	0.0810552
220.133	0.0753927
220.2	0.0650433
220.267	0.0631623
220.333	0.0461001
220.4	0.066838
220.467	0.0559831
220.533	0.044078
220.6	0.0489764
220.667	0.177797
220.733	0.0763802
220.8	0.0836416
220.867	0.0755455
220.933	0.0558734
221	0.0499444
221.067	0.0704159
221.133	0.060956
221.2	0.0728102
221.267	0.0810317
221.333	0.0515667
221.4	0.0698437
221.467	0.0630408
221.533	0.0736449
221.6	0.0638872
221.667	0.0639303
221.733	0.0528912
221.8	0.0631544
221.867	0.0723478
221.933	0.0744718
222	0.062018
222.067	0.065584
222.133	0.0649571
222.2	0.0694558
222.267	0.0713015
222.333	0.210832
222.4	0.120223
222.467	0.0749224
222.533	0.0795896
222.6	0.0760314
222.667	0.0903035
222.733	0.0746363
222.8	0.0744913
222.867	0.0935208
222.933	0.0854481
223	0.0673083
223.067	0.0814001
223.133	0.0748911
223.2	0.0884264
223.267	0.0713485
223.333	0.0679549
223.4	0.103306
223.467	0.06491
223.533	0.0635424
223.6	0.0830812
223.667	0.0760863
223.733	0.0701259
223.8	0.0636404
223.867	0.0766506
223.933	0.0600312
224	0.145746
224.067	0.0839434
224.133	0.0615517
224.2	0.0680529
224.267	0.076243
224.333	0.0591652
224.4	0.0564024
224.467	0.0641498
224.533	0.0554306
224.6	0.0507634
224.667	0.0602702
224.733	0.0403826
224.8	0.0409117
224.867	0.0457082
224.933	0.0386074
225	0.0382391
225.067	0.0540198
225.133	0.0347945
225.2	0.0516412
225.267	0.0403944
225.333	0.0334425
225.4	0.0454809
225.467	0.0381058
225.533	0.0471346
225.6	0.0331408
225.667	0.225657
225.733	0.0826031
225.8	0.055556
225.867	0.0371653
225.933	0.0298569
226	0.037714
226.067	0.044172
226.133	0.0364247
226.2	0.0389013
226.267	0.0598705
226.333	0.044658
226.4	0.0661052
226.467	0.0360994
226.533	0.0272548
226.6	0.0380823
226.667	0.0534399
226.733	0.0432433
226.8	0.0503166
226.867	0.0650472
226.933	0.0536789
227	0.0548624
227.067	0.0520487
227.133	0.0590006
227.2	0.0562457
227.267	0.0448892
227.333	0.234815
227.4	0.0660778
227.467	0.093509
227.533	0.0828187
227.6	0.0450812
227.667	0.0680254
227.733	0.0643065
227.8	0.0618495
227.867	0.0704864
227.933	0.0576839
228	0.0712231
228.067	0.101605
228.133	0.0546821
228.2	0.060231
228.267	0.0352216
228.333	0.0661405
228.4	0.0736527
228.467	0.0409156
228.533	0.0523387
228.6	0.0449911
228.667	0.0460295
228.733	0.0780731
228.8	0.0413545
228.867	0.0658701
228.933	0.0878347
229	0.274845
229.067	0.0710546
229.133	0.0787236
229.2	0.102248
229.267	0.067469
229.333	0.0554894
229.4	0.0705491
229.467	0.0652666
229.533	0.0442543
229.6	0.0504342
229.667	0.0471072
229.733	0.0457709
229.8	0.0334151
229.867	0.0249271
229.933	0.0350179
230	0.0471268
230.067	0.0721283
230.133	0.0608071
230.2	0.0707764
230.267	0.0543608
230.333	0.0777948
230.4	0.0381764
230.467	0.0631662
230.533	0.0578798
230.6	0.0515902
230.667	0.238753
230.733	0.111582
230.8	0.0626489
230.867	0.0926312
230.933	0.0597765
231	0.0567512
231.067	0.0728259
231.133	0.0620925
231.2	0.0459002
231.267	0.0566023
231.333	0.0636168
231.4	0.0788568
231.467	0.0681508
231.533	0.0601683
231.6	0.0638128
231.667	0.0540003
231.733	0.0387054
231.8	0.0611833
231.867	0.0683977
231.933	0.0476088
232	0.0462921
232.067	0.0463861
232.133	0.0354724
232.2	0.0376473
232.267	0.0387681
232.333	0.196231
232.4	0.0960914
232.467	0.0863573
232.533	0.0705726
232.6	0.093074
232.667	0.0428005
232.733	0.0621983
232.8	0.0802441
232.867	0.067759
232.933	0.0679666
233	0.0741543
233.067	0.0866355
233.133	0.0532714
233.2	0.0308091
233.267	0.049819
233.333	0.140071
233.4	0.0381176
233.467	0.042534
233.533	0.0235399
233.6	0.0507438
233.667	0.0576212
233.733	0.0220508
233.8	0.0469896
233.867	0.0359858
233.933	0.0283913
234	0.188781
234.067	0.104811
234.133	0.0425223
234.2	0.0532792
234.267	0.102162
234.333	0.0782298
234.4	0.101985
234.467	0.0691344
234.533	0.0510534
234.6	0.0762587
234.667	0.0711918
234.733	0.0689228
234.8	0.0506732
234.867	0.0410096
234.933	0.0687426
235	0.0530127
235.067	0.0504655
235.133	0.0662659
235.2	0.0292808
235.267	0.018857
235.333	0.0631192
235.4	0.0591377
235.467	0.0348219
235.533	0.0489372
235.6	0.0184024
235.667	0.227479
235.733	0.112903
235.8	0.0757689
235.867	0.0499639
235.933	0.0793976
236	0.109078
236.067	0.0408215
236.133	0.0563828
236.2	0.0420559
236.267	0.0358604
236.333	0.0464449
236.4	0.0750752
236.467	0.0639539
236.533	0.0418404
236.6	0.066164
236.667	0.0615242
236.733	0.0352491
236.8	0.0469112
236.867	0.0452027
236.933	0.044513
237	0.0553248
237.067	0.052758
237.133	0.0523661
237.2	0.0806163
237.267	0.073061
237.333	0.232146
237.4	0.0697653
237.467	0.0710311
237.533	0.0678177
237.6	0.0705217
237.667	0.0840883
237.733	0.0867805
237.8	0.0649766
237.867	0.052664
237.933	0.143253
238	0.0993754
238.067	0.12625
238.133	0.066838
238.2	0.0767446
238.267	0.0769406
238.333	0.0702591
238.4	0.0782533
238.467	0.0625666
238.533	0.0935678
238.6	0.0834104
238.667	0.0610266
238.733	0.0542824
238.8	0.0599567
238.867	0.0531303
238.933	0.0546625
239	0.0519625
239.067	0.0401436
239.133	0.06038
239.2	0.0402376
239.267	0.0531852
239.333	0.0594904
239.4	0.0468446
239.467	0.0616692
239.533	0.0404571
239.6	0.191141
239.667	0.0611167
239.733	0.0602115
239.8	0.0803342
239.867	0.066211
239.933	0.0543098
240	0.0314518
240.067	0.0532283
240.133	0.0372711
240.2	0.0448304
240.267	0.0519194
240.333	0.0577897
240.4	0.0755494
240.467	0.0371026
240.533	0.0459355
240.6	0.0181163
240.667	0.0321415
240.733	0.0389013
240.8	0.0422401
240.867	0.0403748
240.933	0.0443288
241	0.0470523
241.067	0.0360171
241.133	0.0249781
241.2	0.0361112
241.267	0.139903
241.333	0.0737115
241.4	0.0806046
241.467	0.0450381
241.533	0.0677394
241.6	0.0848956
241.667	0.0683781
241.733	0.0475853
241.8	0.0833791
241.867	0.0685623
241.933	0.0456925
242	0.0996928
242.067	0.0686172
242.133	0.066309
242.2	0.067516
242.267	0.0562535
242.333	0.0716463
242.4	0.0393128
242.467	0.0651647
242.533	0.081984
242.6	0.0460609
242.667	0.0598431
242.733	0.0601331
242.8	0.0468721
242.867	0.0500031
242.933	0.181924
243	0.109223
243.067	0.0596903
243.133	0.0799345
243.2	0.0967341
243.267	0.0628958
243.333	0.0603839
243.4	0.0716542
243.467	0.0610775
243.533	0.0431884
243.6	0.067998
243.667	0.0755768
243.733	0.0467114
243.8	0.0686093
243.867	0.0576016
243.933	0.0617163
244	0.059028
244.067	0.0551093
244.133	0.0740642
244.2	0.0430983
244.267	0.0471033
244.333	0.0427025
244.4	0.0531891
244.467	0.0450734
244.533	0.0469975
244.6	0.20265
244.667	0.066309
244.733	0.075906
244.8	0.0547997
244.867	0.0617633
244.933	0.0842804
245	0.0636952
245.067	0.057727
245.133	0.0871881
245.2	0.0602624
245.267	0.0479928
245.333	0.0654155
245.4	0.0601409
245.467	0.065537
245.533	0.0530402
245.6	0.0714191
245.667	0.0565749
245.733	0.0492586
245.8	0.0585617
245.867	0.0411585
245.933	0.0348376
246	0.0694558
246.067	0.0547722
246.133	0.0355195
246.2	0.0382234
246.267	0.174494
246.333	0.0663325
246.4	0.0675042
246.467	0.0783827
246.533	0.102107
246.6	0.0784885
246.667	0.0867296
246.733	0.11034
246.8	0.0955546
246.867	0.0863926
246.933	0.102561
247	0.0797307
247.067	0.102275
247.133	0.0812237
247.2	0.0590633
247.267	0.0826972
247.333	0.0897862
247.4	0.071858
247.467	0.0819644
247.533	0.0935952
247.6	0.0616418
247.667	0.0695341
247.733	0.0849897
247.8	0.0717404
247.867	0.0706784
247.933	0.240748
248	0.0841079
248.067	0.0883167
248.133	0.090617
248.2	0.0966401
248.267	0.0958642
248.333	0.0811415
248.4	0.107734
248.467	0.107087
248.533	0.0987915
248.6	0.0776773
248.667	0.101903
248.733	0.0847702
248.8	0.0889829
248.867	0.0756905
248.933	0.0709802
249	0.0761019
249.067	0.074848
249.133	0.0725868
249.2	0.0827795
249.267	0.0921845
249.333	0.0974552
249.4	0.0809769
249.467	0.0965225
249.533	0.0895707
249.6	0.262273
249.667	0.113788
249.733	0.110164
249.8	0.121908
249.867	0.113216
249.933	0.112358
250	0.115419
250.067	0.103094
250.133	0.0937559
250.2	0.0840256
250.267	0.119028
250.333	0.0495094
250.4	0.0822191
250.467	0.0700475
250.533	0.0486747
250.6	0.0474991
250.667	0.0570177
250.733	0.0275879
250.8	0.0531107
250.867	0.0454143
250.933	0.0521153
251	0.0443641
251.067	0.070263
251.133	0.0482084
251.2	0.0381019
251.267	0.167624
251.333	0.07803
251.4	0.0520252
251.467	0.0729121
251.533	0.0330428
251.6	0.0621434
251.667	0.050928
251.733	0.0494898
251.8	0.0639068
251.867	0.0688209
251.933	0.0505243
252	0.0374828
252.067	0.0641851
252.133	0.0540159
252.2	0.0737546
252.267	0.0535535
252.333	0.0773089
252.4	0.0508182
252.467	0.0409234
252.533	0.0736802
252.6	0.0457278
252.667	0.0668341
252.733	0.0559792
252.8	0.0488471
252.867	0.0663952
252.933	0.208896
253	0.112789
253.067	0.0930701
253.133	0.0732021
253.2	0.0695224
253.267	0.0825444
253.333	0.0887125
253.4	0.0940067
253.467	0.096209
253.533	0.0693656
253.6	0.0797229
253.667	0.109497
253.733	0.0961306
253.8	0.0825953
253.867	0.111708
253.933	0.0999553
254	0.0678256
254.067	0.10097
254.133	0.117429
254.2	0.0520448
254.267	0.0788216
254.333	0.0921962
254.4	0.0463509
254.467	0.0797307
254.533	0.0628213
254.6	0.204985
254.667	0.0695106
254.733	0.0606268
254.8	0.0653959
254.867	0.0620493
254.933	0.0683154
255	0.0591103
255.067	0.0701141
255.133	0.0625
255.2	0.0750517
255.267	0.0573508
255.333	0.0510847
255.4	0.0760706
255.467	0.0549917
255.533	0.0642047
255.6	0.0545136
255.667	0.0625823
255.733	0.0480242
255.8	0.0740838
255.867	0.0422558
255.933	0.0670457
256	0.0654234
256.067	0.0389915
256.133	0.0570765
256.2	0.0389053
256.267	0.293866
256.333	0.137712
256.4	0.116841
256.467	0.0652862
256.533	0.0588517
256.6	0.0839355
256.667	0.0617633
256.733	0.0458885
256.8	0.0853188
256.867	0.0395558
256.933	0.0417346
257	0.0870979
257.067	0.0612186
257.133	0.0553757
257.2	0.0825013
257.267	0.0442779
257.333	0.0507399
257.4	0.0595453
257.467	0.0515001
257.533	0.0445247
257.6	0.0558499
257.667	0.0561164
257.733	0.0422362
257.8	0.0216942
257.867	0.0295473
257.933	0.21586
258	0.104599
258.067	0.0670928
258.133	0.124722
258.2	0.148242
258.267	0.121242
258.333	0.107033
258.4	0.0819291
258.467	0.0773638
258.533	0.0681234
258.6	0.0666029
258.667	0.0582011
258.733	0.0653528
258.8	0.0764938
258.867	0.0499091
258.933	0.0507595
259	0.0551563
259.067	0.0473306
259.133	0.0543138
259.2	0.053914
259.267	0.0369067
259.333	0.0431649
259.4	0.042777
259.467	0.0478674
259.533	0.0411507
259.6	0.224085
259.667	0.0764742
259.733	0.0583579
259.8	0.0737625
259.867	0.0616379
259.933	0.0767485
260	0.0804988
260.067	0.0645652
260.133	0.069781
260.2	0.0615203
260.267	0.0463352
260.333	0.0545489
260.4	0.0538317
260.467	0.0529539
260.533	0.0451674
260.6	0.0775323
260.667	0.0421852
260.733	0.0533615
260.8	0.0496544
260.867	0.0634052
260.933	0.0590554
261	0.0615595
261.067	0.0457121
261.133	0.0432825
261.2	0.0400966
261.267	0.234443
261.333	0.0722733
261.4	0.0907345
261.467	0.0589496
261.533	0.0584676
261.6	0.0665363
261.667	0.048851
261.733	0.0596119
261.8	0.0620219
261.867	0.0467231
261.933	0.047985
262	0.0459276
262.067	0.0558264
262.133	0.0399868
262.2	0.0495564
262.267	0.0448578
262.333	0.0366246
262.4	0.0516098
262.467	0.0358369
262.533	0.0426477
262.6	0.0287009
262.667	0.0475539
262.733	0.0416445
262.8	0.0297119
262.867	0.0221879
262.933	0.197403
263	0.0914595
263.067	0.0696556
263.133	0.0659289
263.2	0.0931485
263.267	0.0588517
263.333	0.0762352
263.4	0.0729905
263.467	0.0735704
263.533	0.0607797
263.6	0.0828461
263.667	0.0524955
263.733	0.0474912
263.8	0.0314087
263.867	0.0465272
263.933	0.0521467
264	0.0423577
264.067	0.0426947
264.133	0.0381685
264.2	0.0475853
264.267	0.0313068
264.333	0.0299157
264.4	0.0347984
264.467	0.0311266
264.533	0.0303624
264.6	0.205879
264.667	0.108522
264.733	0.0530989
264.8	0.0619984
264.867	0.103619
264.933	0.0517352
265	0.0811924
265.067	0.070118
265.133	0.0662424
265.2	0.0511827
265.267	0.0419658
265.333	0.0502187
265.4	0.0478361
265.467	0.0476832
265.533	0.0428593
265.6	0.0318868
265.667	0.0588085
265.733	0.0803891
265.8	0.0551367
265.867	0.0588203
265.933	0.044321
266	0.0399398
266.067	0.046876
266.133	0.0583971
266.2	0.0343752
266.267	0.178412
266.333	0.116465
266.4	0.089167
266.467	0.0930701
266.533	0.0850602
266.6	0.0527188
266.667	0.137191
266.733	0.0463274
266.8	0.0396812
266.867	0.0336973
266.933	0.0316438
267	0.059945
267.067	0.0515158
267.133	0.0680803
267.2	0.0726848
267.267	0.092016
267.333	0.0597804
267.4	0.035347
267.467	0.0401984
267.533	0.0391012
267.6	0.026718
267.667	0.0299705
267.733	0.0669086
267.8	0.0586831
267.867	0.0410488
267.933	0.201145
268	0.0765369
268.067	0.0697418
268.133	0.069201
268.2	0.0760118
268.267	0.0711095
268.333	0.0368322
268.4	0.092882
268.467	0.0538513
268.533	0.0602154
268.6	0.0497758
268.667	0.0542902
268.733	0.0575114
268.8	0.0486904
268.867	0.0661209
268.933	0.0791938
269	0.0855579
269.067	0.0730845
269.133	0.0385957
269.2	0.0667793
269.267	0.0719324
269.333	0.0583265
269.4	0.0418443
269.467	0.0322473
269.533	0.0511435
269.6	0.216867
269.667	0.0764194
269.733	0.0917377
269.8	0.0654547
269.867	0.0857852
269.933	0.0505008
270	0.0410096
270.067	0.0748244
270.133	0.055023
270.2	0.0781554
270.267	0.0361151
270.333	0.0772854
270.4	0.0673984
270.467	0.069444
270.533	0.0731825
270.6	0.0655096
270.667	0.0372751
270.733	0.0652784
270.8	0.0480986
270.867	0.0541805
270.933	0.0323022
271	0.0490861
271.067	0.0408098
271.133	0.0249545
271.2	0.0180811
271.267	0.153493
271.333	0.140698
271.4	0.081455
271.467	0.0818272
271.533	0.0648003
271.6	0.0594042
271.667	0.0923451
271.733	0.0759413
271.8	0.0625039
271.867	0.0868589
271.933	0.0534791
272	0.0505282
272.067	0.0792134
272.133	0.0754671
272.2	0.0527345
272.267	0.0451557
272.333	0.0592396
272.4	0.0362719
272.467	0.0720539
272.533	0.0563241
272.6	0.0376042
272.667	0.0483925
272.733	0.0464253
272.8	0.0638441
272.867	0.0570255
272.933	0.229368
273	0.131482
273.067	0.158207
273.133	0.0820388
273.2	0.103439
273.267	0.0999475
273.333	0.103772
273.4	0.120431
273.467	0.128202
273.533	0.102808
273.6	0.117891
273.667	0.100022
273.733	0.0808084
273.8	0.115619
273.867	0.0805497
273.933	0.0730257
274	0.0954605
274.067	0.10318
274.133	0.0697967
274.2	0.095535
274.267	0.0735587
274.333	0.0351825
274.4	0.0692167
274.467	0.071568
274.533	0.0472874
274.6	0.169156
274.667	0.0752163
274.733	0.104956
274.8	0.0554698
274.867	0.0834026
274.933	0.0828579
275	0.0962678
275.067	0.0902055
275.133	0.0861535
275.2	0.0724066
275.267	0.0829402
275.333	0.0865297
275.4	0.105943
275.467	0.114141
275.533	0.0695381
275.6	0.0950491
275.667	0.0795935
275.733	0.0697614
275.8	0.151318
275.867	0.145405
275.933	0.0486394
276	0.157769
276.067	0.1875
276.133	0.157659
276.2	0.174317
276.267	0.271204
276.333	0.201039
276.4	0.198182
276.467	0.232793
276.533	0.14142
276.6	0.142293
276.667	0.165916
276.733	0.197665
276.8	0.145166
276.867	0.173949
276.933	0.110928
277	0.239533
277.067	0.22012
277.133	0.194722
277.2	0.191481
277.267	0.230841
277.333	0.0909461
277.4	0.247226
277.467	0.253292
277.533	0.114118
277.6	0.200984
277.667	0.227122
277.733	0.139225
277.8	0.275515
277.867	0.236892
277.933	0.209167
278	0.192939
278.067	0.276197
278.133	0.171026
278.2	0.189428
278.267	0.189671
278.333	0.1761
278.4	0.190149
278.467	0.188225
278.533	0.18933
278.6	0.225414
278.667	0.212533
278.733	0.186226
278.8	0.207799
278.867	0.208783
278.933	0.197802
279	0.217275
279.067	0.222804
279.133	0.206796
279.2	0.254032
279.267	0.255059
279.333	0.16956
279.4	0.239666
279.467	0.263994
279.533	0.20189
279.6	0.297687
279.667	0.279641
279.733	0.200542
279.8	0.251908
279.867	0.239282
279.933	0.254714
280	0.260157
280.067	0.262646
280.133	0.215762
280.2	0.285837
280.267	0.266404
280.333	0.375455
280.4	0.323594
280.467	0.466503
280.533	0.42583
280.6	0.443562
280.667	0.540598
280.733	0.463364
280.8	0.517979
280.867	0.498429
280.933	0.508994
281	0.489874
281.067	0.452697
281.133	0.449456
281.2	0.53155
281.267	0.584414
281.333	0.477111
281.4	0.571396
281.467	0.542377
281.533	0.446541
281.6	0.564299
281.667	0.473513
281.733	0.539285
281.8	0.4782
281.867	0.544924
281.933	0.530547
282	0.480524
282.067	0.51107
282.133	0.510118
282.2	0.515636
282.267	0.528156
282.333	0.502727
282.4	0.514174
282.467	0.559859
282.533	0.559733
282.6	0.530143
282.667	0.534218
282.733	0.565945
282.8	0.524978
282.867	0.503421
282.933	0.493844
283	0.525119
283.067	0.543808
283.133	0.551249
283.2	0.553604
283.267	0.573954
283.333	0.553608
283.4	0.578618
283.467	0.572885
283.533	0.570212
283.6	0.581788
283.667	0.548585
283.733	0.577231
283.8	0.598274
283.867	0.597784
283.933	0.606625
284	0.582533
284.067	0.574668
284.133	0.607342
284.2	0.575898
284.267	0.591095
284.333	0.638974
284.4	0.580663
284.467	0.446768
284.533	0.626646
284.6	0.492237
284.667	0.572073
284.733	0.624757
284.8	0.553444
284.867	0.577693
284.933	0.46874
285	0.520119
285.067	0.556967
285.133	0.447281
285.2	0.460009
285.267	0.59713
285.333	0.534195
285.4	0.494271
285.467	0.545356
285.533	0.532537
285.6	0.544243
285.667	0.569432
285.733	0.544889
285.8	0.577329
285.867	0.58285
285.933	0.643434
286	0.596334
286.067	0.585276
286.133	0.642438
286.2	0.573022
286.267	0.519574
286.333	0.619804
286.4	0.534763
286.467	0.52497
286.533	0.553753
286.6	0.620901
286.667	0.596805
286.733	0.518297
286.8	0.47655
286.867	0.64923
286.933	0.641478
287	0.662651
287.067	0.683546
287.133	0.689765
287.2	0.66182
287.267	0.673024
287.333	0.703163
287.4	0.628738
287.467	0.654199
287.533	0.716236
287.6	0.6717
287.667	0.69243
287.733	0.713752
287.8	0.706475
287.867	0.7016
287.933	0.660625
288	0.662067
288.067	0.659136
288.133	0.685737
288.2	0.664038
288.267	0.656855
288.333	0.67594
288.4	0.674588
288.467	0.664317
288.533	0.69089
288.6	0.673706
288.667	0.660794
288.733	0.6827
288.8	0.666198
288.867	0.491089
288.933	0.506787
289	0.47541
289.067	0.475104
289.133	0.496191
289.2	0.657855
289.267	0.603804
289.333	0.686183
289.4	0.6464
289.467	0.654202
289.533	0.678718
289.6	0.622911
289.667	0.647372
289.733	0.661495
289.8	0.658301
289.867	0.630322
289.933	0.66298
290	0.65267
290.067	0.649825
290.133	0.662181
290.2	0.6325
290.267	0.633762
290.333	0.663004
290.4	0.61467
290.467	0.621552
290.533	0.622092
290.6	0.609862
290.667	0.617554
290.733	0.633794
290.8	0.616379
290.867	0.605391
290.933	0.611414
291	0.567457
291.067	0.589947
291.133	0.581667
291.2	0.52747
291.267	0.475332
291.333	0.515612
291.4	0.541202
291.467	0.554467
291.533	0.591738
291.6	0.571329
291.667	0.564616
291.733	0.590205
291.8	0.564448
291.867	0.558479
291.933	0.599924
292	0.569483
292.067	0.563002
292.133	0.596914
292.2	0.496504
292.267	0.507297
292.333	0.610571
292.4	0.515322
292.467	0.494298
292.533	0.602487
292.6	0.514452
292.667	0.499252
292.733	0.596664
292.8	0.470578
292.867	0.417703
292.933	0.554584
293	0.467188
293.067	0.47019
293.133	0.46559
293.2	0.406197
293.267	0.468913
293.333	0.578959
293.4	0.518743
293.467	0.501544
293.533	0.565063
293.6	0.488197
293.667	0.500431
293.733	0.541778
293.8	0.484121
293.867	0.493757
293.933	0.554263
294	0.478439
294.067	0.516094
294.133	0.548726
294.2	0.508833
294.267	0.460907
294.333	0.520977
294.4	0.49489
294.467	0.493268
294.533	0.555384
294.6	0.488177
294.667	0.482914
294.733	0.531534
294.8	0.478263
294.867	0.454629
294.933	0.530425
295	0.451204
295.067	0.452893
295.133	0.53617
295.2	0.488839
295.267	0.502081
295.333	0.543396
295.4	0.484815
295.467	0.48447
295.533	0.541707
295.6	0.503648
295.667	0.389554
295.733	0.417138
295.8	0.237444
295.867	0.309737
295.933	0.586412
296	0.436371
296.067	0.433942
296.133	0.589465
296.2	0.524978
296.267	0.519602
296.333	0.603623
296.4	0.503601
296.467	0.50424
296.533	0.616375
296.6	0.499514
296.667	0.533384
296.733	0.643794
296.8	0.52912
296.867	0.543083
296.933	0.638402
297	0.504702
297.067	0.49701
297.133	0.637987
297.2	0.50819
297.267	0.537851
297.333	0.614713
297.4	0.484838
297.467	0.52332
297.533	0.593909
297.6	0.524304
297.667	0.535394
297.733	0.614506
297.8	0.496681
297.867	0.545054
297.933	0.611759
298	0.440909
298.067	0.534924
298.133	0.561042
298.2	0.530092
298.267	0.528176
298.333	0.588395
298.4	0.524962
298.467	0.514903
298.533	0.574542
298.6	0.507473
298.667	0.500823
298.733	0.576451
298.8	0.508065
298.867	0.485689
298.933	0.534387
299	0.468427
299.067	0.450632
299.133	0.537467
299.2	0.459386
299.267	0.464841
299.333	0.552413
299.4	0.473129
299.467	0.46162
299.533	0.578355
299.6	0.36025
299.667	0.387658
299.733	0.534806
299.8	0.430662
299.867	0.418502
299.933	0.556524
300	0.386596
300.067	0.39506
300.133	0.556516
300.2	0.452474
300.267	0.453246
300.333	0.546821
300.4	0.45127
300.467	0.411864
300.533	0.571548
300.6	0.403015
300.667	0.423263
300.733	0.561387
300.8	0.429635
300.867	0.468227
300.933	0.56433
301	0.438421
301.067	0.420677
301.133	0.555368
301.2	0.455808
301.267	0.419889
301.333	0.498397
301.4	0.372265
301.467	0.367025
301.533	0.512575
301.6	0.456087
301.667	0.438123
301.733	0.545077
301.8	0.409646
301.867	0.385463
301.933	0.549231
302	0.455526
302.067	0.457329
302.133	0.520217
302.2	0.378155
302.267	0.443582
302.333	0.550622
302.4	0.439185
302.467	0.370317
302.533	0.530982
302.6	0.334186
302.667	0.335672
302.733	0.326913
302.8	0.405805
302.867	0.426022
302.933	0.324762
303	0.406295
303.067	0.371908
303.133	0.342972
303.2	0.421096
303.267	0.417734
303.333	0.504706
303.4	0.433765
303.467	0.409407
303.533	0.410147
303.6	0.452332
303.667	0.455287
303.733	0.539756
303.8	0.471989
303.867	0.472048
303.933	0.549255
304	0.495881
304.067	0.498915
304.133	0.571431
304.2	0.495278
304.267	0.511991
304.333	0.57448
304.4	0.519876
304.467	0.519468
304.533	0.597918
304.6	0.498221
304.667	0.388994
304.733	0.583928
304.8	0.511251
304.867	0.495215
304.933	0.582834
305	0.514707
305.067	0.485485
305.133	0.58392
305.2	0.483345
305.267	0.497284
305.333	0.551383
305.4	0.498272
305.467	0.493534
305.533	0.55788
305.6	0.463027
305.667	0.495388
305.733	0.539191
305.8	0.473619
305.867	0.457274
305.933	0.524085
306	0.440678
306.067	0.462533
306.133	0.535982
306.2	0.468003
306.267	0.482452
306.333	0.443249
306.4	0.436226
306.467	0.352985
306.533	0.386364
306.6	0.44067
306.667	0.414991
306.733	0.393865
306.8	0.458038
306.867	0.393873
306.933	0.378641
307	0.427652
307.067	0.452395
307.133	0.480955
307.2	0.405962
307.267	0.415343
307.333	0.443339
307.4	0.368875
307.467	0.384824
307.533	0.488189
307.6	0.371881
307.667	0.405225
307.733	0.280723
307.8	0.362578
307.867	0.373135
307.933	0.458069
308	0.350347
308.067	0.377755
308.133	0.43424
308.2	0.396377
308.267	0.374804
308.333	0.429181
308.4	0.378535
308.467	0.358628
308.533	0.417397
308.6	0.330369
308.667	0.352389
308.733	0.419341
308.8	0.405409
308.867	0.395938
308.933	0.407576
309	0.376517
309.067	0.398638
309.133	0.410128
309.2	0.38946
309.267	0.376912
309.333	0.416825
309.4	0.378484
309.467	0.390416
309.533	0.424991
309.6	0.388335
309.667	0.372692
309.733	0.430881
309.8	0.378319
309.867	0.390071
309.933	0.444025
310	0.401169
310.067	0.421386
310.133	0.439295
310.2	0.389009
310.267	0.380764
310.333	0.44172
310.4	0.373801
310.467	0.390973
310.533	0.435168
310.6	0.368232
310.667	0.369913
310.733	0.424886
310.8	0.377931
310.867	0.364459
310.933	0.405962
311	0.356476
311.067	0.328602
311.133	0.402267
311.2	0.331435
311.267	0.354129
311.333	0.390365
311.4	0.335221
311.467	0.341232
311.533	0.388845
311.6	0.261866
311.667	0.294337
311.733	0.38899
311.8	0.336201
311.867	0.317763
311.933	0.364412
312	0.344798
312.067	0.332509
312.133	0.377857
312.2	0.347381
312.267	0.319099
312.333	0.364737
312.4	0.307429
312.467	0.323226
312.533	0.358298
312.6	0.331714
312.667	0.313919
312.733	0.35849
312.8	0.334994
312.867	0.342988
312.933	0.368789
313	0.314459
313.067	0.315502
313.133	0.34715
313.2	0.315106
313.267	0.273442
313.333	0.367202
313.4	0.321834
313.467	0.34354
313.533	0.374318
313.6	0.353384
313.667	0.344375
313.733	0.387497
313.8	0.355951
313.867	0.353361
313.933	0.376438
314	0.348921
314.067	0.351158
314.133	0.38301
314.2	0.339825
314.267	0.325534
314.333	0.326741
314.4	0.34425
314.467	0.252469
314.533	0.314839
314.6	0.293384
314.667	0.290226
314.733	0.313013
314.8	0.348509
314.867	0.378782
314.933	0.342353
315	0.336549
315.067	0.365493
315.133	0.35398
315.2	0.379217
315.267	0.345943
315.333	0.353012
315.4	0.352753
315.467	0.282914
315.533	0.411997
315.6	0.326588
315.667	0.330808
315.733	0.381207
315.8	0.33943
315.867	0.355097
315.933	0.361606
316	0.357033
316.067	0.345856
316.133	0.406546
316.2	0.354289
316.267	0.336463
316.333	0.415179
316.4	0.357217
316.467	0.332207
316.533	0.406389
316.6	0.358659
316.667	0.365176
316.733	0.395037
316.8	0.358118
316.867	0.341542
316.933	0.376038
317	0.318778
317.067	0.290492
317.133	0.287432
317.2	0.28222
317.267	0.298835
317.333	0.33457
317.4	0.303134
317.467	0.28021
317.533	0.312136
317.6	0.270327
317.667	0.256215
317.733	0.266713
317.8	0.213783
317.867	0.256446
317.933	0.282416
318	0.216522
318.067	0.201686
318.133	0.217568
318.2	0.198907
318.267	0.192857
318.333	0.215127
318.4	0.179427
318.467	0.161182
318.533	0.176006
318.6	0.150045
318.667	0.139292
318.733	0.14642
318.8	0.105583
318.867	0.107758
318.933	0.0676649
319	0.0897979
319.067	0.0728612
319.133	0.0807182
319.2	0.0649022
319.267	0.0552817
319.333	0.0531538
319.4	0.0397595
319.467	0.0551876
319.533	0.0702905
319.6	0.128006
319.667	0.0674219
319.733	0.058209
319.8	0.0599724
319.867	0.0598862
319.933	0.0473658
320	0.0307621
320.067	0.0721675
320.133	0.0815843
320.2	0.0676061
320.267	0.0754867
320.333	0.0664383
320.4	0.0652745
320.467	0.0616104
320.533	0.0564808
320.6	0.0684486
320.667	0.120768
320.733	0.121689
320.8	0.0974356
320.867	0.0914281
320.933	0.08642
321	0.1329
321.067	0.0968321
321.133	0.0772854
321.2	0.044752
321.267	0.160128
321.333	0.0854756
321.4	0.0555286
321.467	0.0567786
321.533	0.0667322
321.6	0.0650354
321.667	0.0640832
321.733	0.0541452
321.8	0.0479419
321.867	0.0758551
321.933	0.0563985
322	0.0578876
322.067	0.0464175
322.133	0.0465703
322.2	0.150346
322.267	0.0729356
322.333	0.0492782
322.4	0.0542863
322.467	0.0380157
322.533	0.0301782
322.6	0.0512728
322.667	0.0873252
322.733	0.050156
322.8	0.0511905
322.867	0.0342655
322.933	0.0651295
323	0.0535457
323.067	0.0445443
323.133	0.047597
323.2	0.0525229
323.267	0.0480085
323.333	0.0519899
323.4	0.0470915
323.467	0.05623
323.533	0.039305
323.6	0.0636795
323.667	0.0456494
323.733	0.0430082
323.8	0.0355547
323.867	0.153458
323.933	0.0634287
324	0.0673984
324.067	0.0634366
324.133	0.0429376
324.2	0.0449049
324.267	0.0485179
324.333	0.0433217
324.4	0.0490509
324.467	0.0434118
324.533	0.0423694
324.6	0.0407549
324.667	0.0526444
324.733	0.0699103
324.8	0.046053
324.867	0.0427809
324.933	0.0537612
325	0.0341714
325.067	0.0499757
325.133	0.0558068
325.2	0.0537534
325.267	0.0338697
325.333	0.052711
325.4	0.0422715
325.467	0.0295316
325.533	0.146647
325.6	0.0863965
325.667	0.0677394
325.733	0.0596472
325.8	0.0563437
325.867	0.0519782
325.933	0.0495211
326	0.0310913
326.067	0.0372907
326.133	0.0486943
326.2	0.0486825
326.267	0.0697653
326.333	0.0334582
326.4	0.0294415
326.467	0.0663325
326.533	0.0512297
326.6	0.044944
326.667	0.0599175
326.733	0.0695655
326.8	0.0720774
326.867	0.0509358
326.933	0.0480398
327	0.039544
327.067	0.0352491
327.133	0.0339559
327.2	0.153701
327.267	0.0485023
327.333	0.0519782
327.4	0.0476597
327.467	0.0483142
327.533	0.0343164
327.6	0.0292181
327.667	0.0292064
327.733	0.0358486
327.8	0.0437802
327.867	0.0430082
327.933	0.0831126
328	0.084057
328.067	0.0814471
328.133	0.0697026
328.2	0.0757297
328.267	0.0814354
328.333	0.0737899
328.4	0.0797973
328.467	0.0952685
328.533	0.0932621
328.6	0.104595
328.667	0.0947121
328.733	0.104564
328.8	0.100888
328.867	0.13745
328.933	0.125031
329	0.10398
329.067	0.126485
329.133	0.113824
329.2	0.111269
329.267	0.134863
329.333	0.143328
329.4	0.130909
329.467	0.117609
329.533	0.123762
329.6	0.14265
329.667	0.136
329.733	0.136533
329.8	0.168345
329.867	0.131948
329.933	0.133837
330	0.133257
330.067	0.121167
330.133	0.130279
330.2	0.139347
330.267	0.137853
330.333	0.117257
330.4	0.130753
330.467	0.129789
330.533	0.155484
330.6	0.117311
330.667	0.144104
330.733	0.136948
330.8	0.124016
330.867	0.139166
330.933	0.140036
331	0.12685
331.067	0.128515
331.133	0.122868
331.2	0.103784
331.267	0.13482
331.333	0.114768
331.4	0.10474
331.467	0.126305
331.533	0.113796
331.6	0.111143
331.667	0.135267
331.733	0.116308
331.8	0.129687
331.867	0.126156
331.933	0.132457
332	0.12112
332.067	0.127657
332.133	0.105598
332.2	0.178847
332.267	0.136251
332.333	0.136627
332.4	0.139527
332.467	0.129699
332.533	0.140248
332.6	0.133308
332.667	0.141278
332.733	0.126419
332.8	0.124338
332.867	0.15135
332.933	0.127806
333	0.149602
333.067	0.163827
333.133	0.159379
333.2	0.154978
333.267	0.165661
333.333	0.177162
333.4	0.154336
333.467	0.164575
333.533	0.148857
333.6	0.146338
333.667	0.160853
333.733	0.132912
333.8	0.129158
333.867	0.17005
333.933	0.12627
334	0.125313
334.067	0.134879
334.133	0.134742
334.2	0.130102
334.267	0.116543
334.333	0.0851778
334.4	0.0915418
334.467	0.08854
334.533	0.0763488
334.6	0.0885714
334.667	0.0853502
334.733	0.0801226
334.8	0.0868589
334.867	0.0959582
334.933	0.0601096
335	0.106045
335.067	0.0935403
335.133	0.130717
335.2	0.0912322
335.267	0.0785786
335.333	0.0768818
335.4	0.0866355
335.467	0.0613518
335.533	0.176684
335.6	0.0871175
335.667	0.104783
335.733	0.0823719
335.8	0.0800324
335.867	0.0900017
335.933	0.0801657
336	0.0976746
336.067	0.0792644
336.133	0.0627743
336.2	0.0542746
336.267	0.0518136
336.333	0.0656311
336.4	0.0585029
336.467	0.0560772
336.533	0.063225
336.6	0.0633151
336.667	0.0698202
336.733	0.070361
336.8	0.0852483
336.867	0.09153
336.933	0.0835319
337	0.0998025
337.067	0.111065
337.133	0.107115
337.2	0.171512
337.267	0.122284
337.333	0.1246
337.4	0.131239
337.467	0.147458
337.533	0.138504
337.6	0.152157
337.667	0.174435
337.733	0.150629
337.8	0.207823
337.867	0.212854
337.933	0.175054
338	0.233557
338.067	0.217016
338.133	0.177139
338.2	0.141772
338.267	0.219924
338.333	0.18973
338.4	0.156738
338.467	0.240728
338.533	0.208822
338.6	0.211204
338.667	0.271628
338.733	0.199672
338.8	0.178416
338.867	0.304204
338.933	0.185302
339	0.199515
339.067	0.256881
339.133	0.192696
339.2	0.249973
339.267	0.260534
339.333	0.206862
339.4	0.194691
339.467	0.253793
339.533	0.231907
339.6	0.20812
339.667	0.253766
339.733	0.212944
339.8	0.206333
339.867	0.206443
339.933	0.185066
340	0.171394
340.067	0.169309
340.133	0.13997
340.2	0.117339
340.267	0.152106
340.333	0.14653
340.4	0.144939
340.467	0.130467
340.533	0.128535
340.6	0.107852
340.667	0.108102
340.733	0.0879601
340.8	0.0982742
340.867	0.0930544
340.933	0.0986347
341	0.08613
341.067	0.0858126
341.133	0.0825365
341.2	0.0666304
341.267	0.0621238
341.333	0.046343
341.4	0.0383292
341.467	0.0458179
341.533	0.0846722
341.6	0.0474991
341.667	0.0626097
341.733	0.083093
341.8	0.0583775
341.867	0.0459629
341.933	0.0583109
342	0.0619945
342.067	0.0592514
342.133	0.0553522
342.2	0.157667
342.267	0.0709057
342.333	0.106907
342.4	0.0873566
342.467	0.0738996
342.533	0.0616967
342.6	0.0749459
342.667	0.0909971
342.733	0.0731668
342.8	0.0663325
342.867	0.0772697
342.933	0.0665245
343	0.0755337
343.067	0.0695185
343.133	0.0431336
343.2	0.0373417
343.267	0.0769445
343.333	0.0612186
343.4	0.0475069
343.467	0.0555286
343.533	0.0677002
343.6	0.0475774
343.667	0.0491763
343.733	0.095535
343.8	0.0344144
343.867	0.170211
343.933	0.125145
344	0.0495446
344.067	0.0708548
344.133	0.0711016
344.2	0.0561007
344.267	0.0359897
344.333	0.053918
344.4	0.0685505
344.467	0.0809142
344.533	0.0597686
344.6	0.069926
344.667	0.0828696
344.733	0.0820153
344.8	0.0533419
344.867	0.0809102
344.933	0.0545763
345	0.0737781
345.067	0.0504028
345.133	0.0641106
345.2	0.0711722
345.267	0.0598313
345.333	0.0531303
345.4	0.060376
345.467	0.0312755
345.533	0.142768
345.6	0.0864592
345.667	0.0899155
345.733	0.0652
345.8	0.086177
345.867	0.0804792
345.933	0.0863142
346	0.075185
346.067	0.0577622
346.133	0.0681665
346.2	0.0331761
346.267	0.170544
346.333	0.0923804
346.4	0.0899351
346.467	0.102021
346.533	0.0817724
346.6	0.0607483
346.667	0.0694087
346.733	0.0752829
346.8	0.0812237
346.867	0.0708861
346.933	0.0467702
347	0.0539571
347.067	0.0754671
347.133	0.0651726
347.2	0.0615909
347.267	0.065729
347.333	0.0694009
347.4	0.0513002
347.467	0.0638245
347.533	0.0801383
347.6	0.0569628
347.667	0.0483416
347.733	0.0507007
347.8	0.0525856
347.867	0.047938
347.933	0.166766
348	0.0648669
348.067	0.0629232
348.133	0.0739349
348.2	0.0945318
348.267	0.0639264
348.333	0.0415034
348.4	0.079476
348.467	0.068864
348.533	0.040269
348.6	0.0399241
348.667	0.0857499
348.733	0.100324
348.8	0.106919
348.867	0.0758982
348.933	0.0437488
349	0.069781
349.067	0.0495094
349.133	0.0611088
349.2	0.0715719
349.267	0.0649218
349.333	0.0528834
349.4	0.0680529
349.467	0.0661288
349.533	0.0430474
349.6	0.155829
349.667	0.0656467
349.733	0.0746246
349.8	0.0553757
349.867	0.0658388
349.933	0.0493683
350	0.166061
350.067	0.0613283
350.133	0.0465703
350.2	0.0518724
350.267	0.0625549
350.333	0.0769366
350.4	0.0497523
350.467	0.0537965
350.533	0.0619749
350.6	0.052613
350.667	0.0442935
350.733	0.053001
350.8	0.0740995
350.867	0.0563201
350.933	0.0555521
351	0.0673044
351.067	0.0869177
351.133	0.108118
351.2	0.080197
351.267	0.111598
351.333	0.0869647
351.4	0.0970907
351.467	0.10706
351.533	0.0955232
351.6	0.0764586
351.667	0.102283
351.733	0.10197
351.8	0.0867413
351.867	0.109885
351.933	0.0943123
352	0.0882069
352.067	0.0954331
352.133	0.0987131
352.2	0.0964441
352.267	0.0877955
352.333	0.113095
352.4	0.107013
352.467	0.10106
352.533	0.106194
352.6	0.103757
352.667	0.112754
352.733	0.11922
352.8	0.133903
352.867	0.135655
352.933	0.215488
353	0.15037
353.067	0.162655
353.133	0.159254
353.2	0.176167
353.267	0.162314
353.333	0.163537
353.4	0.182958
353.467	0.167526
353.533	0.171351
353.6	0.183221
353.667	0.176312
353.733	0.181222
353.8	0.179827
353.867	0.180329
353.933	0.175763
354	0.169544
354.067	0.171382
354.133	0.157365
354.2	0.164513
354.267	0.158897
354.333	0.132015
354.4	0.123609
354.467	0.114286
354.533	0.106288
354.6	0.193997
354.667	0.0992068
354.733	0.11875
354.8	0.10438
354.867	0.14227
354.933	0.156205
355	0.140381
355.067	0.102028
355.133	0.0929486
355.2	0.0933954
355.267	0.0989521
355.333	0.100751
355.4	0.105626
355.467	0.106519
355.533	0.111817
355.6	0.108827
355.667	0.10601
355.733	0.113816
355.8	0.114952
355.867	0.110375
355.933	0.124765
356	0.113714
356.067	0.108142
356.133	0.122218
356.2	0.119334
356.267	0.165245
356.333	0.130894
356.4	0.122022
356.467	0.127751
356.533	0.141741
356.6	0.137904
356.667	0.124224
356.733	0.146635
356.8	0.13495
356.867	0.113769
356.933	0.137085
357	0.104779
357.067	0.107115
357.133	0.136576
357.2	0.124628
357.267	0.147168
357.333	0.132414
357.4	0.168373
357.467	0.150335
357.533	0.137089
357.6	0.151244
357.667	0.143579
357.733	0.137199
357.8	0.15287
357.867	0.164062
357.933	0.245533
358	0.136439
358.067	0.159642
358.133	0.156362
358.2	0.16639
358.267	0.163952
358.333	0.16414
358.4	0.15693
358.467	0.148873
358.533	0.164971
358.6	0.141976
358.667	0.154316
358.733	0.161793
358.8	0.15316
358.867	0.16407
358.933	0.16126
359	0.170943
359.067	0.182057
359.133	0.184373
359.2	0.182527
359.267	0.170124
359.333	0.186172
359.4	0.185983
359.467	0.196486
359.533	0.206972
359.6	0.192931
359.667	0.150793
359.733	0.152831
359.8	0.126795
359.867	0.139609
359.933	0.171194
360	0.155864
360.067	0.16581
360.133	0.141298
360.2	0.183691
360.267	0.203304
360.333	0.131027
360.4	0.16253
360.467	0.145738
360.533	0.125243
360.6	0.158192
360.667	0.148932
360.733	0.151694
360.8	0.134472
360.867	0.123809
360.933	0.137101
361	0.119651
361.067	0.151373
361.133	0.183903
361.2	0.158584
361.267	0.175638
361.333	0.137783
361.4	0.160484
361.467	0.155127
361.533	0.155684
361.6	0.169983
361.667	0.155468
361.733	0.148411
361.8	0.136451
361.867	0.139633
361.933	0.138065
362	0.173271
362.067	0.169227
362.133	0.160664
362.2	0.179627
362.267	0.190764
362.333	0.193915
362.4	0.198998
362.467	0.192293
362.533	0.186763
362.6	0.195627
362.667	0.199213
362.733	0.196819
362.8	0.210711
362.867	0.20334
362.933	0.265028
363	0.258837
363.067	0.242029
363.133	0.25375
363.2	0.194699
363.267	0.223478
363.333	0.265965
363.4	0.231476
363.467	0.249718
363.533	0.229736
363.6	0.223098
363.667	0.218011
363.733	0.23197
363.8	0.23889
363.867	0.216303
363.933	0.178973
364	0.220167
364.067	0.218607
364.133	0.224356
364.2	0.221248
364.267	0.207192
364.333	0.202885
364.4	0.201059
364.467	0.182845
364.533	0.197987
364.6	0.306908
364.667	0.261964
364.733	0.189095
364.8	0.225633
364.867	0.204535
364.933	0.196423
365	0.177539
365.067	0.0624138
365.133	0.166319
365.2	0.116344
365.267	0.0497288
365.333	0.129628
365.4	0.118209
365.467	0.119694
365.533	0.139092
365.6	0.152094
365.667	0.133919
365.733	0.125329
365.8	0.126571
365.867	0.136631
365.933	0.146008
366	0.0763175
366.067	0.0954292
366.133	0.148591
366.2	0.0679431
366.267	0.152764
366.333	0.197728
366.4	0.101225
366.467	0.0804713
366.533	0.123534
366.6	0.17759
366.667	0.213634
366.733	0.177754
366.8	0.180936
366.867	0.131458
366.933	0.095966
367	0.0996967
367.067	0.161578
367.133	0.144652
367.2	0.121516
367.267	0.152588
367.333	0.134327
367.4	0.142266
367.467	0.137955
367.533	0.14515
367.6	0.1414
367.667	0.132085
367.733	0.158301
367.8	0.131176
367.867	0.142901
367.933	0.285641
368	0.147635
368.067	0.149488
368.133	0.15965
368.2	0.136725
368.267	0.141306
368.333	0.124526
368.4	0.16675
368.467	0.16753
368.533	0.142043
368.6	0.147905
368.667	0.128558
368.733	0.131438
368.8	0.142489
368.867	0.157588
368.933	0.113299
369	0.181924
369.067	0.147874
369.133	0.0930309
369.2	0.169223
369.267	0.149986
369.333	0.113118
369.4	0.128613
369.467	0.112205
369.533	0.110246
369.6	0.238475
369.667	0.16425
369.733	0.151432
369.8	0.183985
369.867	0.129934
369.933	0.11382
370	0.126344
370.067	0.115191
370.133	0.134166
370.2	0.104219
370.267	0.117272
370.333	0.103102
370.4	0.0936618
370.467	0.0994812
370.533	0.103247
370.6	0.098474
370.667	0.109043
370.733	0.135733
370.8	0.111214
370.867	0.129675
370.933	0.143402
371	0.118977
371.067	0.133319
371.133	0.142842
371.2	0.129452
371.267	0.264178
371.333	0.202666
371.4	0.160723
371.467	0.159826
371.533	0.185548
371.6	0.160888
371.667	0.168424
371.733	0.170548
371.8	0.185987
371.867	0.165179
371.933	0.153172
372	0.174008
372.067	0.183123
372.133	0.166288
372.2	0.16298
372.267	0.165332
372.333	0.176861
372.4	0.163106
372.467	0.147658
372.533	0.176751
372.6	0.179404
372.667	0.201944
372.733	0.189926
372.8	0.17672
372.867	0.155574
372.933	0.237915
373	0.22434
373.067	0.194644
373.133	0.201392
373.2	0.163611
373.267	0.155676
373.333	0.159328
373.4	0.132465
373.467	0.120505
373.533	0.138598
373.6	0.102781
373.667	0.088638
373.733	0.114384
373.8	0.0940341
373.867	0.099199
373.933	0.113883
374	0.101174
374.067	0.0752555
374.133	0.0998691
374.2	0.0808946
374.267	0.0975649
374.333	0.109388
374.4	0.0955624
374.467	0.0978901
374.533	0.108835
374.6	0.211847
374.667	0.129632
374.733	0.131623
374.8	0.113961
374.867	0.137591
374.933	0.112742
375	0.112954
375.067	0.125874
375.133	0.120987
375.2	0.0916006
375.267	0.0734059
375.333	0.103161
375.4	0.0625039
375.467	0.0710781
375.533	0.0725868
375.6	0.0856323
375.667	0.0863965
375.733	0.0693656
375.8	0.065874
375.867	0.0679588
375.933	0.089073
376	0.0690717
376.067	0.0673553
376.133	0.0726299
376.2	0.0760001
376.267	0.209911
376.333	0.135941
376.4	0.0907384
376.467	0.093074
376.533	0.11402
376.6	0.0809142
376.667	0.0661405
376.733	0.1497
376.8	0.118373
376.867	0.0927997
376.933	0.115795
377	0.0925803
377.067	0.0888496
377.133	0.0955115
377.2	0.108917
377.267	0.096836
377.333	0.108796
377.4	0.100484
377.467	0.0978431
377.533	0.0973494
377.6	0.068915
377.667	0.0744404
377.733	0.0955271
377.8	0.0540982
377.867	0.0517979
377.933	0.185427
378	0.096738
378.067	0.0583657
378.133	0.0772737
378.2	0.0533654
378.267	0.0525464
378.333	0.0724458
378.4	0.0658544
378.467	0.0614655
378.533	0.0593337
378.6	0.0663874
378.667	0.0695812
378.733	0.0619396
378.8	0.067614
378.867	0.0500384
378.933	0.0618887
379	0.0521036
379.067	0.0799188
379.133	0.0413819
379.2	0.0520095
379.267	0.0343007
379.333	0.0350218
379.4	0.0485297
379.467	0.0380784
379.533	0.0268473
379.6	0.218728
379.667	0.143418
379.733	0.0776224
379.8	0.118166
379.867	0.0919454
379.933	0.0410135
380	0.0988228
380.067	0.0682292
380.133	0.0508143
380.2	0.0535143
380.267	0.0582207
380.333	0.0371105
380.4	0.0667283
380.467	0.0537142
380.533	0.0623707
380.6	0.0592043
380.667	0.0639303
380.733	0.05652
380.8	0.0459668
380.867	0.0626528
380.933	0.0998025
381	0.0739662
381.067	0.0602898
381.133	0.0615791
381.2	0.0389327
381.267	0.240579
381.333	0.131489
381.4	0.0807339
381.467	0.131568
381.533	0.0938264
381.6	0.102216
381.667	0.0781906
381.733	0.0564847
381.8	0.059173
381.867	0.0447207
381.933	0.063515
382	0.0548937
382.067	0.069542
382.133	0.0586949
382.2	0.0640401
382.267	0.0574801
382.333	0.088877
382.4	0.0813335
