time_sec	Dynamic_density
0.0666667	0.0919023
0.133333	0.101123
0.2	0.10128
0.266667	0.0921884
0.333333	0.0868902
0.4	0.103333
0.466667	0.126591
0.533333	0.112582
0.6	0.151581
0.666667	0.167514
0.733333	0.0873213
0.8	0.147149
0.866667	0.105108
0.933333	0.113467
1	0.147282
1.06667	0.0937559
1.13333	0.0972122
1.2	0.117445
1.26667	0.16878
1.33333	0.0822269
1.4	0.10764
1.46667	0.0798404
1.53333	0.09028
1.6	0.0750047
1.66667	0.0865023
1.73333	0.0965186
1.8	0.0637853
1.86667	0.104188
1.93333	0.0953822
2	0.0931328
2.06667	0.0805027
2.13333	0.100163
2.2	0.100143
2.26667	0.0735587
2.33333	0.10434
2.4	0.110618
2.46667	0.0933875
2.53333	0.101644
2.6	0.09568
2.66667	0.0991441
2.73333	0.115399
2.8	0.0893865
2.86667	0.110877
2.93333	0.199146
3	0.117472
3.06667	0.0904406
3.13333	0.114533
3.2	0.109415
3.26667	0.112292
3.33333	0.0709684
3.4	0.0921022
3.46667	0.0850798
3.53333	0.0958602
3.6	0.100908
3.66667	0.115814
3.73333	0.0939009
3.8	0.0994067
3.86667	0.101374
3.93333	0.102781
4	0.107374
4.06667	0.0851895
4.13333	0.0660425
4.2	0.100073
4.26667	0.0734881
4.33333	0.0763645
4.4	0.0669164
4.46667	0.0910794
4.53333	0.0676179
4.6	0.166801
4.66667	0.128264
4.73333	0.0826776
4.8	0.11663
4.86667	0.07716
4.93333	0.0990658
5	0.0990227
5.06667	0.068868
5.13333	0.0838924
5.2	0.165308
5.26667	0.112589
5.33333	0.113444
5.4	0.0854403
5.46667	0.113193
5.53333	0.0798875
5.6	0.128307
5.66667	0.0913498
5.73333	0.0988894
5.8	0.0922276
5.86667	0.110544
5.93333	0.107381
6	0.111798
6.06667	0.118875
6.13333	0.0941752
6.2	0.113032
6.26667	0.219806
6.33333	0.113005
6.4	0.13801
6.46667	0.128253
6.53333	0.108232
6.6	0.11882
6.66667	0.120004
6.73333	0.113267
6.8	0.121289
6.86667	0.121516
6.93333	0.122049
7	0.0785002
7.06667	0.109231
7.13333	0.109427
7.2	0.0880032
7.26667	0.0930035
7.33333	0.0877876
7.4	0.0904132
7.46667	0.0996771
7.53333	0.102683
7.6	0.101727
7.66667	0.103302
7.73333	0.102553
7.8	0.110183
7.86667	0.101335
7.93333	0.235411
8	0.124886
8.06667	0.113165
8.13333	0.116579
8.2	0.123276
8.26667	0.10956
8.33333	0.129338
8.4	0.128061
8.46667	0.116994
8.53333	0.123213
8.6	0.109113
8.66667	0.111496
8.73333	0.151193
8.8	0.10648
8.86667	0.117786
8.93333	0.14535
9	0.135831
9.06667	0.122206
9.13333	0.134691
9.2	0.1194
9.26667	0.130263
9.33333	0.149112
9.4	0.146823
9.46667	0.149578
9.53333	0.16608
9.6	0.219199
9.66667	0.164932
9.73333	0.151017
9.8	0.117527
9.86667	0.121571
9.93333	0.132473
10	0.106637
10.0667	0.134926
10.1333	0.126325
10.2	0.116661
10.2667	0.119518
10.3333	0.148375
10.4	0.137156
10.4667	0.14691
10.5333	0.148693
10.6	0.13359
10.6667	0.129115
10.7333	0.13881
10.8	0.122449
10.8667	0.115474
10.9333	0.171386
11	0.1549
11.0667	0.119055
11.1333	0.124542
11.2	0.118577
11.2667	0.234701
11.3333	0.152525
11.4	0.144241
11.4667	0.148736
11.5333	0.0966283
11.6	0.124612
11.6667	0.152521
11.7333	0.145029
11.8	0.130729
11.8667	0.128605
11.9333	0.131137
12	0.133504
12.0667	0.126407
12.1333	0.129996
12.2	0.131023
12.2667	0.124808
12.3333	0.101848
12.4	0.137493
12.4667	0.125937
12.5333	0.0809769
12.6	0.0818037
12.6667	0.113044
12.7333	0.0871019
12.8	0.101444
12.8667	0.0626881
12.9333	0.209551
13	0.11795
13.0667	0.0851033
13.1333	0.109881
13.2	0.0941517
13.2667	0.0801226
13.3333	0.0839943
13.4	0.0834966
13.4667	0.0748166
13.5333	0.0794838
13.6	0.0869529
13.6667	0.0977922
13.7333	0.0820663
13.8	0.0970672
13.8667	0.0791076
13.9333	0.0727044
14	0.0653528
14.0667	0.0749577
14.1333	0.0887752
14.2	0.0788764
14.2667	0.0845508
14.3333	0.073594
14.4	0.0954605
14.4667	0.0628684
14.5333	0.0780809
14.6	0.206259
14.6667	0.136725
14.7333	0.12047
14.8	0.103866
14.8667	0.0968948
14.9333	0.108635
15	0.0711565
15.0667	0.0884891
15.1333	0.102749
15.2	0.0776185
15.2667	0.0845351
15.3333	0.0971848
15.4	0.097271
15.4667	0.0719246
15.5333	0.0818194
15.6	0.0795191
15.6667	0.049913
15.7333	0.0638167
15.8	0.072677
15.8667	0.0526052
15.9333	0.0615086
16	0.0544196
16.0667	0.0565004
16.1333	0.054059
16.2	0.0337991
16.2667	0.183511
16.3333	0.104235
16.4	0.0935403
16.4667	0.114729
16.5333	0.0912283
16.6	0.0805889
16.6667	0.110669
16.7333	0.0594238
16.8	0.067755
16.8667	0.0602742
16.9333	0.0555756
17	0.0718188
17.0667	0.0770503
17.1333	0.0703022
17.2	0.0516333
17.2667	0.0622688
17.3333	0.0841197
17.4	0.0845939
17.4667	0.065584
17.5333	0.0818468
17.6	0.0828931
17.6667	0.0680568
17.7333	0.0771522
17.8	0.0648944
17.8667	0.0559244
17.9333	0.208681
18	0.112531
18.0667	0.0720578
18.1333	0.077113
18.2	0.0657565
18.2667	0.0565239
18.3333	0.0630565
18.4	0.0418247
18.4667	0.0420873
18.5333	0.0370478
18.6	0.0441956
18.6667	0.0364678
18.7333	0.0631152
18.8	0.0444111
18.8667	0.0458414
18.9333	0.0597647
19	0.047162
19.0667	0.0532165
19.1333	0.0512846
19.2	0.0334425
19.2667	0.0575937
19.3333	0.0862162
19.4	0.0548702
19.4667	0.0548624
19.5333	0.0634718
19.6	0.158752
19.6667	0.131779
19.7333	0.0722342
19.8	0.0958132
19.8667	0.104764
19.9333	0.120952
20	0.0935678
20.0667	0.0902956
20.1333	0.0900801
20.2	0.102048
20.2667	0.0801343
20.3333	0.0788255
20.4	0.0558381
20.4667	0.0535809
20.5333	0.0659328
20.6	0.0453202
20.6667	0.0448696
20.7333	0.060572
20.8	0.0434432
20.8667	0.0724693
20.9333	0.0486629
21	0.0782337
21.0667	0.0619004
21.1333	0.0783983
21.2	0.0679666
21.2667	0.217012
21.3333	0.13232
21.4	0.118181
21.4667	0.0759687
21.5333	0.0761372
21.6	0.111598
21.6667	0.0803068
21.7333	0.11534
21.8	0.0901467
21.8667	0.0799776
21.9333	0.0837984
22	0.115587
22.0667	0.0816548
22.1333	0.0653372
22.2	0.0589222
22.2667	0.071278
22.3333	0.0580797
22.4	0.0610383
22.4667	0.0631779
22.5333	0.0611049
22.6	0.0629467
22.6667	0.059173
22.7333	0.045622
22.8	0.0551132
22.8667	0.0613949
22.9333	0.18661
23	0.12386
23.0667	0.111641
23.1333	0.122782
23.2	0.081357
23.2667	0.0877367
23.3333	0.090954
23.4	0.0592906
23.4667	0.0720774
23.5333	0.124973
23.6	0.129742
23.6667	0.109807
23.7333	0.0927057
23.8	0.0665167
23.8667	0.0566924
23.9333	0.0830616
24	0.0596785
24.0667	0.0521036
24.1333	0.0646671
24.2	0.0809729
24.2667	0.0511709
24.3333	0.0760941
24.4	0.060717
24.4667	0.0543177
24.5333	0.0532165
24.6	0.17081
24.6667	0.138077
24.7333	0.105089
24.8	0.0890612
24.8667	0.102687
24.9333	0.0808711
25	0.0626881
25.0667	0.0838728
25.1333	0.0793232
25.2	0.0817371
25.2667	0.052421
25.3333	0.0804243
25.4	0.0523113
25.4667	0.0663521
25.5333	0.0523152
25.6	0.053628
25.6667	0.0557715
25.7333	0.06935
25.8	0.0518293
25.8667	0.0555756
25.9333	0.0838963
26	0.0610383
26.0667	0.0792017
26.1333	0.0756474
26.2	0.0686681
26.2667	0.181297
26.3333	0.107957
26.4	0.0922276
26.4667	0.0993793
26.5333	0.104121
26.6	0.0850563
26.6667	0.0786295
26.7333	0.0854834
26.8	0.0909109
26.8667	0.0840296
26.9333	0.0942732
27	0.0913145
27.0667	0.0793898
27.1333	0.0945592
27.2	0.085648
27.2667	0.0879875
27.3333	0.0945396
27.4	0.0820349
27.4667	0.101092
27.5333	0.11373
27.6	0.106923
27.6667	0.10119
27.7333	0.120599
27.8	0.108424
27.8667	0.11179
27.9333	0.257528
28	0.172264
28.0667	0.137426
28.1333	0.186881
28.2	0.153572
28.2667	0.136549
28.3333	0.162847
28.4	0.156283
28.4667	0.136541
28.5333	0.19125
28.6	0.148266
28.6667	0.163521
28.7333	0.208986
28.8	0.175168
28.8667	0.156217
28.9333	0.201404
29	0.172946
29.0667	0.186528
29.1333	0.234976
29.2	0.180705
29.2667	0.198449
29.3333	0.234211
29.4	0.199433
29.4667	0.195232
29.5333	0.238079
29.6	0.309114
29.6667	0.223862
29.7333	0.267141
29.8	0.219963
29.8667	0.195259
29.9333	0.261309
30	0.223404
30.0667	0.225112
30.1333	0.240626
30.2	0.223282
30.2667	0.228372
30.3333	0.248244
30.4	0.230042
30.4667	0.223607
30.5333	0.24491
30.6	0.235461
30.6667	0.256407
30.7333	0.237926
30.8	0.246285
30.8667	0.247598
30.9333	0.251567
31	0.253911
31.0667	0.266016
31.1333	0.254173
31.2	0.263786
31.2667	0.340217
31.3333	0.329072
31.4	0.269014
31.4667	0.280362
31.5333	0.282686
31.6	0.257336
31.6667	0.250004
31.7333	0.242809
31.8	0.262607
31.8667	0.250192
31.9333	0.263833
32	0.273465
32.0667	0.252339
32.1333	0.259754
32.2	0.259648
32.2667	0.263614
32.3333	0.221628
32.4	0.257547
32.4667	0.241586
32.5333	0.166703
32.6	0.257489
32.6667	0.249079
32.7333	0.212784
32.8	0.26118
32.8667	0.231848
32.9333	0.236163
33	0.292667
33.0667	0.165794
33.1333	0.147047
33.2	0.111962
33.2667	0.0694127
33.3333	0.148101
33.4	0.0693186
33.4667	0.0525072
33.5333	0.074605
33.6	0.0748166
33.6667	0.0847937
33.7333	0.0952763
33.8	0.0673122
33.8667	0.0836926
33.9333	0.101307
34	0.0783827
34.0667	0.0809534
34.1333	0.103823
34.2	0.0960562
34.2667	0.114443
34.3333	0.143011
34.4	0.108439
34.4667	0.107593
34.5333	0.136317
34.6	0.268583
34.6667	0.167471
34.7333	0.120027
34.8	0.13089
34.8667	0.111653
34.9333	0.146965
35	0.149112
35.0667	0.173824
35.1333	0.175567
35.2	0.13232
35.2667	0.146639
35.3333	0.135381
35.4	0.128891
35.4667	0.134852
35.5333	0.12007
35.6	0.131995
35.6667	0.125129
35.7333	0.118996
35.8	0.115521
35.8667	0.0815177
35.9333	0.118487
36	0.118217
36.0667	0.137869
36.1333	0.106864
36.2	0.106519
36.2667	0.236112
36.3333	0.156405
36.4	0.124639
36.4667	0.123962
36.5333	0.163537
36.6	0.118985
36.6667	0.136525
36.7333	0.152368
36.8	0.129432
36.8667	0.144507
36.9333	0.142074
37	0.122672
37.0667	0.137473
37.1333	0.131956
37.2	0.146306
37.2667	0.188374
37.3333	0.183777
37.4	0.244655
37.4667	0.266768
37.5333	0.247269
37.6	0.301888
37.6667	0.301394
37.7333	0.231335
37.8	0.314628
37.8667	0.235285
37.9333	0.249295
38	0.2581
38.0667	0.230504
38.1333	0.155057
38.2	0.240932
38.2667	0.178832
38.3333	0.148701
38.4	0.135345
38.4667	0.107903
38.5333	0.0949237
38.6	0.0967616
38.6667	0.115912
38.7333	0.0980116
38.8	0.106931
38.8667	0.14687
38.9333	0.137869
39	0.0905582
39.0667	0.132297
39.1333	0.136435
39.2	0.103126
39.2667	0.0779007
39.3333	0.108432
39.4	0.12953
39.4667	0.12808
39.5333	0.0912283
39.6	0.202293
39.6667	0.136791
39.7333	0.132328
39.8	0.105716
39.8667	0.0847859
39.9333	0.129268
40	0.0977608
40.0667	0.10146
40.1333	0.111096
40.2	0.102361
40.2667	0.125913
40.3333	0.129428
40.4	0.116786
40.4667	0.111567
40.5333	0.142121
40.6	0.113448
40.6667	0.135373
40.7333	0.1248
40.8	0.0970202
40.8667	0.128115
40.9333	0.124734
41	0.11603
41.0667	0.1304
41.1333	0.131176
41.2	0.127708
41.2667	0.288137
41.3333	0.174858
41.4	0.136215
41.4667	0.136141
41.5333	0.139691
41.6	0.112397
41.6667	0.136196
41.7333	0.148904
41.8	0.16126
41.8667	0.145577
41.9333	0.16144
42	0.16476
42.0667	0.131337
42.1333	0.139397
42.2	0.119592
42.2667	0.139621
42.3333	0.150687
42.4	0.127265
42.4667	0.126885
42.5333	0.111904
42.6	0.121622
42.6667	0.12663
42.7333	0.0989286
42.8	0.106527
42.8667	0.0955115
42.9333	0.272968
43	0.136212
43.0667	0.120117
43.1333	0.132171
43.2	0.101836
43.2667	0.104532
43.3333	0.121383
43.4	0.115701
43.4667	0.111962
43.5333	0.128354
43.6	0.113479
43.6667	0.116065
43.7333	0.132814
43.8	0.0978314
43.8667	0.107687
43.9333	0.116986
44	0.134044
44.0667	0.131376
44.1333	0.115474
44.2	0.129436
44.2667	0.126281
44.3333	0.123777
44.4	0.117002
44.4667	0.132653
44.5333	0.116559
44.6	0.286879
44.6667	0.177452
44.7333	0.149331
44.8	0.137673
44.8667	0.146996
44.9333	0.158454
45	0.121336
45.0667	0.137771
45.1333	0.134793
45.2	0.145413
45.2667	0.141255
45.3333	0.143743
45.4	0.129025
45.4667	0.131591
45.5333	0.129989
45.6	0.105845
45.6667	0.117617
45.7333	0.114223
45.8	0.11563
45.8667	0.125862
45.9333	0.13464
46	0.124549
46.0667	0.122288
46.1333	0.117852
46.2	0.121301
46.2667	0.288988
46.3333	0.167659
46.4	0.180427
46.4667	0.18152
46.5333	0.159936
46.6	0.181685
46.6667	0.161809
46.7333	0.169466
46.8	0.144656
46.8667	0.15135
46.9333	0.134648
47	0.132097
47.0667	0.137391
47.1333	0.145773
47.2	0.150515
47.2667	0.144127
47.3333	0.131862
47.4	0.156887
47.4667	0.158866
47.5333	0.135283
47.6	0.190224
47.6667	0.14446
47.7333	0.0899586
47.8	0.134922
47.8667	0.105014
47.9333	0.209974
48	0.161965
48.0667	0.134863
48.1333	0.110802
48.2	0.156946
48.2667	0.12183
48.3333	0.0904249
48.4	0.150997
48.4667	0.126822
48.5333	0.0793545
48.6	0.106895
48.6667	0.0920081
48.7333	0.110873
48.8	0.0978549
48.8667	0.0936853
48.9333	0.0884695
49	0.107801
49.0667	0.0873683
49.1333	0.0755494
49.2	0.0732138
49.2667	0.0607679
49.3333	0.0666813
49.4	0.0712858
49.4667	0.0635463
49.5333	0.049721
49.6	0.22887
49.6667	0.087866
49.7333	0.0859693
49.8	0.044897
49.8667	0.0813139
49.9333	0.0850484
50	0.148438
50.0667	0.0838101
50.1333	0.062982
50.2	0.0669007
50.2667	0.0729199
50.3333	0.0666264
50.4	0.0975335
50.4667	0.113961
50.5333	0.0870117
50.6	0.0843979
50.6667	0.0575075
50.7333	0.0993362
50.8	0.0636482
50.8667	0.0621943
50.9333	0.103623
51	0.07475
51.0667	0.0766584
51.1333	0.0803577
51.2	0.0455554
51.2667	0.237781
51.3333	0.113636
51.4	0.0953155
51.4667	0.115184
51.5333	0.0671633
51.6	0.104807
51.6667	0.0785081
51.7333	0.113659
51.8	0.0716346
51.8667	0.0809102
51.9333	0.0685231
52	0.0567473
52.0667	0.0503833
52.1333	0.0417111
52.2	0.0514021
52.2667	0.0552817
52.3333	0.0664579
52.4	0.0527227
52.4667	0.0570608
52.5333	0.0524641
52.6	0.0352804
52.6667	0.0380196
52.7333	0.075471
52.8	0.0478204
52.8667	0.0561947
52.9333	0.250521
53	0.080103
53.0667	0.0766662
53.1333	0.0726966
53.2	0.0910245
53.2667	0.0614302
53.3333	0.108091
53.4	0.0942105
53.4667	0.0643771
53.5333	0.0789038
53.6	0.0887203
53.6667	0.0679588
53.7333	0.0826502
53.8	0.0692598
53.8667	0.0642595
53.9333	0.0709018
54	0.0829715
54.0667	0.0987993
54.1333	0.100151
54.2	0.092063
54.2667	0.131611
54.3333	0.0632955
54.4	0.0937637
54.4667	0.0941948
54.5333	0.0455005
54.6	0.23822
54.6667	0.067998
54.7333	0.0867688
54.8	0.0739153
54.8667	0.0532988
54.9333	0.0930662
55	0.0626097
55.0667	0.106617
55.1333	0.0855226
55.2	0.0777557
55.2667	0.0768073
55.3333	0.0782142
55.4	0.057966
55.4667	0.102514
55.5333	0.0781985
55.6	0.0727553
55.6667	0.0758512
55.7333	0.0664344
55.8	0.0927409
55.8667	0.0529069
55.9333	0.0826933
56	0.079523
56.0667	0.0791899
56.1333	0.071517
56.2	0.0558969
56.2667	0.253398
56.3333	0.0972984
56.4	0.100782
56.4667	0.0965578
56.5333	0.0801853
56.6	0.0790371
56.6667	0.0952372
56.7333	0.0961973
56.8	0.0533693
56.8667	0.0677746
56.9333	0.0761255
57	0.109987
57.0667	0.0504224
57.1333	0.0835828
57.2	0.0758943
57.2667	0.0545489
57.3333	0.0688797
57.4	0.0558146
57.4667	0.0811101
57.5333	0.0868824
57.6	0.0711251
57.6667	0.0862868
57.7333	0.060909
57.8	0.0831714
57.8667	0.0561712
57.9333	0.234447
58	0.0682841
58.0667	0.0706275
58.1333	0.0818586
58.2	0.0923608
58.2667	0.0762705
58.3333	0.07745
58.4	0.0609403
58.4667	0.0650589
58.5333	0.0530127
58.6	0.110908
58.6667	0.115246
58.7333	0.0829911
58.8	0.0809729
58.8667	0.0729513
58.9333	0.0766976
59	0.0784806
59.0667	0.0672221
59.1333	0.0756709
59.2	0.0574409
59.2667	0.0640988
59.3333	0.0644555
59.4	0.0857891
59.4667	0.0724732
59.5333	0.0927448
59.6	0.0667871
59.6667	0.0688209
59.7333	0.0642517
59.8	0.0709214
59.8667	0.0566572
59.9333	0.0674729
60	0.0690247
60.0667	0.0643105
60.1333	0.0712114
60.2	0.0411703
60.2667	0.262665
60.3333	0.124753
60.4	0.0948375
60.4667	0.093654
60.5333	0.0824425
60.6	0.0917887
60.6667	0.0881599
60.7333	0.0670536
60.8	0.0819252
60.8667	0.0529735
60.9333	0.0681508
61	0.0743738
61.0667	0.0675434
61.1333	0.0582364
61.2	0.0797816
61.2667	0.0416954
61.3333	0.0691501
61.4	0.0545175
61.4667	0.04572
61.5333	0.044705
61.6	0.0648552
61.6667	0.0286029
61.7333	0.0460805
61.8	0.0531891
61.8667	0.0266083
61.9333	0.206267
62	0.0628448
62.0667	0.0764233
62.1333	0.0908834
62.2	0.0392619
62.2667	0.060329
62.3333	0.063562
62.4	0.0559871
62.4667	0.0652666
62.5333	0.0560811
62.6	0.0560341
62.6667	0.0470641
62.7333	0.0654351
62.8	0.0759883
62.8667	0.0732256
62.9333	0.0526209
63	0.0540473
63.0667	0.0551367
63.1333	0.0857068
63.2	0.0748715
63.2667	0.0771287
63.3333	0.0591299
63.4	0.0519351
63.4667	0.0636639
63.5333	0.0420677
63.6	0.222663
63.6667	0.0530872
63.7333	0.116649
63.8	0.101233
63.8667	0.0627469
63.9333	0.0538435
64	0.056908
64.0667	0.0544587
64.1333	0.0741308
64.2	0.0757885
64.2667	0.056955
64.3333	0.0694558
64.4	0.0542393
64.4667	0.0638716
64.5333	0.0667322
64.6	0.0481652
64.6667	0.053095
64.7333	0.0565435
64.8	0.057868
64.8667	0.0661444
64.9333	0.058448
65	0.0749694
65.0667	0.083524
65.1333	0.0843548
65.2	0.0621316
65.2667	0.233753
65.3333	0.10717
65.4	0.0763841
65.4667	0.0861731
65.5333	0.0846918
65.6	0.0881246
65.6667	0.066407
65.7333	0.0639774
65.8	0.0735744
65.8667	0.054349
65.9333	0.0649218
66	0.0961424
66.0667	0.0527188
66.1333	0.0869647
66.2	0.0706745
66.2667	0.0609364
66.3333	0.0670967
66.4	0.0643418
66.4667	0.062402
66.5333	0.0845664
66.6	0.0614537
66.6667	0.156158
66.7333	0.0402024
66.8	0.0488432
66.8667	0.0474599
66.9333	0.219908
67	0.119761
67.0667	0.117844
67.1333	0.0915496
67.2	0.0926312
67.2667	0.0790371
67.3333	0.19495
67.4	0.110712
67.4667	0.0876466
67.5333	0.0731511
67.6	0.08912
67.6667	0.0743738
67.7333	0.0647768
67.8	0.0688366
67.8667	0.0723204
67.9333	0.0908168
68	0.0760628
68.0667	0.0932229
68.1333	0.0532988
68.2	0.0844567
68.2667	0.0812081
68.3333	0.0610383
68.4	0.0566963
68.4667	0.0729356
68.5333	0.0722498
68.6	0.0739153
68.6667	0.0542079
68.7333	0.0883323
68.8	0.0609286
68.8667	0.0644868
68.9333	0.0484435
69	0.256928
69.0667	0.0928115
69.1333	0.105218
69.2	0.104489
69.2667	0.104963
69.3333	0.0748989
69.4	0.065247
69.4667	0.0948923
69.5333	0.0784179
69.6	0.0926625
69.6667	0.0811219
69.7333	0.0968674
69.8	0.0665167
69.8667	0.110062
69.9333	0.0804635
70	0.0823171
70.0667	0.0739545
70.1333	0.0808123
70.2	0.0644594
70.2667	0.0865611
70.3333	0.0710507
70.4	0.0756082
70.4667	0.0548232
70.5333	0.0837984
70.6	0.0545293
70.6667	0.270072
70.7333	0.108514
70.8	0.102569
70.8667	0.103486
70.9333	0.0652039
71	0.0776185
71.0667	0.0832576
71.1333	0.0807143
71.2	0.063225
71.2667	0.0627665
71.3333	0.056281
71.4	0.0878268
71.4667	0.101178
71.5333	0.0727436
71.6	0.0860399
71.6667	0.0554267
71.7333	0.0768779
71.8	0.0331721
71.8667	0.0488902
71.9333	0.049866
72	0.0489843
72.0667	0.0608149
72.1333	0.0494428
72.2	0.0716738
72.2667	0.0477263
72.3333	0.220868
72.4	0.115383
72.4667	0.0844998
72.5333	0.089939
72.6	0.077595
72.6667	0.104579
72.7333	0.0827912
72.8	0.0969771
72.8667	0.10003
72.9333	0.0656311
73	0.0763057
73.0667	0.0514805
73.1333	0.0616183
73.2	0.103075
73.2667	0.068433
73.3333	0.0629115
73.4	0.0611128
73.4667	0.0949824
73.5333	0.0716503
73.6	0.0904994
73.6667	0.0694362
73.7333	0.0702003
73.8	0.0632132
73.8667	0.0514452
73.9333	0.0501873
74	0.21597
74.0667	0.106794
74.1333	0.0953077
74.2	0.0757258
74.2667	0.0752829
74.3333	0.0750517
74.4	0.0745227
74.4667	0.0800951
74.5333	0.0715836
74.6	0.0714112
74.6667	0.0686054
74.7333	0.0928702
74.8	0.100708
74.8667	0.0724967
74.9333	0.0643418
75	0.0476049
75.0667	0.082176
75.1333	0.0553248
75.2	0.0670379
75.2667	0.0597726
75.3333	0.0636482
75.4	0.066215
75.4667	0.0661719
75.5333	0.0564377
75.6	0.0625549
75.6667	0.220899
75.7333	0.123625
75.8	0.0977491
75.8667	0.0633974
75.9333	0.0902682
76	0.06877
76.0667	0.0847114
76.1333	0.0612891
76.2	0.0830891
76.2667	0.0697301
76.3333	0.0459041
76.4	0.0777008
76.4667	0.0798639
76.5333	0.0769131
76.6	0.0638441
76.6667	0.0847545
76.7333	0.0508613
76.8	0.0754593
76.8667	0.081502
76.9333	0.0738173
77	0.0739427
77.0667	0.0760863
77.1333	0.0673005
77.2	0.069977
77.2667	0.0712505
77.3333	0.22887
77.4	0.0995047
77.4667	0.110673
77.5333	0.0852209
77.6	0.0916319
77.6667	0.081165
77.7333	0.0725516
77.8	0.0648669
77.8667	0.0617476
77.9333	0.0541844
78	0.0568884
78.0667	0.0783278
78.1333	0.057872
78.2	0.0539258
78.2667	0.0734999
78.3333	0.0496583
78.4	0.054545
78.4667	0.0531734
78.5333	0.0602663
78.6	0.0559949
78.6667	0.105798
78.7333	0.0501089
78.8	0.0677825
78.8667	0.0625509
78.9333	0.0551093
79	0.262634
79.0667	0.124001
79.1333	0.116218
79.2	0.0955428
79.2667	0.0980155
79.3333	0.0690835
79.4	0.123389
79.4667	0.056618
79.5333	0.0659485
79.6	0.0501089
79.6667	0.0809808
79.7333	0.0748323
79.8	0.0568923
79.8667	0.0681234
79.9333	0.0531225
80	0.0255619
80.0667	0.048804
80.1333	0.0308405
80.2	0.0394265
80.2667	0.0417816
80.3333	0.0311697
80.4	0.0553326
80.4667	0.079523
80.5333	0.0497171
80.6	0.0505596
80.6667	0.267873
80.7333	0.0851033
80.8	0.0721636
80.8667	0.0357507
80.9333	0.0707372
81	0.0715876
81.0667	0.0951235
81.1333	0.0608659
81.2	0.0553561
81.2667	0.0829754
81.3333	0.087286
81.4	0.0897509
81.4667	0.0636678
81.5333	0.048949
81.6	0.0580718
81.6667	0.0673436
81.7333	0.0535809
81.8	0.0787902
81.8667	0.0688092
81.9333	0.0413388
82	0.0392815
82.0667	0.0470837
82.1333	0.0374161
82.2	0.0423342
82.2667	0.0518018
82.3333	0.173036
82.4	0.0824895
82.4667	0.100382
82.5333	0.0762352
82.6	0.0470719
82.6667	0.0683232
82.7333	0.0813531
82.8	0.061054
82.8667	0.0598039
82.9333	0.0425027
83	0.0381215
83.0667	0.0601096
83.1333	0.038098
83.2	0.0494819
83.2667	0.0653528
83.3333	0.0602663
83.4	0.0542236
83.4667	0.0565161
83.5333	0.0410606
83.6	0.0531303
83.6667	0.0555717
83.7333	0.0511357
83.8	0.0549133
83.8667	0.0427064
83.9333	0.0466173
84	0.210817
84.0667	0.0821251
84.1333	0.0617006
84.2	0.0660621
84.2667	0.0733079
84.3333	0.087141
84.4	0.0832968
84.4667	0.0792017
84.5333	0.0557206
84.6	0.0470484
84.6667	0.0654743
84.7333	0.0602271
84.8	0.0705256
84.8667	0.0791272
84.9333	0.0464802
85	0.0530872
85.0667	0.0575624
85.1333	0.0491606
85.2	0.0519272
85.2667	0.0587498
85.3333	0.0506615
85.4	0.0632485
85.4667	0.0630682
85.5333	0.05112
85.6	0.0469152
85.6667	0.246881
85.7333	0.0809063
85.8	0.0712153
85.8667	0.0723987
85.9333	0.072532
86	0.0568962
86.0667	0.0857225
86.1333	0.0545489
86.2	0.0709488
86.2667	0.0617711
86.3333	0.0595178
86.4	0.0760902
86.4667	0.0755494
86.5333	0.0655174
86.6	0.0819644
86.6667	0.0640009
86.7333	0.0580953
86.8	0.0552268
86.8667	0.0665324
86.9333	0.0645064
87	0.0451282
87.0667	0.0794838
87.1333	0.0644241
87.2	0.0488001
87.2667	0.0465115
87.3333	0.203457
87.4	0.108032
87.4667	0.0577309
87.5333	0.0868354
87.6	0.084394
87.6667	0.0692363
87.7333	0.0570765
87.8	0.0716659
87.8667	0.0661444
87.9333	0.055168
88	0.063417
88.0667	0.0709527
88.1333	0.0699221
88.2	0.0732295
88.2667	0.0860477
88.3333	0.0348572
88.4	0.056955
88.4667	0.0536789
88.5333	0.0677668
88.6	0.0692324
88.6667	0.0564064
88.7333	0.0432159
88.8	0.0553914
88.8667	0.0514178
88.9333	0.0682605
89	0.207909
89.0667	0.147811
89.1333	0.0958093
89.2	0.101907
89.2667	0.0836103
89.3333	0.068237
89.4	0.0865219
89.4667	0.0749969
89.5333	0.0817684
89.6	0.0867884
89.6667	0.0836377
89.7333	0.0899939
89.8	0.0770346
89.8667	0.0957584
89.9333	0.072677
90	0.0726456
90.0667	0.0675356
90.1333	0.097655
90.2	0.077258
90.2667	0.08526
90.3333	0.0638912
90.4	0.0716111
90.4667	0.0729513
90.5333	0.0814667
90.6	0.0689463
90.6667	0.244482
90.7333	0.129334
90.8	0.0951509
90.8667	0.101378
90.9333	0.0863064
91	0.0769406
91.0667	0.0901741
91.1333	0.0743895
91.2	0.0818978
91.2667	0.0864474
91.3333	0.0844998
91.4	0.0970202
91.4667	0.0806869
91.5333	0.0960013
91.6	0.0866316
91.6667	0.0747657
91.7333	0.0941713
91.8	0.0839669
91.8667	0.087819
91.9333	0.0713211
92	0.0722459
92.0667	0.0646004
92.1333	0.0772697
92.2	0.0757532
92.2667	0.0553953
92.3333	0.233659
92.4	0.121979
92.4667	0.0949315
92.5333	0.0795661
92.6	0.107252
92.6667	0.0795896
92.7333	0.0887516
92.8	0.0747069
92.8667	0.0926038
92.9333	0.0969967
93	0.0772854
93.0667	0.0967772
93.1333	0.0932935
93.2	0.086659
93.2667	0.0821211
93.3333	0.0664109
93.4	0.0693304
93.4667	0.102624
93.5333	0.0953978
93.6	0.0671006
93.6667	0.0821015
93.7333	0.066309
93.8	0.0785668
93.8667	0.0678687
93.9333	0.0783552
94	0.237056
94.0667	0.117754
94.1333	0.0995595
94.2	0.125325
94.2667	0.0891866
94.3333	0.0892728
94.4	0.10929
94.4667	0.0827207
94.5333	0.109831
94.6	0.094716
94.6667	0.113228
94.7333	0.142576
94.8	0.127716
94.8667	0.0891905
94.9333	0.133903
95	0.140444
95.0667	0.117558
95.1333	0.192485
95.2	0.186324
95.2667	0.155868
95.3333	0.201329
95.4	0.199299
95.4667	0.144962
95.5333	0.226891
95.6	0.205663
95.6667	0.24007
95.7333	0.212153
95.8	0.221722
95.8667	0.209202
95.9333	0.232232
96	0.244898
96.0667	0.243671
96.1333	0.256552
96.2	0.273066
96.2667	0.251501
96.3333	0.297331
96.4	0.294607
96.4667	0.286515
96.5333	0.299619
96.6	0.309122
96.6667	0.305015
96.7333	0.298639
96.8	0.328876
96.8667	0.308859
96.9333	0.337443
97	0.320933
97.0667	0.339786
97.1333	0.329609
97.2	0.337466
97.2667	0.334284
97.3333	0.371747
97.4	0.348196
97.4667	0.340292
97.5333	0.33374
97.6	0.34994
97.6667	0.361038
97.7333	0.356723
97.8	0.392591
97.8667	0.42882
97.9333	0.420352
98	0.41157
98.0667	0.446905
98.1333	0.434298
98.2	0.472628
98.2667	0.4101
98.3333	0.449625
98.4	0.348407
98.4667	0.402028
98.5333	0.430184
98.6	0.413811
98.6667	0.432174
98.7333	0.326415
98.8	0.361778
98.8667	0.431406
98.9333	0.370885
99	0.364717
99.0667	0.447258
99.1333	0.319859
99.2	0.29994
99.2667	0.434024
99.3333	0.398411
99.4	0.411096
99.4667	0.462372
99.5333	0.373973
99.6	0.364721
99.6667	0.443464
99.7333	0.431716
99.8	0.411531
99.8667	0.450024
99.9333	0.417636
100	0.445753
100.067	0.511494
100.133	0.488032
100.2	0.490383
100.267	0.528105
100.333	0.40992
100.4	0.460346
100.467	0.542369
100.533	0.336522
100.6	0.462866
100.667	0.501485
100.733	0.372018
100.8	0.365791
100.867	0.611233
100.933	0.39698
101	0.432845
101.067	0.548153
101.133	0.37319
101.2	0.380592
101.267	0.636748
101.333	0.491351
101.4	0.515495
101.467	0.628558
101.533	0.562947
101.6	0.568797
101.667	0.536088
101.733	0.539963
101.8	0.510839
101.867	0.581655
101.933	0.390679
102	0.550712
102.067	0.521808
102.133	0.560027
102.2	0.518935
102.267	0.574256
102.333	0.45633
102.4	0.473337
102.467	0.582427
102.533	0.530609
102.6	0.47427
102.667	0.54215
102.733	0.496865
102.8	0.502645
102.867	0.561489
102.933	0.515816
103	0.546676
103.067	0.566775
103.133	0.408047
103.2	0.435396
103.267	0.579014
103.333	0.416398
103.4	0.467941
103.467	0.521106
103.533	0.473063
103.6	0.471201
103.667	0.57551
103.733	0.469493
103.8	0.513665
103.867	0.61614
103.933	0.457254
104	0.40019
104.067	0.43083
104.133	0.414716
104.2	0.473141
104.267	0.58158
104.333	0.455569
104.4	0.426892
104.467	0.573476
104.533	0.389135
104.6	0.423216
104.667	0.535947
104.733	0.444824
104.8	0.45658
104.867	0.589202
104.933	0.427409
105	0.473313
105.067	0.581588
105.133	0.390115
105.2	0.423784
105.267	0.447861
105.333	0.477361
105.4	0.444585
105.467	0.618209
105.533	0.428636
105.6	0.400303
105.667	0.519014
105.733	0.337615
105.8	0.38736
105.867	0.505098
105.933	0.425767
106	0.419607
106.067	0.499146
106.133	0.396522
106.2	0.384781
106.267	0.491144
106.333	0.361578
106.4	0.346303
106.467	0.488287
106.533	0.381599
106.6	0.323343
106.667	0.555615
106.733	0.444436
106.8	0.393551
106.867	0.544317
106.933	0.408705
107	0.44194
107.067	0.560474
107.133	0.42902
107.2	0.406691
107.267	0.567916
107.333	0.40035
107.4	0.383696
107.467	0.606096
107.533	0.404379
107.6	0.357244
107.667	0.538776
107.733	0.341244
107.8	0.379671
107.867	0.436708
107.933	0.38176
108	0.339508
108.067	0.480853
108.133	0.341193
108.2	0.285829
108.267	0.495944
108.333	0.312849
108.4	0.330934
108.467	0.443962
108.533	0.345104
108.6	0.365591
108.667	0.469316
108.733	0.341859
108.8	0.344348
108.867	0.42382
108.933	0.327893
109	0.32446
109.067	0.41521
109.133	0.330957
109.2	0.367037
109.267	0.491653
109.333	0.372061
109.4	0.291766
109.467	0.458414
109.533	0.365489
109.6	0.265244
109.667	0.454323
109.733	0.307551
109.8	0.317865
109.867	0.409414
109.933	0.327039
110	0.362777
110.067	0.444389
110.133	0.408838
110.2	0.359787
110.267	0.450056
110.333	0.389601
110.4	0.37424
110.467	0.480203
110.533	0.367049
110.6	0.332133
110.667	0.438041
110.733	0.365352
110.8	0.371269
110.867	0.490952
110.933	0.349183
111	0.36572
111.067	0.420242
111.133	0.363448
111.2	0.355751
111.267	0.408928
111.333	0.371861
111.4	0.368452
111.467	0.421026
111.533	0.304529
111.6	0.306485
111.667	0.317489
111.733	0.348501
111.8	0.276342
111.867	0.33586
111.933	0.308005
112	0.277079
112.067	0.35233
112.133	0.297429
112.2	0.254032
112.267	0.361496
112.333	0.310603
112.4	0.282239
112.467	0.336157
112.533	0.323484
112.6	0.315094
112.667	0.380733
112.733	0.311536
112.8	0.360987
112.867	0.404234
112.933	0.298287
113	0.356359
113.067	0.41012
113.133	0.306457
113.2	0.321823
113.267	0.478725
113.333	0.424478
113.4	0.423726
113.467	0.480771
113.533	0.395895
113.6	0.399175
113.667	0.517466
113.733	0.406785
113.8	0.387097
113.867	0.458312
113.933	0.363397
114	0.383539
114.067	0.368981
114.133	0.318065
114.2	0.299121
114.267	0.454484
114.333	0.426528
114.4	0.429753
114.467	0.502747
114.533	0.402345
114.6	0.357221
114.667	0.485395
114.733	0.344841
114.8	0.360532
114.867	0.464026
114.933	0.334555
115	0.360806
115.067	0.487934
115.133	0.36804
115.2	0.34885
115.267	0.453093
115.333	0.335766
115.4	0.366273
115.467	0.428377
115.533	0.366575
115.6	0.364694
115.667	0.444993
115.733	0.343842
115.8	0.336142
115.867	0.477071
115.933	0.354364
116	0.374385
116.067	0.436654
116.133	0.349093
116.2	0.307492
116.267	0.405198
116.333	0.326921
116.4	0.353898
116.467	0.45892
116.533	0.358161
116.6	0.327517
116.667	0.450479
116.733	0.353776
116.8	0.3619
116.867	0.373758
116.933	0.340989
117	0.301371
117.067	0.361151
117.133	0.348121
117.2	0.34416
117.267	0.469555
117.333	0.386827
117.4	0.316528
117.467	0.345664
117.533	0.303138
117.6	0.309549
117.667	0.41039
117.733	0.319844
117.8	0.348635
117.867	0.427315
117.933	0.368926
118	0.349066
118.067	0.367966
118.133	0.300074
118.2	0.299631
118.267	0.427817
118.333	0.342815
118.4	0.324824
118.467	0.434486
118.533	0.343819
118.6	0.32667
118.667	0.391059
118.733	0.340068
118.8	0.343956
118.867	0.391819
118.933	0.329931
119	0.284708
119.067	0.350998
119.133	0.282212
119.2	0.301496
119.267	0.386215
119.333	0.271051
119.4	0.306834
119.467	0.379914
119.533	0.283983
119.6	0.291786
119.667	0.37828
119.733	0.282526
119.8	0.279257
119.867	0.366696
119.933	0.298389
120	0.27381
120.067	0.373483
120.133	0.268426
120.2	0.284834
120.267	0.364784
120.333	0.275609
120.4	0.278622
120.467	0.372159
120.533	0.297542
120.6	0.317101
120.667	0.375329
120.733	0.297942
120.8	0.26988
120.867	0.298385
120.933	0.278489
121	0.260052
121.067	0.323708
121.133	0.304843
121.2	0.263633
121.267	0.332975
121.333	0.28316
121.4	0.235798
121.467	0.282318
121.533	0.27528
121.6	0.271267
121.667	0.300995
121.733	0.240097
121.8	0.234799
121.867	0.241426
121.933	0.236531
122	0.221166
122.067	0.297472
122.133	0.237244
122.2	0.210546
122.267	0.294917
122.333	0.215715
122.4	0.23168
122.467	0.25656
122.533	0.221891
122.6	0.200353
122.667	0.291656
122.733	0.214896
122.8	0.211322
122.867	0.268692
122.933	0.180054
123	0.180372
123.067	0.263931
123.133	0.197469
123.2	0.1929
123.267	0.230273
123.333	0.201329
123.4	0.183613
123.467	0.236825
123.533	0.197313
123.6	0.175869
123.667	0.222553
123.733	0.19098
123.8	0.180548
123.867	0.202619
123.933	0.172142
124	0.189687
124.067	0.208289
124.133	0.156848
124.2	0.151271
124.267	0.175403
124.333	0.127242
124.4	0.121179
124.467	0.158098
124.533	0.123871
124.6	0.126387
124.667	0.143351
124.733	0.130188
124.8	0.145287
124.867	0.198049
124.933	0.164172
125	0.162765
125.067	0.198641
125.133	0.16184
125.2	0.188531
125.267	0.201948
125.333	0.211255
125.4	0.212615
125.467	0.232746
125.533	0.202325
125.6	0.231261
125.667	0.299204
125.733	0.247206
125.8	0.259844
125.867	0.265949
125.933	0.277764
126	0.292914
126.067	0.308217
126.133	0.302002
126.2	0.291656
126.267	0.326251
126.333	0.295011
126.4	0.297883
126.467	0.313374
126.533	0.277494
126.6	0.250294
126.667	0.247155
126.733	0.257798
126.8	0.283082
126.867	0.284226
126.933	0.31076
127	0.324045
127.067	0.308816
127.133	0.340954
127.2	0.3075
127.267	0.316752
127.333	0.31181
127.4	0.279206
127.467	0.304717
127.533	0.29155
127.6	0.304643
127.667	0.28762
127.733	0.275413
127.8	0.261627
127.867	0.312257
127.933	0.276483
128	0.30652
128.067	0.321568
128.133	0.281178
128.2	0.296206
128.267	0.332062
128.333	0.280864
128.4	0.289309
128.467	0.329386
128.533	0.289101
128.6	0.252763
128.667	0.318429
128.733	0.227914
128.8	0.257003
128.867	0.281256
128.933	0.204021
129	0.234811
129.067	0.243644
129.133	0.190706
129.2	0.196827
129.267	0.263183
129.333	0.20361
129.4	0.205205
129.467	0.236857
129.533	0.182676
129.6	0.174647
129.667	0.235908
129.733	0.172111
129.8	0.173635
129.867	0.214614
129.933	0.174811
130	0.161288
130.067	0.183425
130.133	0.140973
130.2	0.151005
130.267	0.177887
130.333	0.132246
130.4	0.129785
130.467	0.140416
130.533	0.111837
130.6	0.0958524
130.667	0.130898
130.733	0.0915457
130.8	0.0867453
130.867	0.0900683
130.933	0.0658388
131	0.0614302
131.067	0.0666774
131.133	0.0797307
131.2	0.0518959
131.267	0.061246
131.333	0.0574291
131.4	0.0709566
131.467	0.0702082
131.533	0.0613518
131.6	0.0846135
131.667	0.0763096
131.733	0.0699887
131.8	0.0893316
131.867	0.11112
131.933	0.085021
132	0.112562
132.067	0.090856
132.133	0.126411
132.2	0.112045
132.267	0.0861535
132.333	0.14756
132.4	0.0953586
132.467	0.0996693
132.533	0.1441
132.6	0.0958642
132.667	0.0791311
132.733	0.0953312
132.8	0.0988777
132.867	0.115066
132.933	0.102189
133	0.053773
133.067	0.0947826
133.133	0.0987523
133.2	0.0733471
133.267	0.113122
133.333	0.143924
133.4	0.0759687
133.467	0.073833
133.533	0.0976903
133.6	0.0888496
133.667	0.0903779
133.733	0.131156
133.8	0.120584
133.867	0.110583
133.933	0.120137
134	0.206071
134.067	0.135984
134.133	0.143661
134.2	0.157506
134.267	0.169634
134.333	0.16983
134.4	0.181716
134.467	0.180117
134.533	0.185329
134.6	0.209711
134.667	0.190698
134.733	0.202979
134.8	0.210037
134.867	0.21113
134.933	0.255282
135	0.256125
135.067	0.269276
135.133	0.24848
135.2	0.250921
135.267	0.235806
135.333	0.2415
135.4	0.227526
135.467	0.247461
135.533	0.264413
135.6	0.272725
135.667	0.282561
135.733	0.237648
135.8	0.21575
135.867	0.212995
135.933	0.21352
136	0.225206
136.067	0.26207
136.133	0.214951
136.2	0.227992
136.267	0.212948
136.333	0.201854
136.4	0.199879
136.467	0.195012
136.533	0.188303
136.6	0.180258
136.667	0.245905
136.733	0.196928
136.8	0.183037
136.867	0.205718
136.933	0.146839
137	0.135804
137.067	0.159661
137.133	0.150119
137.2	0.135647
137.267	0.159877
137.333	0.160711
137.4	0.134385
137.467	0.13783
137.533	0.128546
137.6	0.130365
137.667	0.119377
137.733	0.0894022
137.8	0.0832732
137.867	0.106688
137.933	0.0826502
138	0.0922001
138.067	0.123903
138.133	0.0998887
138.2	0.0769837
138.267	0.084151
138.333	0.0786766
138.4	0.0759334
138.467	0.0621904
138.533	0.0746363
138.6	0.0797856
138.667	0.101472
138.733	0.0724418
138.8	0.0674376
138.867	0.0621552
138.933	0.0735234
139	0.176516
139.067	0.103361
139.133	0.0980822
139.2	0.0911225
139.267	0.0919924
139.333	0.0813609
139.4	0.0742562
139.467	0.0844175
139.533	0.0720539
139.6	0.0675082
139.667	0.0606229
139.733	0.0620415
139.8	0.0740368
139.867	0.0672182
139.933	0.0707254
140	0.0872704
140.067	0.0723713
140.133	0.0852091
140.2	0.0725437
140.267	0.0602271
140.333	0.0881207
140.4	0.0814667
140.467	0.0901702
140.533	0.0938343
140.6	0.0905543
140.667	0.176641
140.733	0.137944
140.8	0.102365
140.867	0.121461
140.933	0.109544
141	0.129879
141.067	0.164928
141.133	0.120411
141.2	0.159928
141.267	0.134346
141.333	0.116375
141.4	0.130008
141.467	0.14642
141.533	0.13591
141.6	0.136917
141.667	0.157263
141.733	0.134577
141.8	0.157702
141.867	0.166049
141.933	0.126207
142	0.134534
142.067	0.160472
142.133	0.132136
142.2	0.159277
142.267	0.178138
142.333	0.167985
142.4	0.1524
142.467	0.18353
142.533	0.129032
142.6	0.139362
142.667	0.193315
142.733	0.118855
142.8	0.1522
142.867	0.231962
142.933	0.161628
143	0.150491
143.067	0.23893
143.133	0.14089
143.2	0.156507
143.267	0.226166
143.333	0.168541
143.4	0.192536
143.467	0.256474
143.533	0.154347
143.6	0.136874
143.667	0.239361
143.733	0.159258
143.8	0.161519
143.867	0.20002
143.933	0.145256
144	0.190063
144.067	0.229654
144.133	0.143469
144.2	0.148269
144.267	0.236135
144.333	0.125839
144.4	0.159085
144.467	0.208653
144.533	0.142086
144.6	0.181304
144.667	0.173718
144.733	0.123327
144.8	0.132583
144.867	0.179361
144.933	0.149527
145	0.128919
145.067	0.183856
145.133	0.143736
145.2	0.134585
145.267	0.179847
145.333	0.10974
145.4	0.0985015
145.467	0.120407
145.533	0.0934737
145.6	0.0920669
145.667	0.15385
145.733	0.0755925
145.8	0.0801422
145.867	0.110383
145.933	0.0796954
146	0.0808084
146.067	0.0921374
146.133	0.0734176
146.2	0.077015
146.267	0.11641
146.333	0.062547
146.4	0.107581
146.467	0.116324
146.533	0.0634718
146.6	0.0772423
146.667	0.0837357
146.733	0.0900174
146.8	0.0798875
146.867	0.105265
146.933	0.078414
147	0.0874545
147.067	0.0751889
147.133	0.0655645
147.2	0.0652627
147.267	0.0372594
147.333	0.144821
147.4	0.0640793
147.467	0.0771914
147.533	0.0845821
147.6	0.0462803
147.667	0.0860634
147.733	0.0876505
147.8	0.07687
147.867	0.0556187
147.933	0.0574644
148	0.0678373
148.067	0.0644006
148.133	0.0606308
148.2	0.0616771
148.267	0.0538592
148.333	0.0631701
148.4	0.0760432
148.467	0.0860438
148.533	0.092208
148.6	0.0852875
148.667	0.0548271
148.733	0.0464645
148.8	0.0533301
148.867	0.0420951
148.933	0.0365305
149	0.168353
149.067	0.0923412
149.133	0.0900919
149.2	0.0710272
149.267	0.0915261
149.333	0.0909501
149.4	0.0646436
149.467	0.0793859
149.533	0.0568178
149.6	0.0439173
149.667	0.0637148
149.733	0.0775558
149.8	0.0650668
149.867	0.0513551
149.933	0.0506145
150	0.137273
150.067	0.0851542
150.133	0.0383214
150.2	0.0549172
150.267	0.0593689
150.333	0.0467192
150.4	0.0511866
150.467	0.0683037
150.533	0.0453986
150.6	0.0398889
150.667	0.150503
150.733	0.0714896
150.8	0.113675
150.867	0.0920316
150.933	0.0846135
151	0.0666304
151.067	0.103733
151.133	0.0897509
151.2	0.0765918
151.267	0.0886458
151.333	0.0664932
151.4	0.0865415
151.467	0.101115
151.533	0.109831
151.6	0.096789
151.667	0.0968478
151.733	0.100281
151.8	0.0840178
151.867	0.0853933
151.933	0.10193
152	0.0988228
152.067	0.069252
152.133	0.10521
152.2	0.109799
152.267	0.083528
152.333	0.146737
152.4	0.123166
152.467	0.0910519
152.533	0.119847
152.6	0.117519
152.667	0.124863
152.733	0.0971182
152.8	0.118087
152.867	0.131862
152.933	0.125886
153	0.12123
153.067	0.122766
153.133	0.129597
153.2	0.140957
153.267	0.12859
153.333	0.152267
153.4	0.127637
153.467	0.148179
153.533	0.128225
153.6	0.144884
153.667	0.176759
153.733	0.147799
153.8	0.136208
153.867	0.151828
153.933	0.130529
154	0.220762
154.067	0.169051
154.133	0.128448
154.2	0.156123
154.267	0.157647
154.333	0.144888
154.4	0.126979
154.467	0.15057
154.533	0.151455
154.6	0.124745
154.667	0.152196
154.733	0.139609
154.8	0.130811
154.867	0.136956
154.933	0.101213
155	0.110226
155.067	0.126387
155.133	0.10438
155.2	0.0788686
155.267	0.105112
155.333	0.0999788
155.4	0.0926782
155.467	0.110352
155.533	0.128014
155.6	0.0784258
155.667	0.188531
155.733	0.124142
155.8	0.0853188
155.867	0.0973102
155.933	0.0817684
156	0.0996183
156.067	0.106786
156.133	0.0838846
156.2	0.0668537
156.267	0.0928154
156.333	0.0875133
156.4	0.103796
156.467	0.0988777
156.533	0.0991128
156.6	0.0930152
156.667	0.0741935
156.733	0.0742131
156.8	0.0667636
156.867	0.0898097
156.933	0.07745
157	0.0627665
157.067	0.0982507
157.133	0.104603
157.2	0.106551
157.267	0.0778066
157.333	0.17755
157.4	0.0848447
157.467	0.0806634
157.533	0.0920512
157.6	0.067465
157.667	0.089265
157.733	0.0801187
157.8	0.0673122
157.867	0.0723948
157.933	0.0629075
158	0.0888496
158.067	0.0725908
158.133	0.0725006
158.2	0.0779281
158.267	0.0690051
158.333	0.0735861
158.4	0.0648121
158.467	0.0850092
158.533	0.0760197
158.6	0.0774304
158.667	0.0734529
158.733	0.0716228
158.8	0.0671359
158.867	0.05594
158.933	0.0695851
159	0.130239
159.067	0.0784767
159.133	0.109787
159.2	0.092302
159.267	0.114125
159.333	0.0975492
159.4	0.106543
159.467	0.0870078
159.533	0.0834026
159.6	0.0887869
159.667	0.10289
159.733	0.0830812
159.8	0.0940537
159.867	0.103059
159.933	0.102546
160	0.110046
160.067	0.110857
160.133	0.0851738
160.2	0.0924117
160.267	0.0886223
160.333	0.0946141
160.4	0.0865376
160.467	0.0874154
160.533	0.0992931
160.6	0.114294
160.667	0.203269
160.733	0.111731
160.8	0.113165
160.867	0.131654
160.933	0.133241
161	0.122394
161.067	0.108561
161.133	0.117464
161.2	0.108024
161.267	0.117488
161.333	0.0939165
161.4	0.0941203
161.467	0.102483
161.533	0.0689502
161.6	0.0950373
161.667	0.0635502
161.733	0.0447324
161.8	0.0455514
161.867	0.0332584
161.933	0.0639343
162	0.0734372
162.067	0.0514609
162.133	0.0587419
162.2	0.0923922
162.267	0.0581541
162.333	0.1358
162.4	0.074652
162.467	0.0662385
162.533	0.0827716
162.6	0.0971142
162.667	0.074652
162.733	0.084778
162.8	0.101374
162.867	0.0910951
162.933	0.0826737
163	0.0742797
163.067	0.0771051
163.133	0.0807927
163.2	0.0801578
163.267	0.0971378
163.333	0.0818272
163.4	0.0904093
163.467	0.103196
163.533	0.0897
163.6	0.0929329
163.667	0.0990423
163.733	0.096789
163.8	0.0883637
163.867	0.085264
163.933	0.0869843
164	0.140988
164.067	0.097753
164.133	0.0989913
164.2	0.0805105
164.267	0.103659
164.333	0.120815
164.4	0.0910911
164.467	0.09423
164.533	0.0836573
164.6	0.0669125
164.667	0.0843274
164.733	0.102318
164.8	0.0820153
164.867	0.0726299
164.933	0.0655605
165	0.0648003
165.067	0.0827285
165.133	0.0572371
165.2	0.0759491
165.267	0.0703728
165.333	0.0902839
165.4	0.0874154
165.467	0.0917534
165.533	0.0843274
165.6	0.0796484
165.667	0.186489
165.733	0.0851425
165.8	0.0812237
165.867	0.0690169
165.933	0.0812277
166	0.0925959
166.067	0.0895903
166.133	0.0899077
166.2	0.106253
166.267	0.0802441
166.333	0.0895511
166.4	0.139296
166.467	0.082564
166.533	0.100602
166.6	0.0956917
166.667	0.174462
166.733	0.0647415
166.8	0.07417
166.867	0.0619866
166.933	0.075134
167	0.0568061
167.067	0.0779477
167.133	0.0507947
167.2	0.0548114
167.267	0.0534085
167.333	0.0953038
167.4	0.0600155
167.467	0.0568061
167.533	0.0703414
167.6	0.0739231
167.667	0.0515432
167.733	0.0646945
167.8	0.0754475
167.867	0.0726731
167.933	0.0681234
168	0.0821525
168.067	0.0570412
168.133	0.0895746
168.2	0.118166
168.267	0.0738996
168.333	0.0793427
168.4	0.100637
168.467	0.0908011
168.533	0.0649218
168.6	0.0711447
168.667	0.0784375
168.733	0.0716659
168.8	0.104258
168.867	0.0776185
168.933	0.0783004
169	0.149473
169.067	0.095343
169.133	0.110465
169.2	0.108012
169.267	0.0941125
169.333	0.104199
169.4	0.108228
169.467	0.108259
169.533	0.10869
169.6	0.125012
169.667	0.159199
169.733	0.181982
169.8	0.161628
169.867	0.160645
169.933	0.139535
170	0.136278
170.067	0.127163
170.133	0.119036
170.2	0.0896569
170.267	0.0963854
170.333	0.0940184
170.4	0.0747461
170.467	0.0961581
170.533	0.0846448
170.6	0.0714426
170.667	0.158286
170.733	0.0754593
170.8	0.0738839
170.867	0.0848995
170.933	0.0767329
171	0.0498464
171.067	0.0549133
171.133	0.0436744
171.2	0.0613205
171.267	0.0605602
171.333	0.0467663
171.4	0.0552699
171.467	0.0545332
171.533	0.066407
171.6	0.0602115
171.667	0.0648512
171.733	0.0624138
171.8	0.0676806
171.867	0.0487374
171.933	0.0475931
172	0.0450655
172.067	0.0425066
172.133	0.0505792
172.2	0.0543138
172.267	0.0567786
172.333	0.195259
172.4	0.0824425
172.467	0.0807026
172.533	0.0796758
172.6	0.0729748
172.667	0.0666108
172.733	0.0696321
172.8	0.059173
172.867	0.0706941
172.933	0.0649766
173	0.0716072
173.067	0.0835632
173.133	0.0991559
173.2	0.0784806
173.267	0.0801187
173.333	0.0752477
173.4	0.0742405
173.467	0.0610618
173.533	0.0820976
173.6	0.065733
173.667	0.0527815
173.733	0.0796798
173.8	0.0623158
173.867	0.0575389
173.933	0.0268316
174	0.201533
174.067	0.0798718
174.133	0.0654391
174.2	0.0832105
174.267	0.0573037
174.333	0.0583109
174.4	0.0635777
174.467	0.0501246
174.533	0.0511748
174.6	0.067081
174.667	0.0507947
174.733	0.0760824
174.8	0.060619
174.867	0.0704472
174.933	0.050203
175	0.0475422
175.067	0.0494702
175.133	0.0651961
175.2	0.0734686
175.267	0.0810944
175.333	0.092639
175.4	0.0841785
175.467	0.0793584
175.533	0.0922158
175.6	0.0795269
175.667	0.147721
175.733	0.058017
175.8	0.0516529
175.867	0.0648944
175.933	0.0675944
176	0.0734294
176.067	0.078316
176.133	0.0845351
176.2	0.10197
176.267	0.0963187
176.333	0.113283
176.4	0.120262
176.467	0.119584
176.533	0.132293
176.6	0.136466
176.667	0.120384
176.733	0.123926
176.8	0.145554
176.867	0.136145
176.933	0.130051
177	0.139558
177.067	0.139648
177.133	0.136866
177.2	0.148587
177.267	0.16233
177.333	0.143065
177.4	0.12663
177.467	0.172142
177.533	0.131384
177.6	0.108655
177.667	0.180203
177.733	0.135432
177.8	0.152247
177.867	0.205248
177.933	0.150535
178	0.149284
178.067	0.155053
178.133	0.162189
178.2	0.202462
178.267	0.188907
178.333	0.195929
178.4	0.167413
178.467	0.209762
178.533	0.183021
178.6	0.183354
178.667	0.216362
178.733	0.18781
178.8	0.193833
178.867	0.231018
178.933	0.182253
179	0.212192
179.067	0.183534
179.133	0.182206
179.2	0.161433
179.267	0.16871
179.333	0.180282
179.4	0.149257
179.467	0.160182
179.533	0.135189
179.6	0.137348
179.667	0.137822
179.733	0.127598
179.8	0.122492
179.867	0.128503
179.933	0.122061
180	0.112248
180.067	0.113514
180.133	0.118044
180.2	0.111206
180.267	0.112538
180.333	0.0954096
180.4	0.0857421
180.467	0.10157
180.533	0.0823249
180.6	0.0742797
180.667	0.213379
180.733	0.116688
180.8	0.125078
180.867	0.133457
180.933	0.103996
181	0.11864
181.067	0.119631
181.133	0.104901
181.2	0.107099
181.267	0.111629
181.333	0.115556
181.4	0.137011
181.467	0.150891
181.533	0.124353
181.6	0.146569
181.667	0.129804
181.733	0.125247
181.8	0.119408
181.867	0.121363
181.933	0.124828
182	0.126227
182.067	0.111104
182.133	0.121485
182.2	0.128437
182.267	0.150538
182.333	0.219485
182.4	0.136897
182.467	0.147964
182.533	0.144366
182.6	0.150327
182.667	0.136051
182.733	0.15008
182.8	0.155421
182.867	0.122018
182.933	0.151902
183	0.11775
183.067	0.152811
183.133	0.136897
183.2	0.12009
183.267	0.106574
183.333	0.130988
183.4	0.119424
183.467	0.122903
183.533	0.14832
183.6	0.14437
183.667	0.124882
183.733	0.14816
183.8	0.147991
183.867	0.144218
183.933	0.14807
184	0.189216
184.067	0.134734
184.133	0.111418
184.2	0.13167
184.267	0.129283
184.333	0.143779
184.4	0.128354
184.467	0.116394
184.533	0.0996771
184.6	0.0993558
184.667	0.103423
184.733	0.106292
184.8	0.0999867
184.867	0.131094
184.933	0.136278
185	0.104783
185.067	0.123448
185.133	0.114427
185.2	0.113009
185.267	0.117511
185.333	0.120462
185.4	0.12096
185.467	0.131533
185.533	0.118663
185.6	0.12618
185.667	0.229846
185.733	0.151847
185.8	0.135757
185.867	0.149798
185.933	0.136984
186	0.138324
186.067	0.136646
186.133	0.141271
186.2	0.145323
186.267	0.154206
186.333	0.135765
186.4	0.141404
186.467	0.131407
186.533	0.135769
186.6	0.144766
186.667	0.127394
186.733	0.14334
186.8	0.134029
186.867	0.129992
186.933	0.108592
187	0.124773
187.067	0.107922
187.133	0.120176
187.2	0.10427
187.267	0.0825091
187.333	0.192974
187.4	0.124263
187.467	0.119247
187.533	0.114921
187.6	0.0957662
187.667	0.110015
187.733	0.0752437
187.8	0.107777
187.867	0.0920238
187.933	0.110599
188	0.101672
188.067	0.0891122
188.133	0.100312
188.2	0.0658701
188.267	0.086322
188.333	0.0943241
188.4	0.0694989
188.467	0.0984309
188.533	0.0856402
188.6	0.0959269
188.667	0.0824895
188.733	0.106594
188.8	0.0898998
188.867	0.0820976
188.933	0.0794094
189	0.192606
189.067	0.0920983
189.133	0.0837513
189.2	0.0666774
189.267	0.0771091
189.333	0.0711095
189.4	0.0653176
189.467	0.0864788
189.533	0.0775127
189.6	0.0982977
189.667	0.0993518
189.733	0.112299
189.8	0.0644163
189.867	0.0634287
189.933	0.0597451
190	0.0768583
190.067	0.0917142
190.133	0.0731394
190.2	0.0637422
190.267	0.073594
190.333	0.0690169
190.4	0.0776969
190.467	0.06491
190.533	0.0738839
190.6	0.0605093
190.667	0.163396
190.733	0.0859576
190.8	0.0705021
190.867	0.0937598
190.933	0.0929055
191	0.0713995
191.067	0.0858008
191.133	0.0940851
191.2	0.0868628
191.267	0.110367
191.333	0.0731747
191.4	0.0943123
191.467	0.0956839
191.533	0.100053
191.6	0.0719794
191.667	0.0737429
191.733	0.0761882
191.8	0.0618691
191.867	0.0638245
191.933	0.0607601
192	0.065588
192.067	0.0867844
192.133	0.0736919
192.2	0.067469
192.267	0.0808123
192.333	0.167456
192.4	0.104528
192.467	0.0970006
192.533	0.0994145
192.6	0.0947003
192.667	0.0971142
192.733	0.0691305
192.8	0.0625823
192.867	0.0626489
192.933	0.0651726
193	0.0715288
193.067	0.0735469
193.133	0.065733
193.2	0.0746559
193.267	0.0804713
193.333	0.0797777
193.4	0.0713603
193.467	0.0692873
193.533	0.0623864
193.6	0.0673749
193.667	0.0753848
193.733	0.0624569
193.8	0.0513708
193.867	0.0692285
193.933	0.0625627
194	0.152753
194.067	0.0910833
194.133	0.0764429
194.2	0.0920591
194.267	0.0724183
194.333	0.0789979
194.4	0.0851621
194.467	0.0830499
194.533	0.069781
194.6	0.084347
194.667	0.0950883
194.733	0.0901663
194.8	0.0770856
194.867	0.100469
194.933	0.0865023
195	0.083865
195.067	0.0800481
195.133	0.0835123
195.2	0.0888379
195.267	0.0884891
195.333	0.0754123
195.4	0.0988424
195.467	0.0917377
195.533	0.103815
195.6	0.0626215
195.667	0.215895
195.733	0.127206
195.8	0.0904798
195.867	0.0880659
195.933	0.0944338
196	0.0971769
196.067	0.0847741
196.133	0.0825914
196.2	0.109396
196.267	0.0886889
196.333	0.106551
196.4	0.0894218
196.467	0.0921296
196.533	0.0878778
196.6	0.0975649
196.667	0.106339
196.733	0.0786844
196.8	0.0836455
196.867	0.0962913
196.933	0.0826227
197	0.0835985
197.067	0.110293
197.133	0.110955
197.2	0.124154
197.267	0.166762
197.333	0.171696
197.4	0.137148
197.467	0.139186
197.533	0.139758
197.6	0.0973023
197.667	0.167538
197.733	0.142666
197.8	0.181069
197.867	0.192097
197.933	0.16514
198	0.143806
198.067	0.193594
198.133	0.159003
198.2	0.180752
198.267	0.194953
198.333	0.181653
198.4	0.18036
198.467	0.191752
198.533	0.1528
198.6	0.168937
198.667	0.192089
198.733	0.16514
198.8	0.140601
198.867	0.215151
198.933	0.183969
199	0.247841
199.067	0.225469
199.133	0.193025
199.2	0.179706
199.267	0.213054
199.333	0.170273
199.4	0.194154
199.467	0.225571
199.533	0.196783
199.6	0.194393
199.667	0.236868
199.733	0.184855
199.8	0.204519
199.867	0.253915
199.933	0.227581
200	0.233404
200.067	0.219928
200.133	0.221185
200.2	0.20428
200.267	0.212423
200.333	0.20082
200.4	0.205914
200.467	0.257485
200.533	0.213097
200.6	0.225488
200.667	0.290774
200.733	0.25618
200.8	0.270037
200.867	0.255314
200.933	0.271937
201	0.265781
201.067	0.247962
201.133	0.278403
201.2	0.265608
201.267	0.211173
201.333	0.259632
201.4	0.262223
201.467	0.26535
201.533	0.255545
201.6	0.197403
201.667	0.178307
201.733	0.225351
201.8	0.250588
201.867	0.227416
201.933	0.245298
202	0.203069
202.067	0.189914
202.133	0.194746
202.2	0.21006
202.267	0.245215
202.333	0.268285
202.4	0.233459
202.467	0.247978
202.533	0.205753
202.6	0.270613
202.667	0.211295
202.733	0.250137
202.8	0.247547
202.867	0.216671
202.933	0.223835
203	0.222961
203.067	0.183589
203.133	0.221099
203.2	0.167601
203.267	0.157902
203.333	0.176285
203.4	0.179126
203.467	0.213607
203.533	0.205663
203.6	0.174768
203.667	0.166499
203.733	0.164364
203.8	0.156871
203.867	0.175023
203.933	0.204151
204	0.289246
204.067	0.20044
204.133	0.210621
204.2	0.181661
204.267	0.172111
204.333	0.202865
204.4	0.188131
204.467	0.183182
204.533	0.164646
204.6	0.17824
204.667	0.214806
204.733	0.167185
204.8	0.180807
204.867	0.162977
204.933	0.15162
205	0.156879
205.067	0.200479
205.133	0.1518
205.2	0.152615
205.267	0.127296
205.333	0.0958485
205.4	0.0988816
205.467	0.107099
205.533	0.0964716
205.6	0.0823876
205.667	0.260153
205.733	0.101331
205.8	0.0900723
205.867	0.127473
205.933	0.104054
206	0.125937
206.067	0.141133
206.133	0.113659
206.2	0.11612
206.267	0.148779
206.333	0.112883
206.4	0.125482
206.467	0.167083
206.533	0.113354
206.6	0.112409
206.667	0.163247
206.733	0.122617
206.8	0.148822
206.867	0.166025
206.933	0.151781
207	0.147345
207.067	0.156033
207.133	0.162687
207.2	0.139621
207.267	0.145957
207.333	0.26455
207.4	0.200377
207.467	0.174349
207.533	0.153787
207.6	0.171915
207.667	0.165022
207.733	0.174831
207.8	0.146718
207.867	0.179615
207.933	0.142811
208	0.144022
208.067	0.171864
208.133	0.143591
208.2	0.174701
208.267	0.143069
208.333	0.141282
208.4	0.150531
208.467	0.167103
208.533	0.131529
208.6	0.159461
208.667	0.185678
208.733	0.137701
208.8	0.128166
208.867	0.139734
208.933	0.0960405
209	0.220606
209.067	0.183436
209.133	0.119087
209.2	0.160445
209.267	0.12768
209.333	0.11226
209.4	0.115093
209.467	0.13716
209.533	0.122292
209.6	0.107742
209.667	0.0874741
209.733	0.0961346
209.8	0.11942
209.867	0.134734
209.933	0.116488
210	0.10358
210.067	0.108204
210.133	0.0933366
210.2	0.107922
210.267	0.113663
210.333	0.114204
210.4	0.134303
210.467	0.120893
210.533	0.120975
210.6	0.106359
210.667	0.331482
210.733	0.165692
210.8	0.124514
210.867	0.15372
210.933	0.144539
211	0.128209
211.067	0.103161
211.133	0.0999553
211.2	0.14555
211.267	0.0992147
211.333	0.163165
211.4	0.135812
211.467	0.116253
211.533	0.118989
211.6	0.12884
211.667	0.0869725
211.733	0.0949824
211.8	0.120482
211.867	0.0788843
211.933	0.107291
212	0.1142
212.067	0.105806
212.133	0.111312
212.2	0.10782
212.267	0.100234
212.333	0.278325
212.4	0.1495
212.467	0.134605
212.533	0.122582
212.6	0.149641
212.667	0.108694
212.733	0.120991
212.8	0.0989286
212.867	0.117868
212.933	0.12839
213	0.119796
213.067	0.103212
213.133	0.110963
213.2	0.116171
213.267	0.0904289
213.333	0.149872
213.4	0.119796
213.467	0.0804322
213.533	0.0881482
213.6	0.0964872
213.667	0.105073
213.733	0.103271
213.8	0.113361
213.867	0.108008
213.933	0.0768034
214	0.268351
214.067	0.183977
214.133	0.120203
214.2	0.115336
214.267	0.0813413
214.333	0.0768269
214.4	0.111684
214.467	0.112542
214.533	0.109396
214.6	0.0845782
214.667	0.0601017
214.733	0.0879326
214.8	0.0686211
214.867	0.0595727
214.933	0.0773677
215	0.078124
215.067	0.062739
215.133	0.0467153
215.2	0.0685936
215.267	0.0752986
215.333	0.0619906
215.4	0.0761842
215.467	0.0758041
215.533	0.0566101
215.6	0.094426
215.667	0.248581
215.733	0.122265
215.8	0.0983486
215.867	0.0852405
215.933	0.0669399
216	0.0819722
216.067	0.11545
216.133	0.0686916
216.2	0.105414
216.267	0.0973023
216.333	0.0775127
216.4	0.0806007
216.467	0.0916789
216.533	0.0493879
216.6	0.064044
216.667	0.137842
216.733	0.0833203
216.8	0.0566219
216.867	0.0641302
216.933	0.0406883
217	0.0507595
217.067	0.0643653
217.133	0.0619906
217.2	0.0510063
217.267	0.0627939
217.333	0.212384
217.4	0.108298
217.467	0.0987327
217.533	0.0699534
217.6	0.0785512
217.667	0.0690443
217.733	0.0597843
217.8	0.0734999
217.867	0.0654665
217.933	0.0372084
218	0.0580993
218.067	0.0768191
218.133	0.0486394
218.2	0.0491136
218.267	0.0474403
218.333	0.0494937
218.4	0.0482005
218.467	0.067179
218.533	0.0639421
218.6	0.0577191
218.667	0.0566376
218.733	0.056908
218.8	0.0468133
218.867	0.0481221
218.933	0.0564416
219	0.215821
219.067	0.137924
219.133	0.0824621
219.2	0.0642164
219.267	0.0891514
219.333	0.073688
219.4	0.0533654
219.467	0.0663247
219.533	0.0666068
219.6	0.0553601
219.667	0.0528403
219.733	0.0711487
219.8	0.057676
219.867	0.0584363
219.933	0.0521584
220	0.0700945
220.067	0.0850915
220.133	0.0718697
220.2	0.0676767
220.267	0.0666735
220.333	0.0513551
220.4	0.0579778
220.467	0.0656467
220.533	0.0556422
220.6	0.0521741
220.667	0.225708
220.733	0.103227
220.8	0.0984976
220.867	0.109023
220.933	0.0814236
221	0.0611284
221.067	0.0877602
221.133	0.0736018
221.2	0.0948923
221.267	0.0926625
221.333	0.0648669
221.4	0.0904249
221.467	0.0762469
221.533	0.0776146
221.6	0.0701925
221.667	0.0676022
221.733	0.0746912
221.8	0.0777243
221.867	0.0924235
221.933	0.0837592
222	0.0796053
222.067	0.0816705
222.133	0.0758472
222.2	0.0925607
222.267	0.0753456
222.333	0.249683
222.4	0.140597
222.467	0.0987915
222.533	0.0963618
222.6	0.101621
222.667	0.124879
222.733	0.0946925
222.8	0.09722
222.867	0.0886106
222.933	0.098235
223	0.105351
223.067	0.0804792
223.133	0.0961502
223.2	0.0972318
223.267	0.0839042
223.333	0.0786491
223.4	0.0939518
223.467	0.0804204
223.533	0.0862476
223.6	0.0903074
223.667	0.0797189
223.733	0.0757453
223.8	0.0835436
223.867	0.0911813
223.933	0.0740524
224	0.201455
224.067	0.103655
224.133	0.0822896
224.2	0.0989404
224.267	0.0852679
224.333	0.0780927
224.4	0.0972396
224.467	0.0913811
224.533	0.0784728
224.6	0.0765526
224.667	0.0900213
224.733	0.06761
224.8	0.0704707
224.867	0.0589535
224.933	0.0641694
225	0.0645965
225.067	0.0697497
225.133	0.0620689
225.2	0.0662032
225.267	0.080777
225.333	0.048416
225.4	0.0693617
225.467	0.0579739
225.533	0.0706823
225.6	0.0596432
225.667	0.255839
225.733	0.110309
225.8	0.086181
225.867	0.0492742
225.933	0.0478517
226	0.0527267
226.067	0.0685113
226.133	0.048851
226.2	0.0442387
226.267	0.0656467
226.333	0.0612303
226.4	0.0660935
226.467	0.0508378
226.533	0.0461941
226.6	0.0457474
226.667	0.0684643
226.733	0.0481848
226.8	0.0542785
226.867	0.0655135
226.933	0.0525895
227	0.0559949
227.067	0.053338
227.133	0.0594591
227.2	0.0502657
227.267	0.0459081
227.333	0.27486
227.4	0.113992
227.467	0.124161
227.533	0.0943398
227.6	0.0517235
227.667	0.0727044
227.733	0.0737821
227.8	0.0581737
227.867	0.0622845
227.933	0.0665872
228	0.0745932
228.067	0.0869843
228.133	0.0580052
228.2	0.0711683
228.267	0.0403238
228.333	0.0674611
228.4	0.0883167
228.467	0.0589849
228.533	0.0537495
228.6	0.0475892
228.667	0.0516568
228.733	0.0830224
228.8	0.0646514
228.867	0.0683899
228.933	0.0732687
229	0.275515
229.067	0.109486
229.133	0.0956173
229.2	0.0876035
229.267	0.0736057
229.333	0.0602036
229.4	0.0858439
229.467	0.0791507
229.533	0.0511278
229.6	0.0579268
229.667	0.059416
229.733	0.0602389
229.8	0.049478
229.867	0.0377492
229.933	0.0677041
230	0.0635189
230.067	0.0849701
230.133	0.0542981
230.2	0.0661993
230.267	0.0738134
230.333	0.0812159
230.4	0.0429455
230.467	0.0674964
230.533	0.0663717
230.6	0.0659642
230.667	0.257293
230.733	0.117437
230.8	0.0864278
230.867	0.110391
230.933	0.0967655
231	0.0854756
231.067	0.0759217
231.133	0.0661405
231.2	0.065392
231.267	0.0641145
231.333	0.0943359
231.4	0.0671515
231.467	0.0697614
231.533	0.0764821
231.6	0.0579033
231.667	0.0676923
231.733	0.0748519
231.8	0.0977687
231.867	0.0835397
231.933	0.070122
232	0.0559322
232.067	0.0482279
232.133	0.0481574
232.2	0.0385016
232.267	0.0406256
232.333	0.257387
232.4	0.104188
232.467	0.0866042
232.533	0.0921374
232.6	0.092976
232.667	0.0665167
232.733	0.0885087
232.8	0.0844528
232.867	0.0922001
232.933	0.0737546
233	0.0801461
233.067	0.104642
233.133	0.101883
233.2	0.0358173
233.267	0.0597686
233.333	0.177546
233.4	0.0624099
233.467	0.0609364
233.533	0.0522486
233.6	0.0666029
233.667	0.0562457
233.733	0.05324
233.8	0.0595139
233.867	0.0628017
233.933	0.0449205
234	0.209657
234.067	0.0932112
234.133	0.0730806
234.2	0.0770307
234.267	0.123256
234.333	0.111833
234.4	0.0933797
234.467	0.0901467
234.533	0.0745227
234.6	0.0913223
234.667	0.101625
234.733	0.0828814
234.8	0.0694362
234.867	0.0724027
234.933	0.0891357
235	0.076243
235.067	0.0742837
235.133	0.0686132
235.2	0.0513198
235.267	0.0571078
235.333	0.0646553
235.4	0.0721205
235.467	0.0580366
235.533	0.0494663
235.6	0.0343125
235.667	0.263896
235.733	0.138829
235.8	0.128801
235.867	0.0607679
235.933	0.0998143
236	0.105101
236.067	0.07417
236.133	0.0562653
236.2	0.0632759
236.267	0.0536358
236.333	0.0829284
236.4	0.0844685
236.467	0.0826776
236.533	0.0656232
236.6	0.0865454
236.667	0.0610853
236.733	0.0453477
236.8	0.0482515
236.867	0.0554502
236.933	0.0711604
237	0.0683624
237.067	0.0568178
237.133	0.057872
237.2	0.0793663
237.267	0.0674219
237.333	0.252935
237.4	0.102612
237.467	0.0654312
237.533	0.0913263
237.6	0.0752869
237.667	0.0698907
237.733	0.0928781
237.8	0.0824738
237.867	0.0642321
237.933	0.192806
238	0.109188
238.067	0.122002
238.133	0.0985171
238.2	0.0657486
238.267	0.0916907
238.333	0.0689346
238.4	0.0747539
238.467	0.0790528
238.533	0.0867766
238.6	0.0639695
238.667	0.0599724
238.733	0.0708469
238.8	0.074025
238.867	0.0618025
238.933	0.0650825
239	0.065102
239.067	0.0456063
239.133	0.050011
239.2	0.0542628
239.267	0.0491293
239.333	0.0581267
239.4	0.051214
239.467	0.0522055
239.533	0.0462842
239.6	0.212294
239.667	0.0910519
239.733	0.0745776
239.8	0.090617
239.867	0.0697771
239.933	0.0547605
240	0.0400848
240.067	0.0642203
240.133	0.0628292
240.2	0.0665441
240.267	0.0722616
240.333	0.102326
240.4	0.0876662
240.467	0.0625627
240.533	0.0721088
240.6	0.0354058
240.667	0.0530323
240.733	0.04726
240.8	0.0565866
240.867	0.0528246
240.933	0.0617946
241	0.0611833
241.067	0.0619396
241.133	0.0307778
241.2	0.0408803
241.267	0.20276
241.333	0.0927057
241.4	0.108353
241.467	0.0645221
241.533	0.0955076
241.6	0.0743699
241.667	0.0628448
241.733	0.0650981
241.8	0.0715484
241.867	0.0814706
241.933	0.0667636
242	0.111425
242.067	0.078802
242.133	0.0781593
242.2	0.0796758
242.267	0.0795818
242.333	0.079668
242.4	0.0697575
242.467	0.0714857
242.533	0.0853619
242.6	0.0555991
242.667	0.0694244
242.733	0.0741191
242.8	0.0682018
242.867	0.0575193
242.933	0.220265
243	0.0994498
243.067	0.09327
243.133	0.0965225
243.2	0.116253
243.267	0.0926038
243.333	0.0695302
243.4	0.0965617
243.467	0.0869216
243.533	0.0624961
243.6	0.0793819
243.667	0.106374
243.733	0.0576212
243.8	0.0736645
243.867	0.0983016
243.933	0.0987052
244	0.0951509
244.067	0.0733667
244.133	0.0790528
244.2	0.0657721
244.267	0.0672613
244.333	0.054737
244.4	0.0645691
244.467	0.0649335
244.533	0.0567238
244.6	0.229329
244.667	0.0831557
244.733	0.0943359
244.8	0.0732413
244.867	0.0735979
244.933	0.0888026
245	0.0862515
245.067	0.0789744
245.133	0.0900997
245.2	0.0636913
245.267	0.0585146
245.333	0.0781162
245.4	0.0670771
245.467	0.0638128
245.533	0.0643653
245.6	0.0774422
245.667	0.0591064
245.733	0.0712114
245.8	0.0698437
245.867	0.0515158
245.933	0.0490234
246	0.0791311
246.067	0.0565435
246.133	0.041472
246.2	0.0430866
246.267	0.22028
246.333	0.0728612
246.4	0.0703414
246.467	0.106715
246.533	0.106664
246.6	0.0868236
246.667	0.0947865
246.733	0.12183
246.8	0.119729
246.867	0.104329
246.933	0.11547
247	0.0918083
247.067	0.100547
247.133	0.0991206
247.2	0.097561
247.267	0.101339
247.333	0.104031
247.4	0.10014
247.467	0.120015
247.533	0.114564
247.6	0.101198
247.667	0.0971534
247.733	0.103455
247.8	0.103792
247.867	0.0920591
247.933	0.261384
248	0.126607
248.067	0.115289
248.133	0.121794
248.2	0.127555
248.267	0.139597
248.333	0.123342
248.4	0.12348
248.467	0.139092
248.533	0.113781
248.6	0.118064
248.667	0.150879
248.733	0.122594
248.8	0.103545
248.867	0.10483
248.933	0.102883
249	0.105524
249.067	0.103274
249.133	0.0977961
249.2	0.112805
249.267	0.10367
249.333	0.116238
249.4	0.11025
249.467	0.113851
249.533	0.0991246
249.6	0.287851
249.667	0.13203
249.733	0.155605
249.8	0.150017
249.867	0.121512
249.933	0.13129
250	0.139781
250.067	0.122139
250.133	0.130369
250.2	0.099152
250.267	0.118507
250.333	0.0805262
250.4	0.0813727
250.467	0.0885087
250.533	0.109494
250.6	0.0647768
250.667	0.0808828
250.733	0.041331
250.8	0.0825052
250.867	0.0630682
250.933	0.0690365
251	0.0698868
251.067	0.0678961
251.133	0.0622766
251.2	0.0566963
251.267	0.230845
251.333	0.0861418
251.4	0.0838807
251.467	0.0875133
251.533	0.102522
251.6	0.10155
251.667	0.0810709
251.733	0.0570921
251.8	0.0743542
251.867	0.106437
251.933	0.0682762
252	0.0884342
252.067	0.0842686
252.133	0.0799737
252.2	0.0864984
252.267	0.0787079
252.333	0.0950608
252.4	0.08671
252.467	0.0709096
252.533	0.079907
252.6	0.064091
252.667	0.0686681
252.733	0.0734842
252.8	0.0645809
252.867	0.0613048
252.933	0.267999
253	0.126407
253.067	0.0871802
253.133	0.0894845
253.2	0.0800324
253.267	0.0756082
253.333	0.0801265
253.4	0.095245
253.467	0.0937872
253.533	0.0807261
253.6	0.0892297
253.667	0.104732
253.733	0.0984936
253.8	0.0904406
253.867	0.102377
253.933	0.109995
254	0.0910598
254.067	0.103035
254.133	0.122755
254.2	0.0747343
254.267	0.0890103
254.333	0.112558
254.4	0.0821015
254.467	0.115278
254.533	0.0741191
254.6	0.242641
254.667	0.0866159
254.733	0.079766
254.8	0.0711957
254.867	0.0556226
254.933	0.0554071
255	0.0662306
255.067	0.0886615
255.133	0.0635581
255.2	0.0751654
255.267	0.0642125
255.333	0.0602546
255.4	0.0846487
255.467	0.0663364
255.533	0.0667087
255.6	0.0577426
255.667	0.0702278
255.733	0.0513512
255.8	0.0795622
255.867	0.0657408
255.933	0.0695145
256	0.078657
256.067	0.0561203
256.133	0.059126
256.2	0.0574291
256.267	0.313143
256.333	0.133512
256.4	0.127559
256.467	0.0887869
256.533	0.0830029
256.6	0.100653
256.667	0.0695028
256.733	0.0648277
256.8	0.115391
256.867	0.0495015
256.933	0.0647768
257	0.0968948
257.067	0.080393
257.133	0.0999475
257.2	0.0933914
257.267	0.0509671
257.333	0.0696399
257.4	0.0700671
257.467	0.0984192
257.533	0.0759687
257.6	0.0824621
257.667	0.0951392
257.733	0.0676845
257.8	0.0639225
257.867	0.0495956
257.933	0.239494
258	0.140412
258.067	0.0764311
258.133	0.138802
258.2	0.151479
258.267	0.153015
258.333	0.107558
258.4	0.0797621
258.467	0.0850876
258.533	0.0925842
258.6	0.0876113
258.667	0.0990814
258.733	0.0925842
258.8	0.132379
258.867	0.0906366
258.933	0.0781083
259	0.0892376
259.067	0.0744365
259.133	0.106954
259.2	0.0740407
259.267	0.0649453
259.333	0.0681939
259.4	0.0808671
259.467	0.0882618
259.533	0.0539885
259.6	0.269029
259.667	0.098474
259.733	0.083673
259.8	0.10695
259.867	0.100226
259.933	0.137336
260	0.112186
260.067	0.0984505
260.133	0.0858243
260.2	0.0743307
260.267	0.0863808
260.333	0.106014
260.4	0.0855892
260.467	0.0708861
260.533	0.0553248
260.6	0.101586
260.667	0.0703257
260.733	0.0872233
260.8	0.0746363
260.867	0.0732883
260.933	0.077211
261	0.071133
261.067	0.0739427
261.133	0.05893
261.2	0.0580757
261.267	0.274837
261.333	0.092639
261.4	0.105489
261.467	0.0983526
261.533	0.07234
261.6	0.0899116
261.667	0.0605563
261.733	0.0763763
261.8	0.0844606
261.867	0.0889985
261.933	0.0703375
262	0.0738408
262.067	0.0757571
262.133	0.0720931
262.2	0.0781789
262.267	0.0773403
262.333	0.0814158
262.4	0.0709018
262.467	0.0612499
262.533	0.0647219
262.6	0.0621512
262.667	0.0678491
262.733	0.0532165
262.8	0.0517626
262.867	0.0344771
262.933	0.239921
263	0.12451
263.067	0.0797268
263.133	0.0922315
263.2	0.111892
263.267	0.0828657
263.333	0.0939283
263.4	0.0954801
263.467	0.121943
263.533	0.0781319
263.6	0.0943202
263.667	0.0932073
263.733	0.0973494
263.8	0.0574017
263.867	0.0689894
263.933	0.0809063
264	0.0851072
264.067	0.0753143
264.133	0.0677394
264.2	0.050301
264.267	0.0538984
264.333	0.0426006
264.4	0.0623158
264.467	0.0532322
264.533	0.0300332
264.6	0.291276
264.667	0.123969
264.733	0.0714778
264.8	0.102957
264.867	0.111986
264.933	0.0654273
265	0.0828108
265.067	0.0789783
265.133	0.0878895
265.2	0.0656781
265.267	0.0486473
265.333	0.0734921
265.4	0.0580013
265.467	0.055074
265.533	0.0498777
265.6	0.0463901
265.667	0.0718148
265.733	0.078606
265.8	0.0693578
265.867	0.0639382
265.933	0.0568453
266	0.0480007
266.067	0.0501638
266.133	0.0724066
266.2	0.0497602
266.267	0.221354
266.333	0.140914
266.4	0.098572
266.467	0.0978666
266.533	0.0973611
266.6	0.0717678
266.667	0.19765
266.733	0.0645887
266.8	0.0510259
266.867	0.0687465
266.933	0.0548859
267	0.074942
267.067	0.0668851
267.133	0.0943907
267.2	0.108518
267.267	0.102126
267.333	0.0676649
267.4	0.0635659
267.467	0.0570765
267.533	0.0570882
267.6	0.0475539
267.667	0.0594669
267.733	0.0614694
267.8	0.0577426
267.867	0.0522486
267.933	0.226613
268	0.115709
268.067	0.0807613
268.133	0.104062
268.2	0.0915418
268.267	0.0753182
268.333	0.0684526
268.4	0.110113
268.467	0.07745
268.533	0.0704237
268.6	0.0682919
268.667	0.070459
268.733	0.0890612
268.8	0.076917
268.867	0.0876544
268.933	0.115317
269	0.115317
269.067	0.0916515
269.133	0.0678883
269.2	0.0726339
269.267	0.108968
269.333	0.0807613
269.4	0.0689934
269.467	0.0605171
269.533	0.0697614
269.6	0.266427
269.667	0.119428
269.733	0.125764
269.8	0.0729082
269.867	0.104513
269.933	0.0749498
270	0.0885675
270.067	0.104525
270.133	0.0787001
270.2	0.0999553
270.267	0.0714191
270.333	0.0906091
270.4	0.0808201
270.467	0.0889593
270.533	0.0887791
270.6	0.0932504
270.667	0.0768818
270.733	0.0837278
270.8	0.0607522
270.867	0.0793232
270.933	0.0611206
271	0.0605798
271.067	0.0670105
271.133	0.0441446
271.2	0.031154
271.267	0.229721
271.333	0.151549
271.4	0.109795
271.467	0.103913
271.533	0.0916829
271.6	0.0907228
271.667	0.110152
271.733	0.107087
271.8	0.076968
271.867	0.106217
271.933	0.0693069
272	0.0688915
272.067	0.0847075
272.133	0.0987405
272.2	0.0688248
272.267	0.0613753
272.333	0.0737781
272.4	0.0655331
272.467	0.0959269
272.533	0.0791076
272.6	0.062743
272.667	0.0718971
272.733	0.0697301
272.8	0.0793819
272.867	0.0715915
272.933	0.238271
273	0.143316
273.067	0.177445
273.133	0.0845116
273.2	0.117386
273.267	0.135197
273.333	0.123389
273.4	0.117002
273.467	0.13196
273.533	0.112378
273.6	0.120215
273.667	0.133962
273.733	0.107997
273.8	0.123969
273.867	0.0957152
273.933	0.0832105
274	0.106762
274.067	0.135745
274.133	0.0749538
274.2	0.127677
274.267	0.13185
274.333	0.0721519
274.4	0.108302
274.467	0.0893943
274.533	0.0702003
274.6	0.23418
274.667	0.109341
274.733	0.129628
274.8	0.0945318
274.867	0.103913
274.933	0.0887595
275	0.0842725
275.067	0.0859302
275.133	0.100974
275.2	0.0631427
275.267	0.094234
275.333	0.0933091
275.4	0.14381
275.467	0.136102
275.533	0.0980939
275.6	0.153881
275.667	0.175979
275.733	0.0768112
275.8	0.200177
275.867	0.197971
275.933	0.165155
276	0.179721
276.067	0.202724
276.133	0.163427
276.2	0.189118
276.267	0.342553
276.333	0.230152
276.4	0.238589
276.467	0.250372
276.533	0.168357
276.6	0.202979
276.667	0.242355
276.733	0.195008
276.8	0.222502
276.867	0.228901
276.933	0.177782
277	0.259303
277.067	0.240113
277.133	0.230649
277.2	0.265091
277.267	0.248107
277.333	0.178463
277.4	0.254812
277.467	0.263931
277.533	0.200859
277.6	0.269453
277.667	0.27008
277.733	0.247633
277.8	0.288674
277.867	0.248879
277.933	0.24413
278	0.273724
278.067	0.283509
278.133	0.165116
278.2	0.177542
278.267	0.257305
278.333	0.164912
278.4	0.202771
278.467	0.213693
278.533	0.21124
278.6	0.244455
278.667	0.25897
278.733	0.247586
278.8	0.236112
278.867	0.263253
278.933	0.236116
279	0.279438
279.067	0.259448
279.133	0.250321
279.2	0.263767
279.267	0.269053
279.333	0.209825
279.4	0.252492
279.467	0.241312
279.533	0.199629
279.6	0.296707
279.667	0.241477
279.733	0.224885
279.8	0.286291
279.867	0.261286
279.933	0.290908
280	0.319303
280.067	0.308323
280.133	0.31136
280.2	0.372758
280.267	0.338626
280.333	0.402611
280.4	0.398673
280.467	0.380435
280.533	0.402831
280.6	0.48565
280.667	0.467631
280.733	0.436007
280.8	0.496457
280.867	0.493828
280.933	0.50453
281	0.519061
281.067	0.493268
281.133	0.516204
281.2	0.49268
281.267	0.428173
281.333	0.512877
281.4	0.481253
281.467	0.452607
281.533	0.439785
281.6	0.480363
281.667	0.474991
281.733	0.526083
281.8	0.436779
281.867	0.429494
281.933	0.515444
282	0.451654
282.067	0.385212
282.133	0.498103
282.2	0.422284
282.267	0.414536
282.333	0.489894
282.4	0.450757
282.467	0.485563
282.533	0.536291
282.6	0.471072
282.667	0.430344
282.733	0.533301
282.8	0.436924
282.867	0.426339
282.933	0.521138
283	0.376756
283.067	0.41032
283.133	0.511592
283.2	0.379898
283.267	0.420481
283.333	0.53693
283.4	0.417581
283.467	0.439742
283.533	0.560556
283.6	0.456416
283.667	0.45881
283.733	0.595178
283.8	0.405598
283.867	0.394018
283.933	0.599387
284	0.379032
284.067	0.377006
284.133	0.609317
284.2	0.380118
284.267	0.389523
284.333	0.584649
284.4	0.364435
284.467	0.322007
284.533	0.550485
284.6	0.407784
284.667	0.40104
284.733	0.464598
284.8	0.417095
284.867	0.413364
284.933	0.550473
285	0.443304
285.067	0.383633
285.133	0.552625
285.2	0.421472
285.267	0.400695
285.333	0.507555
285.4	0.379146
285.467	0.391098
285.533	0.543655
285.6	0.341224
285.667	0.392532
285.733	0.547327
285.8	0.344524
285.867	0.337533
285.933	0.591342
286	0.333218
286.067	0.39082
286.133	0.555952
286.2	0.391553
286.267	0.401953
286.333	0.587831
286.4	0.375313
286.467	0.396486
286.533	0.554615
286.6	0.39111
286.667	0.441313
286.733	0.632834
286.8	0.413204
286.867	0.46655
286.933	0.643814
287	0.477561
287.067	0.478259
287.133	0.645409
287.2	0.450651
287.267	0.459304
287.333	0.681449
287.4	0.48021
287.467	0.490462
287.533	0.640377
287.6	0.480579
287.667	0.522831
287.733	0.587012
287.8	0.497966
287.867	0.53108
287.933	0.582011
288	0.454217
288.067	0.451443
288.133	0.56792
288.2	0.482856
288.267	0.504926
288.333	0.561755
288.4	0.533803
288.467	0.492601
288.533	0.599136
288.6	0.544188
288.667	0.513955
288.733	0.587709
288.8	0.541472
288.867	0.470656
288.933	0.596519
289	0.498762
289.067	0.537275
289.133	0.618193
289.2	0.506403
289.267	0.511784
289.333	0.63881
289.4	0.530249
289.467	0.540104
289.533	0.644754
289.6	0.527184
289.667	0.524147
289.733	0.601182
289.8	0.529602
289.867	0.557386
289.933	0.638908
290	0.544478
290.067	0.53008
290.133	0.626693
290.2	0.542201
290.267	0.53914
290.333	0.553879
290.4	0.514672
290.467	0.50743
290.533	0.541833
290.6	0.493691
290.667	0.468905
290.733	0.539564
290.8	0.478564
290.867	0.462799
290.933	0.519715
291	0.486057
291.067	0.412353
291.133	0.538333
291.2	0.448335
291.267	0.383586
291.333	0.408211
291.4	0.402541
291.467	0.437414
291.533	0.502912
291.6	0.46423
291.667	0.415849
291.733	0.507736
291.8	0.434134
291.867	0.407118
291.933	0.531315
292	0.457356
292.067	0.418243
292.133	0.495623
292.2	0.398172
292.267	0.381015
292.333	0.497782
292.4	0.392078
292.467	0.426798
292.533	0.5131
292.6	0.410355
292.667	0.397568
292.733	0.528709
292.8	0.41976
292.867	0.373103
292.933	0.454433
293	0.377931
293.067	0.412553
293.133	0.440682
293.2	0.372425
293.267	0.367989
293.333	0.536977
293.4	0.422875
293.467	0.404822
293.533	0.535472
293.6	0.424325
293.667	0.390757
293.733	0.527576
293.8	0.405617
293.867	0.414873
293.933	0.473157
294	0.390444
294.067	0.374882
294.133	0.417832
294.2	0.359697
294.267	0.286048
294.333	0.479407
294.4	0.375776
294.467	0.354431
294.533	0.478133
294.6	0.373942
294.667	0.32196
294.733	0.440753
294.8	0.305023
294.867	0.306011
294.933	0.462944
295	0.366124
295.067	0.35561
295.133	0.426963
295.2	0.331333
295.267	0.307621
295.333	0.453716
295.4	0.294654
295.467	0.360422
295.533	0.478122
295.6	0.354963
295.667	0.307276
295.733	0.437308
295.8	0.254507
295.867	0.259828
295.933	0.429161
296	0.332062
296.067	0.308667
296.133	0.478106
296.2	0.350449
296.267	0.383762
296.333	0.427401
296.4	0.37665
296.467	0.412126
296.533	0.469712
296.6	0.446521
296.667	0.388782
296.733	0.376242
296.8	0.377242
296.867	0.406742
296.933	0.383786
297	0.38544
297.067	0.440094
297.133	0.438464
297.2	0.401655
297.267	0.368483
297.333	0.486143
297.4	0.324621
297.467	0.410586
297.533	0.446846
297.6	0.416895
297.667	0.401275
297.733	0.43574
297.8	0.375705
297.867	0.427284
297.933	0.466945
298	0.351907
298.067	0.335503
298.133	0.443821
298.2	0.386239
298.267	0.439722
298.333	0.483968
298.4	0.420747
298.467	0.425669
298.533	0.355391
298.6	0.391553
298.667	0.384664
298.733	0.439675
298.8	0.375059
298.867	0.397748
298.933	0.451592
299	0.382018
299.067	0.376709
299.133	0.44205
299.2	0.383135
299.267	0.379326
299.333	0.377943
299.4	0.372347
299.467	0.351201
299.533	0.465205
299.6	0.270209
299.667	0.271541
299.733	0.392587
299.8	0.301277
299.867	0.299615
299.933	0.356895
300	0.324762
300.067	0.29034
300.133	0.433013
300.2	0.338955
300.267	0.311622
300.333	0.457235
300.4	0.248417
300.467	0.314275
300.533	0.418741
300.6	0.264009
300.667	0.281181
300.733	0.451216
300.8	0.299059
300.867	0.272529
300.933	0.478133
301	0.332462
301.067	0.330773
301.133	0.458454
301.2	0.331149
301.267	0.274147
301.333	0.351335
301.4	0.297973
301.467	0.299619
301.533	0.365536
301.6	0.302213
301.667	0.330691
301.733	0.357111
301.8	0.334829
301.867	0.353325
301.933	0.334155
302	0.300352
302.067	0.298255
302.133	0.312355
302.2	0.244357
302.267	0.294517
302.333	0.347659
302.4	0.272803
302.467	0.318076
302.533	0.415876
302.6	0.314887
302.667	0.34316
302.733	0.373483
302.8	0.331428
302.867	0.302542
302.933	0.267854
303	0.26696
303.067	0.275237
303.133	0.296276
303.2	0.278062
303.267	0.274888
303.333	0.419697
303.4	0.301143
303.467	0.315482
303.533	0.342811
303.6	0.330264
303.667	0.333128
303.733	0.368428
303.8	0.352169
303.867	0.346189
303.933	0.457517
304	0.355994
304.067	0.369263
304.133	0.494569
304.2	0.369208
304.267	0.366543
304.333	0.541006
304.4	0.384519
304.467	0.398074
304.533	0.451506
304.6	0.368111
304.667	0.398144
304.733	0.435615
304.8	0.340053
304.867	0.372892
304.933	0.487284
305	0.381337
305.067	0.410296
305.133	0.506266
305.2	0.371947
305.267	0.343701
305.333	0.460182
305.4	0.326039
305.467	0.328931
305.533	0.495466
305.6	0.393736
305.667	0.340958
305.733	0.47963
305.8	0.346088
305.867	0.351033
305.933	0.468611
306	0.336969
306.067	0.334296
306.133	0.438993
306.2	0.312716
306.267	0.308495
306.333	0.334559
306.4	0.307237
306.467	0.322493
306.533	0.40867
306.6	0.325428
306.667	0.328853
306.733	0.40441
306.8	0.327787
306.867	0.264934
306.933	0.422864
307	0.294834
307.067	0.30777
307.133	0.415614
307.2	0.269073
307.267	0.311947
307.333	0.334175
307.4	0.282044
307.467	0.241155
307.533	0.369384
307.6	0.31259
307.667	0.252998
307.733	0.367664
307.8	0.301038
307.867	0.280213
307.933	0.375114
308	0.294932
308.067	0.294482
308.133	0.404018
308.2	0.268653
308.267	0.302147
308.333	0.386733
308.4	0.29969
308.467	0.262277
308.533	0.341217
308.6	0.267321
308.667	0.298389
308.733	0.363753
308.8	0.309972
308.867	0.307076
308.933	0.359094
309	0.276651
309.067	0.31107
309.133	0.356143
309.2	0.309643
309.267	0.271941
309.333	0.326008
309.4	0.293909
309.467	0.282592
309.533	0.346922
309.6	0.300117
309.667	0.255627
309.733	0.345269
309.8	0.266725
309.867	0.264813
309.933	0.331263
310	0.313503
310.067	0.286993
310.133	0.374929
310.2	0.280037
310.267	0.308652
310.333	0.389429
310.4	0.301759
310.467	0.295979
310.533	0.356554
310.6	0.294568
310.667	0.30384
310.733	0.341616
310.8	0.267564
310.867	0.279637
310.933	0.33836
311	0.256329
311.067	0.245262
311.133	0.347267
311.2	0.217561
311.267	0.280688
311.333	0.300575
311.4	0.273947
311.467	0.2369
311.533	0.239176
311.6	0.233776
311.667	0.224207
311.733	0.336585
311.8	0.295324
311.867	0.268583
311.933	0.312194
312	0.283372
312.067	0.283282
312.133	0.306508
312.2	0.307386
312.267	0.270519
312.333	0.314604
312.4	0.265898
312.467	0.284501
312.533	0.274719
312.6	0.234153
312.667	0.238185
312.733	0.241931
312.8	0.250999
312.867	0.270511
312.933	0.333371
313	0.245462
313.067	0.282294
313.133	0.312586
313.2	0.297158
313.267	0.29128
313.333	0.343564
313.4	0.290387
313.467	0.285151
313.533	0.337071
313.6	0.295058
313.667	0.28869
313.733	0.331494
313.8	0.253378
313.867	0.24404
313.933	0.326192
314	0.25723
314.067	0.277729
314.133	0.323335
314.2	0.297824
314.267	0.275002
314.333	0.297142
314.4	0.269551
314.467	0.261717
314.533	0.270009
314.6	0.296743
314.667	0.284367
314.733	0.280809
314.8	0.296637
314.867	0.293369
314.933	0.30373
315	0.295724
315.067	0.29101
315.133	0.300136
315.2	0.309377
315.267	0.30605
315.333	0.344869
315.4	0.288388
315.467	0.277208
315.533	0.290771
315.6	0.244063
315.667	0.257254
315.733	0.289246
315.8	0.252257
315.867	0.257316
315.933	0.295998
316	0.235289
316.067	0.249698
316.133	0.232989
316.2	0.224983
316.267	0.22461
316.333	0.292303
316.4	0.24835
316.467	0.240097
316.533	0.292064
316.6	0.276346
316.667	0.298283
316.733	0.336585
316.8	0.27664
316.867	0.249079
316.933	0.355022
317	0.250733
317.067	0.249267
317.133	0.307127
317.2	0.238232
317.267	0.27635
317.333	0.29641
317.4	0.255173
317.467	0.231668
317.533	0.286879
317.6	0.213505
317.667	0.227538
317.733	0.259652
317.8	0.206667
317.867	0.204206
317.933	0.245572
318	0.193143
318.067	0.177891
318.133	0.209288
318.2	0.164148
318.267	0.170943
318.333	0.19977
318.4	0.154038
318.467	0.142301
318.533	0.16164
318.6	0.127841
318.667	0.125102
318.733	0.135298
318.8	0.113926
318.867	0.120635
318.933	0.127994
319	0.0949942
319.067	0.0808005
319.133	0.0995086
319.2	0.0751654
319.267	0.0655997
319.333	0.0677472
319.4	0.0666186
319.467	0.0666695
319.533	0.0863103
319.6	0.133041
319.667	0.0632132
319.733	0.0599646
319.8	0.0505439
319.867	0.0766192
319.933	0.0419776
320	0.0436156
320.067	0.0773089
320.133	0.0801578
320.2	0.081886
320.267	0.0758982
320.333	0.0884773
320.4	0.070314
320.467	0.0655292
320.533	0.0781201
320.6	0.0960052
320.667	0.125576
320.733	0.141659
320.8	0.111206
320.867	0.102095
320.933	0.120983
321	0.127622
321.067	0.0955546
321.133	0.0832419
321.2	0.0487844
321.267	0.186097
321.333	0.0941321
321.4	0.0665598
321.467	0.085119
321.533	0.0716581
321.6	0.0718932
321.667	0.073304
321.733	0.0685349
321.8	0.052323
321.867	0.0917338
321.933	0.0567003
322	0.083046
322.067	0.0690678
322.133	0.0485336
322.2	0.166233
322.267	0.0773089
322.333	0.0696282
322.4	0.0622257
322.467	0.0493448
322.533	0.0516725
322.6	0.0636208
322.667	0.0888888
322.733	0.0558538
322.8	0.0583148
322.867	0.0444307
322.933	0.0737311
323	0.0659524
323.067	0.0503793
323.133	0.0644437
323.2	0.0540394
323.267	0.0617985
323.333	0.0576447
323.4	0.0455201
323.467	0.0781789
323.533	0.0554972
323.6	0.0657408
323.667	0.0481261
323.733	0.0416915
323.8	0.0427652
323.867	0.163854
323.933	0.074942
324	0.0764037
324.067	0.0699143
324.133	0.0466487
324.2	0.0462842
324.267	0.0583696
324.333	0.062884
324.4	0.0610226
324.467	0.0588869
324.533	0.0567395
324.6	0.0480477
324.667	0.0603564
324.733	0.0902016
324.8	0.0505165
324.867	0.0601488
324.933	0.0722028
325	0.0509593
325.067	0.0584519
325.133	0.0602389
325.2	0.0578602
325.267	0.0470445
325.333	0.0582952
325.4	0.0513433
325.467	0.031781
325.533	0.161252
325.6	0.093556
325.667	0.0673906
325.733	0.0733353
325.8	0.0571
325.867	0.0522172
325.933	0.0561164
326	0.040363
326.067	0.0507634
326.133	0.0653137
326.2	0.060376
326.267	0.0762509
326.333	0.0576486
326.4	0.0480242
326.467	0.069832
326.533	0.060231
326.6	0.0466369
326.667	0.0598
326.733	0.0887712
326.8	0.0819957
326.867	0.0624334
326.933	0.0654273
327	0.0398183
327.067	0.033372
327.133	0.0354097
327.2	0.171229
327.267	0.0745109
327.333	0.0712114
327.4	0.0518567
327.467	0.0491332
327.533	0.0672769
327.6	0.0372241
327.667	0.0334935
327.733	0.0547879
327.8	0.0623628
327.867	0.0708508
327.933	0.104407
328	0.0942927
328.067	0.105187
328.133	0.0999279
328.2	0.10389
328.267	0.0822818
328.333	0.0910206
328.4	0.0870979
328.467	0.0900448
328.533	0.0974787
328.6	0.108287
328.667	0.0797777
328.733	0.100555
328.8	0.0868315
328.867	0.145256
328.933	0.117194
329	0.0950804
329.067	0.0875016
329.133	0.117311
329.2	0.126062
329.267	0.115956
329.333	0.114419
329.4	0.109862
329.467	0.0884499
329.533	0.0959386
329.6	0.107475
329.667	0.0977883
329.733	0.102828
329.8	0.128033
329.867	0.102075
329.933	0.125169
330	0.13283
330.067	0.109207
330.133	0.117727
330.2	0.117053
330.267	0.11344
330.333	0.100175
330.4	0.116371
330.467	0.118315
330.533	0.159073
330.6	0.117241
330.667	0.114192
330.733	0.160398
330.8	0.129228
330.867	0.147333
330.933	0.152149
331	0.112566
331.067	0.123797
331.133	0.124071
331.2	0.0890612
331.267	0.11757
331.333	0.106841
331.4	0.0837984
331.467	0.100696
331.533	0.0892297
331.6	0.0827129
331.667	0.109305
331.733	0.118409
331.8	0.101135
331.867	0.0996183
331.933	0.110512
332	0.114114
332.067	0.0850563
332.133	0.104775
332.2	0.175305
332.267	0.113295
332.333	0.111645
332.4	0.120286
332.467	0.105363
332.533	0.129659
332.6	0.115458
332.667	0.108725
332.733	0.121124
332.8	0.116116
332.867	0.118334
332.933	0.115779
333	0.132935
333.067	0.138504
333.133	0.153383
333.2	0.146208
333.267	0.138418
333.333	0.169231
333.4	0.150985
333.467	0.138645
333.533	0.142305
333.6	0.138355
333.667	0.136807
333.733	0.128006
333.8	0.127896
333.867	0.185317
333.933	0.125118
334	0.123695
334.067	0.147
334.133	0.128386
334.2	0.128539
334.267	0.119533
334.333	0.0925058
334.4	0.087094
334.467	0.0876857
334.533	0.0668616
334.6	0.0991755
334.667	0.0809886
334.733	0.0861574
334.8	0.0771522
334.867	0.0897352
334.933	0.0632759
335	0.096162
335.067	0.089167
335.133	0.114227
335.2	0.101938
335.267	0.0780104
335.333	0.0926155
335.4	0.0835319
335.467	0.0498817
335.533	0.169627
335.6	0.0786256
335.667	0.0939597
335.733	0.0775558
335.8	0.0837944
335.867	0.0850641
335.933	0.0752829
336	0.0829402
336.067	0.0814197
336.133	0.0857499
336.2	0.0652314
336.267	0.0764938
336.333	0.0670497
336.4	0.0841158
336.467	0.0843156
336.533	0.0854991
336.6	0.0889084
336.667	0.0952607
336.733	0.097945
336.8	0.0956447
336.867	0.104058
336.933	0.102416
337	0.109678
337.067	0.111206
337.133	0.105924
337.2	0.1923
337.267	0.109298
337.333	0.108678
337.4	0.107099
337.467	0.114506
337.533	0.125231
337.6	0.149857
337.667	0.143982
337.733	0.152208
337.8	0.177064
337.867	0.161268
337.933	0.15905
338	0.184255
338.067	0.140836
338.133	0.145044
338.2	0.149813
338.267	0.154038
338.333	0.163988
338.4	0.152898
338.467	0.165222
338.533	0.191407
338.6	0.17458
338.667	0.208473
338.733	0.177397
338.8	0.198911
338.867	0.231825
338.933	0.146173
339	0.153693
339.067	0.192751
339.133	0.180807
339.2	0.244334
339.267	0.194605
339.333	0.167687
339.4	0.177096
339.467	0.1935
339.533	0.156573
339.6	0.175497
339.667	0.205996
339.733	0.177425
339.8	0.167252
339.867	0.169203
339.933	0.152267
340	0.137791
340.067	0.176939
340.133	0.133429
340.2	0.116661
340.267	0.131979
340.333	0.130894
340.4	0.125717
340.467	0.129765
340.533	0.157196
340.6	0.11411
340.667	0.114807
340.733	0.114239
340.8	0.10106
340.867	0.0935835
340.933	0.100861
341	0.111978
341.067	0.112417
341.133	0.104446
341.2	0.0720382
341.267	0.0885283
341.333	0.0794329
341.4	0.0818703
341.467	0.0652
341.533	0.0885126
341.6	0.0544627
341.667	0.075761
341.733	0.0969928
341.8	0.064624
341.867	0.0648238
341.933	0.0794642
342	0.10166
342.067	0.0818311
342.133	0.0672613
342.2	0.183052
342.267	0.0849975
342.333	0.116375
342.4	0.0897117
342.467	0.0813374
342.533	0.0759491
342.6	0.0804361
342.667	0.0979568
342.733	0.0872547
342.8	0.0697771
342.867	0.0785237
342.933	0.0834849
343	0.0868471
343.067	0.0697497
343.133	0.0723909
343.2	0.0484435
343.267	0.0768034
343.333	0.0659798
343.4	0.0493605
343.467	0.061971
343.533	0.0783709
343.6	0.0596746
343.667	0.0567826
343.733	0.090182
343.8	0.0439761
343.867	0.179851
343.933	0.134624
344	0.0673984
344.067	0.0833007
344.133	0.0808907
344.2	0.0754945
344.267	0.0449676
344.333	0.0596628
344.4	0.0843391
344.467	0.0829441
344.533	0.0682566
344.6	0.078316
344.667	0.0827285
344.733	0.0816274
344.8	0.0899077
344.867	0.0797542
344.933	0.0607013
345	0.0844097
345.067	0.0655135
345.133	0.068962
345.2	0.0785002
345.267	0.065537
345.333	0.055411
345.4	0.0767799
345.467	0.0413388
345.533	0.168855
345.6	0.102173
345.667	0.0930936
345.733	0.0798561
345.8	0.0834143
345.867	0.0889946
345.933	0.0926508
346	0.0838924
346.067	0.0769366
346.133	0.0853345
346.2	0.0551994
346.267	0.176136
346.333	0.0996653
346.4	0.101068
346.467	0.10987
346.533	0.0845468
346.6	0.0726221
346.667	0.0861457
346.733	0.0850367
346.8	0.0864513
346.867	0.0786962
346.933	0.0580797
347	0.0680842
347.067	0.078171
347.133	0.0606778
347.2	0.0606895
347.267	0.0654586
347.333	0.0706784
347.4	0.0701455
347.467	0.0715601
347.533	0.0922276
347.6	0.0625313
347.667	0.0548428
347.733	0.0561595
347.8	0.0556736
347.867	0.0427809
347.933	0.188327
348	0.0765957
348.067	0.0586126
348.133	0.0735352
348.2	0.107307
348.267	0.0786883
348.333	0.0734921
348.4	0.0857695
348.467	0.0724614
348.533	0.0595688
348.6	0.0543451
348.667	0.100594
348.733	0.103901
348.8	0.0976237
348.867	0.0874428
348.933	0.0606268
349	0.0781515
349.067	0.0502343
349.133	0.0623707
349.2	0.0798718
349.267	0.0797268
349.333	0.0715562
349.4	0.0724732
349.467	0.0837043
349.533	0.0450773
349.6	0.188593
349.667	0.0785747
349.733	0.102009
349.8	0.074362
349.867	0.0677158
349.933	0.0654234
350	0.182954
350.067	0.0663482
350.133	0.0533262
350.2	0.0531734
350.267	0.0827129
350.333	0.0887399
350.4	0.0593376
350.467	0.0476441
350.533	0.0511905
350.6	0.0594591
350.667	0.0524288
350.733	0.0531891
350.8	0.0799188
350.867	0.0780456
350.933	0.0609795
351	0.0906248
351.067	0.108906
351.133	0.0891553
351.2	0.114004
351.267	0.16059
351.333	0.0989796
351.4	0.117108
351.467	0.0954684
351.533	0.106927
351.6	0.0964402
351.667	0.105473
351.733	0.104497
351.8	0.104113
351.867	0.0990501
351.933	0.0944887
352	0.0809102
352.067	0.0820075
352.133	0.0962208
352.2	0.0921649
352.267	0.072191
352.333	0.100226
352.4	0.0956173
352.467	0.0986935
352.533	0.101323
352.6	0.0928389
352.667	0.0999475
352.733	0.101299
352.8	0.111159
352.867	0.119063
352.933	0.211992
353	0.119189
353.067	0.150942
353.133	0.154324
353.2	0.139104
353.267	0.13984
353.333	0.141905
353.4	0.160778
353.467	0.159003
353.533	0.154602
353.6	0.157651
353.667	0.157678
353.733	0.154551
353.8	0.156891
353.867	0.160629
353.933	0.154124
354	0.157153
354.067	0.145691
354.133	0.152995
354.2	0.171402
354.267	0.161934
354.333	0.138837
354.4	0.16048
354.467	0.13665
354.533	0.122664
354.6	0.193308
354.667	0.106641
354.733	0.150801
354.8	0.110791
354.867	0.109431
354.933	0.126885
355	0.116618
355.067	0.0886615
355.133	0.090374
355.2	0.0793937
355.267	0.0803068
355.333	0.0943829
355.4	0.0878151
355.467	0.0798992
355.533	0.101084
355.6	0.0902643
355.667	0.0901232
355.733	0.112585
355.8	0.121344
355.867	0.11659
355.933	0.119925
356	0.101495
356.067	0.103032
356.133	0.110971
356.2	0.114376
356.267	0.180019
356.333	0.111821
356.4	0.111014
356.467	0.143485
356.533	0.140518
356.6	0.115697
356.667	0.132924
356.733	0.108796
356.8	0.0859066
356.867	0.0905072
356.933	0.110877
357	0.0926547
357.067	0.108353
357.133	0.130745
357.2	0.111982
357.267	0.110124
357.333	0.128264
357.4	0.118938
357.467	0.127641
357.533	0.14343
357.6	0.134072
357.667	0.137285
357.733	0.143653
357.8	0.139597
357.867	0.150319
357.933	0.235328
358	0.140032
358.067	0.148493
358.133	0.143406
358.2	0.150268
358.267	0.154246
358.333	0.150264
358.4	0.138974
358.467	0.143387
358.533	0.154563
358.6	0.129667
358.667	0.119145
358.733	0.15135
358.8	0.120811
358.867	0.128096
358.933	0.151236
359	0.130725
359.067	0.143626
359.133	0.129021
359.2	0.150049
359.267	0.121352
359.333	0.121042
359.4	0.134276
359.467	0.180948
359.533	0.100908
359.6	0.193511
359.667	0.111139
359.733	0.0894609
359.8	0.127477
359.867	0.12933
359.933	0.0994772
360	0.143391
360.067	0.155088
360.133	0.152129
360.2	0.127767
360.267	0.136498
360.333	0.127257
360.4	0.132928
360.467	0.142293
360.533	0.128496
360.6	0.159383
360.667	0.12837
360.733	0.12951
360.8	0.13216
360.867	0.128092
360.933	0.12112
361	0.114278
361.067	0.129922
361.133	0.171175
361.2	0.1337
361.267	0.195181
361.333	0.145652
361.4	0.130623
361.467	0.136431
361.533	0.141627
361.6	0.125055
361.667	0.138296
361.733	0.141145
361.8	0.120815
361.867	0.115736
361.933	0.120062
362	0.150295
362.067	0.149774
362.133	0.147329
362.2	0.16097
362.267	0.17708
362.333	0.188879
362.4	0.169576
362.467	0.165818
362.533	0.17947
362.6	0.173538
362.667	0.157247
362.733	0.186093
362.8	0.18752
362.867	0.180897
362.933	0.283764
363	0.225324
363.067	0.194252
363.133	0.25047
363.2	0.207638
363.267	0.21249
363.333	0.242241
363.4	0.215883
363.467	0.244812
363.533	0.235642
363.6	0.201623
363.667	0.210064
363.733	0.237276
363.8	0.245192
363.867	0.181351
363.933	0.190051
364	0.215339
364.067	0.216162
364.133	0.243393
364.2	0.217713
364.267	0.21749
364.333	0.207662
364.4	0.195243
364.467	0.175497
364.533	0.205742
364.6	0.336737
364.667	0.208406
364.733	0.206349
364.8	0.226919
364.867	0.209018
364.933	0.206114
365	0.166927
365.067	0.144123
365.133	0.131948
365.2	0.160378
365.267	0.141372
365.333	0.0884107
365.4	0.139734
365.467	0.132736
365.533	0.134734
365.6	0.141662
365.667	0.141126
365.733	0.129679
365.8	0.130329
365.867	0.140091
365.933	0.116763
366	0.091628
366.067	0.150707
366.133	0.0963932
366.2	0.0759883
366.267	0.199374
366.333	0.13843
366.4	0.150672
366.467	0.0882853
366.533	0.152235
366.6	0.178201
366.667	0.197301
366.733	0.169321
366.8	0.16833
366.867	0.116743
366.933	0.118683
367	0.101966
367.067	0.16019
367.133	0.151608
367.2	0.132986
367.267	0.122751
367.333	0.142246
367.4	0.127524
367.467	0.137226
367.533	0.153717
367.6	0.116277
367.667	0.124835
367.733	0.149022
367.8	0.125145
367.867	0.130714
367.933	0.272972
368	0.143473
368.067	0.149747
368.133	0.160069
368.2	0.1435
368.267	0.1576
368.333	0.122903
368.4	0.167703
368.467	0.158399
368.533	0.16215
368.6	0.142054
368.667	0.134695
368.733	0.137967
368.8	0.141929
368.867	0.151314
368.933	0.117288
369	0.170109
369.067	0.166633
369.133	0.0981684
369.2	0.171065
369.267	0.145217
369.333	0.150903
369.4	0.131627
369.467	0.132136
369.533	0.129154
369.6	0.242919
369.667	0.165151
369.733	0.159755
369.8	0.184259
369.867	0.130866
369.933	0.127387
370	0.128217
370.067	0.105395
370.133	0.143042
370.2	0.118722
370.267	0.123758
370.333	0.114086
370.4	0.0783004
370.467	0.083528
370.533	0.111139
370.6	0.0967224
370.667	0.0912518
370.733	0.135714
370.8	0.125466
370.867	0.130984
370.933	0.150887
371	0.12875
371.067	0.10146
371.133	0.161476
371.2	0.116253
371.267	0.231833
371.333	0.205522
371.4	0.175716
371.467	0.161299
371.533	0.192896
371.6	0.137948
371.667	0.174549
371.733	0.177092
371.8	0.170348
371.867	0.17581
371.933	0.150758
372	0.188774
372.067	0.18656
372.133	0.177562
372.2	0.168592
372.267	0.158925
372.333	0.149222
372.4	0.147513
372.467	0.152459
372.533	0.207682
372.6	0.168576
372.667	0.203633
372.733	0.203485
372.8	0.167793
372.867	0.181955
372.933	0.347361
373	0.210072
373.067	0.238381
373.133	0.236813
373.2	0.198555
373.267	0.176982
373.333	0.200977
373.4	0.137979
373.467	0.131693
373.533	0.166821
373.6	0.112154
373.667	0.0839708
373.733	0.100806
373.8	0.129064
373.867	0.133261
373.933	0.107276
374	0.103862
374.067	0.0815216
374.133	0.087482
374.2	0.0625196
374.267	0.0708548
374.333	0.136933
374.4	0.112781
374.467	0.101683
374.533	0.120987
374.6	0.232268
374.667	0.128445
374.733	0.148093
374.8	0.107174
374.867	0.12241
374.933	0.139836
375	0.0929408
375.067	0.0933601
375.133	0.122472
375.2	0.0880894
375.267	0.0700436
375.333	0.116069
375.4	0.044948
375.467	0.0898254
375.533	0.088881
375.6	0.0758903
375.667	0.109168
375.733	0.0819761
375.8	0.0979685
375.867	0.0893395
375.933	0.112233
376	0.0775205
376.067	0.0637736
376.133	0.0968243
376.2	0.102953
376.267	0.260671
376.333	0.16543
376.4	0.137356
376.467	0.102444
376.533	0.130945
376.6	0.0822426
376.667	0.0911734
376.733	0.160461
376.8	0.141055
376.867	0.109678
376.933	0.10762
377	0.0942967
377.067	0.0977883
377.133	0.0955193
377.2	0.106958
377.267	0.0943711
377.333	0.116375
377.4	0.0941673
377.467	0.0966479
377.533	0.110164
377.6	0.0865728
377.667	0.097126
377.733	0.101366
377.8	0.0681861
377.867	0.0705256
377.933	0.20138
378	0.102546
378.067	0.0772815
378.133	0.0995713
378.2	0.0754044
378.267	0.0660229
378.333	0.0865611
378.4	0.0818782
378.467	0.0781789
378.533	0.0844802
378.6	0.0812864
378.667	0.0872351
378.733	0.0751301
378.8	0.0813296
378.867	0.0597686
378.933	0.0712584
379	0.0738291
379.067	0.10117
379.133	0.0993558
379.2	0.0865101
379.267	0.0795818
379.333	0.0568805
379.4	0.0908913
379.467	0.0910245
379.533	0.0450303
379.6	0.249283
379.667	0.145452
379.733	0.107334
379.8	0.136231
379.867	0.107401
379.933	0.0512219
380	0.110661
380.067	0.0848995
380.133	0.0936893
380.2	0.0879405
380.267	0.0942457
380.333	0.0767329
380.4	0.0940498
380.467	0.0653764
380.533	0.0743307
380.6	0.0755024
380.667	0.0889907
380.733	0.0770856
380.8	0.0735077
380.867	0.0709449
380.933	0.0945161
381	0.0881756
381.067	0.0879836
381.133	0.0582207
381.2	0.0445718
381.267	0.231131
381.333	0.106778
381.4	0.0932935
381.467	0.118953
381.533	0.0922864
381.6	0.107268
381.667	0.0739231
381.733	0.0441368
381.8	0.0663639
381.867	0.0789352
381.933	0.0679706
382	0.065972
382.067	0.0629036
382.133	0.0788999
382.2	0.0847153
382.267	0.0686054
382.333	0.0927644
382.4	0.0786374
