time_sec	dynamic_density
0.0666667	0.216103
0.133333	0.187549
0.2	0.168318
0.266667	0.160062
0.333333	0.16181
0.4	0.184829
0.466667	0.133838
0.533333	0.144425
0.6	0.17803
0.666667	0.167444
0.733333	0.163753
0.8	0.153846
0.866667	0.214064
0.933333	0.176671
1	0.20202
1.06667	0.182304
1.13333	0.175505
1.2	0.180556
1.26667	0.248932
1.33333	0.189103
1.4	0.173077
1.46667	0.17026
1.53333	0.179293
1.6	0.186383
1.66667	0.195221
1.73333	0.192988
1.8	0.196484
1.86667	0.201243
1.93333	0.208722
2	0.205128
2.06667	0.208625
2.13333	0.214064
2.2	0.223582
2.26667	0.219794
2.33333	0.219406
2.4	0.218531
2.46667	0.216395
2.53333	0.206099
2.6	0.218531
2.66667	0.22028
2.73333	0.200466
2.8	0.208722
2.86667	0.176379
2.93333	0.353341
3	0.194444
3.06667	0.198427
3.13333	0.131896
3.2	0.198427
3.26667	0.151321
3.33333	0.171814
3.4	0.228827
3.46667	0.144716
3.53333	0.200175
3.6	0.169386
3.66667	0.18852
3.73333	0.189977
3.8	0.153069
3.86667	0.131313
3.93333	0.0940171
4	0.120629
4.06667	0.169969
4.13333	0.112956
4.2	0.13549
4.26667	0.0951826
4.33333	0.121503
4.4	0.0842075
4.46667	0.0679876
4.53333	0.0485625
4.6	0.271465
4.66667	0.118298
4.73333	0.239802
4.8	0.0390443
4.86667	0.0764375
4.93333	0.0211733
5	0.038073
5.06667	0.0661422
5.13333	0.103147
5.2	0.219017
5.26667	0.115579
5.33333	0.15744
5.4	0.0999417
5.46667	0.100913
5.53333	0.124029
5.6	0.159479
5.66667	0.125583
5.73333	0.171134
5.8	0.149184
5.86667	0.155109
5.93333	0.174242
6	0.194153
6.06667	0.171232
6.13333	0.15404
6.2	0.218629
6.26667	0.243978
6.33333	0.183081
6.4	0.292152
6.46667	0.239608
6.53333	0.250194
6.6	0.263015
6.66667	0.260392
6.73333	0.217754
6.8	0.274767
6.86667	0.267677
6.93333	0.238636
7	0.260392
7.06667	0.260684
7.13333	0.213967
7.2	0.275932
7.26667	0.311674
7.33333	0.292929
7.4	0.297786
7.46667	0.326535
7.53333	0.34965
7.6	0.319542
7.66667	0.319153
7.73333	0.317793
7.8	0.308761
7.86667	0.339258
7.93333	0.392677
8	0.335761
8.06667	0.344308
8.13333	0.35033
8.2	0.337995
8.26667	0.282634
8.33333	0.352953
8.4	0.342949
8.46667	0.319444
8.53333	0.309052
8.6	0.346931
8.66667	0.36587
8.73333	0.312257
8.8	0.344308
8.86667	0.327409
8.93333	0.332071
9	0.305361
9.06667	0.354312
9.13333	0.314588
9.2	0.329545
9.26667	0.297106
9.33333	0.302739
9.4	0.334596
9.46667	0.315268
9.53333	0.256507
9.6	0.374903
9.66667	0.337704
9.73333	0.355381
9.8	0.277681
9.86667	0.263209
9.93333	0.315657
10	0.32197
10.0667	0.335276
10.1333	0.31352
10.2	0.224456
10.2667	0.27467
10.3333	0.333042
10.4	0.375583
10.4667	0.278846
10.5333	0.250777
10.6	0.253399
10.6667	0.332265
10.7333	0.200078
10.8	0.22873
10.8667	0.309246
10.9333	0.324786
11	0.308081
11.0667	0.318085
11.1333	0.150641
11.2	0.263015
11.2667	0.391511
11.3333	0.216589
11.4	0.288364
11.4667	0.327117
11.5333	0.104409
11.6	0.105478
11.6667	0.253108
11.7333	0.301768
11.8	0.311966
11.8667	0.225233
11.9333	0.25204
12	0.233197
12.0667	0.172786
12.1333	0.228827
12.2	0.286228
12.2667	0.203768
12.3333	0.155303
12.4	0.311189
12.4667	0.175894
12.5333	0.142483
12.6	0.17162
12.6667	0.120144
12.7333	0.100913
12.8	0.183761
12.8667	0.163559
12.9333	0.369075
13	0.207168
13.0667	0.127914
13.1333	0.292638
13.2	0.124223
13.2667	0.357906
13.3333	0.227467
13.4	0.145299
13.4667	0.161422
13.5333	0.286228
13.6	0.185606
13.6667	0.288267
13.7333	0.259713
13.8	0.333236
13.8667	0.228147
13.9333	0.269037
14	0.130439
14.0667	0.183178
14.1333	0.24427
14.2	0.141803
14.2667	0.225622
14.3333	0.230769
14.4	0.180264
14.4667	0.105089
14.5333	0.21047
14.6	0.410354
14.6667	0.338772
14.7333	0.350622
14.8	0.225039
14.8667	0.0934343
14.9333	0.177448
15	0.214841
15.0667	0.229118
15.1333	0.301379
15.2	0.255439
15.2667	0.190851
15.3333	0.202409
15.4	0.119658
15.4667	0.222805
15.5333	0.142288
15.6	0.185995
15.6667	0.0637141
15.7333	0.0995532
15.8	0.122086
15.8667	0.116356
15.9333	0.145299
16	0.076049
16.0667	0.130342
16.1333	0.0221445
16.2	0.0480769
16.2667	0.100427
16.3333	0.089258
16.4	0.0439005
16.4667	0.0115579
16.5333	0.034188
16.6	0.083819
16.6667	0.0480769
16.7333	0.0805167
16.8	0.095474
16.8667	0.0385587
16.9333	0.167152
17	0.0266123
17.0667	0.03885
17.1333	0.0492424
17.2	0.0459402
17.2667	0.145882
17.3333	0.0583722
17.4	0.0979992
17.4667	0.187646
17.5333	0.176282
17.6	0.0983877
17.6667	0.0579837
17.7333	0.0886752
17.8	0.0944056
17.8667	0.0659479
17.9333	0.419872
18	0.133256
18.0667	0.0795455
18.1333	0.192308
18.2	0.159091
18.2667	0.102953
18.3333	0.0827506
18.4	0.0734266
18.4667	0.0581779
18.5333	0.0870241
18.6	0.105478
18.6667	0.0482712
18.7333	0.0916861
18.8	0.0982906
18.8667	0.0726496
18.9333	0.145396
19	0.0933372
19.0667	0.120629
19.1333	0.165307
19.2	0.093143
19.2667	0.0839161
19.3333	0.0945998
19.4	0.0812937
19.4667	0.101399
19.5333	0.120338
19.6	0.229895
19.6667	0.113831
19.7333	0.228147
19.8	0.108392
19.8667	0.119852
19.9333	0.135198
20	0.0707071
20.0667	0.0947941
20.1333	0.0880925
20.2	0.103827
20.2667	0.0935315
20.3333	0.10169
20.4	0.0801282
20.4667	0.0502137
20.5333	0.144231
20.6	0.0645882
20.6667	0.153263
20.7333	0.156954
20.8	0.132479
20.8667	0.131605
20.9333	0.155497
21	0.121018
21.0667	0.18716
21.1333	0.298465
21.2	0.200272
21.2667	0.571581
21.3333	0.319347
21.4	0.276904
21.4667	0.233197
21.5333	0.183955
21.6	0.294969
21.6667	0.281663
21.7333	0.269134
21.8	0.28176
21.8667	0.20406
21.9333	0.124029
22	0.254371
22.0667	0.258256
22.1333	0.181333
22.2	0.172009
22.2667	0.24728
22.3333	0.246115
22.4	0.203283
22.4667	0.17735
22.5333	0.109751
22.6	0.195513
22.6667	0.0901321
22.7333	0.0572067
22.8	0.0236014
22.8667	0.0649767
22.9333	0.536519
23	0.0363248
23.0667	0.0608003
23.1333	0.0487568
23.2	0.0818765
23.2667	0.0568182
23.3333	0.0969308
23.4	0.0673077
23.4667	0.0747863
23.5333	0.136946
23.6	0.106546
23.6667	0.130828
23.7333	0.108197
23.8	0.0765346
23.8667	0.0699301
23.9333	0.119755
24	0.0745921
24.0667	0.0689588
24.1333	0.0879953
24.2	0.0631313
24.2667	0.094697
24.3333	0.0858586
24.4	0.0660451
24.4667	0.0626457
24.5333	0.106449
24.6	0.239413
24.6667	0.124806
24.7333	0.128205
24.8	0.0461344
24.8667	0.0828477
24.9333	0.141123
25	0.0801282
25.0667	0.0893551
25.1333	0.115093
25.2	0.103632
25.2667	0.0943085
25.3333	0.117133
25.4	0.0729409
25.4667	0.0636169
25.5333	0.105866
25.6	0.0782828
25.6667	0.0648796
25.7333	0.111791
25.8	0.0899378
25.8667	0.10305
25.9333	0.0938228
26	0.0868298
26.0667	0.0872183
26.1333	0.132187
26.2	0.100719
26.2667	0.197164
26.3333	0.16385
26.4	0.122863
26.4667	0.108683
26.5333	0.152486
26.6	0.148601
26.6667	0.172106
26.7333	0.13549
26.8	0.133353
26.8667	0.179293
26.9333	0.165016
27	0.147533
27.0667	0.195124
27.1333	0.18988
27.2	0.185023
27.2667	0.197164
27.3333	0.20066
27.4	0.18007
27.4667	0.191628
27.5333	0.215229
27.6	0.221251
27.6667	0.241841
27.7333	0.272436
27.8	0.229118
27.8667	0.219406
27.9333	0.509227
28	0.282246
28.0667	0.253885
28.1333	0.310897
28.2	0.251263
28.2667	0.25913
28.3333	0.222416
28.4	0.260101
28.4667	0.257187
28.5333	0.296232
28.6	0.260198
28.6667	0.299145
28.7333	0.309441
28.8	0.332168
28.8667	0.306138
28.9333	0.297591
29	0.309343
29.0667	0.307012
29.1333	0.308858
29.2	0.293803
29.2667	0.300894
29.3333	0.280886
29.4	0.286713
29.4667	0.312937
29.5333	0.349553
29.6	0.460956
29.6667	0.36519
29.7333	0.36451
29.8	0.359266
29.8667	0.376943
29.9333	0.317113
30	0.326243
30.0667	0.299825
30.1333	0.282343
30.2	0.298465
30.2667	0.340812
30.3333	0.344988
30.4	0.317599
30.4667	0.349942
30.5333	0.21824
30.6	0.33615
30.6667	0.277292
30.7333	0.21183
30.8	0.348776
30.8667	0.208819
30.9333	0.249126
31	0.402389
31.0667	0.339258
31.1333	0.267483
31.2	0.242424
31.2667	0.37364
31.3333	0.297397
31.4	0.347222
31.4667	0.298271
31.5333	0.315948
31.6	0.294483
31.6667	0.277195
31.7333	0.278846
31.8	0.324301
31.8667	0.387238
31.9333	0.232129
32	0.33683
32.0667	0.370338
32.1333	0.401418
32.2	0.329157
32.2667	0.295843
32.3333	0.279623
32.4	0.399184
32.4667	0.306624
32.5333	0.400835
32.6	0.334693
32.6667	0.341783
32.7333	0.240093
32.8	0.381119
32.8667	0.233683
32.9333	0.183275
33	0.427545
33.0667	0.198718
33.1333	0.406954
33.2	0.0239899
33.2667	0.0775058
33.3333	0.0645882
33.4	0.0708042
33.4667	0.0952797
33.5333	0.121115
33.6	0.125097
33.6667	0.146853
33.7333	0.0977078
33.8	0.127525
33.8667	0.129953
33.9333	0.139277
34	0.162685
34.0667	0.145688
34.1333	0.172397
34.2	0.150544
34.2667	0.137529
34.3333	0.152778
34.4	0.157246
34.4667	0.164141
34.5333	0.159868
34.6	0.356352
34.6667	0.161228
34.7333	0.182692
34.8	0.196484
34.8667	0.196581
34.9333	0.212413
35	0.176282
35.0667	0.18211
35.1333	0.206682
35.2	0.210082
35.2667	0.157537
35.3333	0.175796
35.4	0.137044
35.4667	0.160839
35.5333	0.130439
35.6	0.188617
35.6667	0.170552
35.7333	0.200758
35.8	0.149864
35.8667	0.182207
35.9333	0.231158
36	0.234169
36.0667	0.18648
36.1333	0.141997
36.2	0.270688
36.2667	0.519231
36.3333	0.1588
36.4	0.230769
36.4667	0.260781
36.5333	0.115287
36.6	0.208625
36.6667	0.167638
36.7333	0.279817
36.8	0.22805
36.8667	0.252622
36.9333	0.257284
37	0.18852
37.0667	0.202312
37.1333	0.146465
37.2	0.270202
37.2667	0.216395
37.3333	0.167832
37.4	0.329351
37.4667	0.371406
37.5333	0.333625
37.6	0.414821
37.6667	0.482615
37.7333	0.456099
37.8	0.370435
37.8667	0.0878982
37.9333	0.357226
38	0.170455
38.0667	0.177642
38.1333	0.149087
38.2	0.123737
38.2667	0.131022
38.3333	0.176865
38.4	0.121018
38.4667	0.149378
38.5333	0.183566
38.6	0.15812
38.6667	0.142774
38.7333	0.18852
38.8	0.166667
38.8667	0.165016
38.9333	0.189588
39	0.159285
39.0667	0.139472
39.1333	0.143939
39.2	0.184829
39.2667	0.177448
39.3333	0.171717
39.4	0.186383
39.4667	0.158023
39.5333	0.150544
39.6	0.371115
39.6667	0.221057
39.7333	0.265734
39.8	0.230089
39.8667	0.18988
39.9333	0.280789
40	0.214938
40.0667	0.208333
40.1333	0.251651
40.2	0.253594
40.2667	0.211538
40.3333	0.203186
40.4	0.246212
40.4667	0.263598
40.5333	0.257673
40.6	0.223679
40.6667	0.256313
40.7333	0.247863
40.8	0.269425
40.8667	0.261558
40.9333	0.259033
41	0.24932
41.0667	0.262529
41.1333	0.237277
41.2	0.283994
41.2667	0.62636
41.3333	0.293124
41.4	0.247378
41.4667	0.235237
41.5333	0.201049
41.6	0.253788
41.6667	0.248737
41.7333	0.241356
41.8	0.241744
41.8667	0.271562
41.9333	0.280789
42	0.266414
42.0667	0.270396
42.1333	0.198718
42.2	0.266414
42.2667	0.232517
42.3333	0.197747
42.4	0.275641
42.4667	0.222611
42.5333	0.291472
42.6	0.158217
42.6667	0.209402
42.7333	0.187257
42.8	0.21892
42.8667	0.271659
42.9333	0.525738
43	0.149184
43.0667	0.139083
43.1333	0.187354
43.2	0.160451
43.2667	0.14831
43.3333	0.212315
43.4	0.120144
43.4667	0.136752
43.5333	0.195221
43.6	0.162976
43.6667	0.209305
43.7333	0.152292
43.8	0.162005
43.8667	0.178225
43.9333	0.214064
44	0.175117
44.0667	0.165404
44.1333	0.195998
44.2	0.178419
44.2667	0.221057
44.3333	0.157634
44.4	0.22028
44.4667	0.226981
44.5333	0.17871
44.6	0.484848
44.6667	0.283994
44.7333	0.160742
44.8	0.262529
44.8667	0.244075
44.9333	0.209305
45	0.199786
45.0667	0.21047
45.1333	0.256216
45.2	0.237762
45.2667	0.269134
45.3333	0.316142
45.4	0.252525
45.4667	0.221348
45.5333	0.214744
45.6	0.254759
45.6667	0.199301
45.7333	0.242327
45.8	0.185897
45.8667	0.199204
45.9333	0.179681
46	0.164044
46.0667	0.15744
46.1333	0.194736
46.2	0.233392
46.2667	0.659674
46.3333	0.316531
46.4	0.18784
46.4667	0.239025
46.5333	0.259907
46.6	0.247378
46.6667	0.154429
46.7333	0.318473
46.8	0.177836
46.8667	0.287587
46.9333	0.210373
47	0.327603
47.0667	0.245824
47.1333	0.230186
47.2	0.194833
47.2667	0.351787
47.3333	0.27603
47.4	0.267191
47.4667	0.1858
47.5333	0.229409
47.6	0.233974
47.6667	0.259421
47.7333	0.366841
47.8	0.232615
47.8667	0.212995
47.9333	0.446678
48	0.215909
48.0667	0.250097
48.1333	0.190462
48.2	0.292832
48.2667	0.294386
48.3333	0.326243
48.4	0.246212
48.4667	0.347125
48.5333	0.228827
48.6	0.194639
48.6667	0.328671
48.7333	0.241939
48.8	0.314103
48.8667	0.297883
48.9333	0.221931
49	0.192502
49.0667	0.164336
49.1333	0.236014
49.2	0.191239
49.2667	0.0926573
49.3333	0.16958
49.4	0.214064
49.4667	0.112082
49.5333	0.147047
49.6	0.239996
49.6667	0.261849
49.7333	0.246601
49.8	0.121892
49.8667	0.163073
49.9333	0.169289
50	0.267483
50.0667	0.219503
50.1333	0.10674
50.2	0.152098
50.2667	0.191239
50.3333	0.1858
50.4	0.0378788
50.4667	0.167735
50.5333	0.0802253
50.6	0.111305
50.6667	0.198427
50.7333	0.16453
50.8	0.169969
50.8667	0.175408
50.9333	0.150058
51	0.0794483
51.0667	0.178613
51.1333	0.0995532
51.2	0.114996
51.2667	0.430847
51.3333	0.192988
51.4	0.114413
51.4667	0.246503
51.5333	0.131702
51.6	0.0893551
51.6667	0.0607032
51.7333	0.124611
51.8	0.0736208
51.8667	0.144134
51.9333	0.248349
52	0.197844
52.0667	0.082265
52.1333	0.0955711
52.2	0.0550699
52.2667	0.0476884
52.3333	0.0633256
52.4	0.0258353
52.4667	0.0347708
52.5333	0.111305
52.6	0.0805167
52.6667	0.0793512
52.7333	0.155497
52.8	0.10169
52.8667	0.0937257
52.9333	0.534965
53	0.119172
53.0667	0.108197
53.1333	0.204254
53.2	0.144716
53.2667	0.0862471
53.3333	0.118881
53.4	0.149378
53.4667	0.128788
53.5333	0.10101
53.6	0.120921
53.6667	0.163073
53.7333	0.0901321
53.8	0.105089
53.8667	0.11723
53.9333	0.132867
54	0.13413
54.0667	0.1115
54.1333	0.0715812
54.2	0.129274
54.2667	0.0747863
54.3333	0.0969308
54.4	0.116162
54.4667	0.207945
54.5333	0.170552
54.6	0.479798
54.6667	0.287005
54.7333	0.191919
54.8	0.218046
54.8667	0.0958625
54.9333	0.213869
55	0.137821
55.0667	0.205614
55.1333	0.150058
55.2	0.159382
55.2667	0.144716
55.3333	0.199786
55.4	0.0907148
55.4667	0.112179
55.5333	0.142774
55.6	0.241744
55.6667	0.291375
55.7333	0.121601
55.8	0.152778
55.8667	0.107517
55.9333	0.167929
56	0.126457
56.0667	0.155109
56.1333	0.143551
56.2	0.257576
56.2667	0.33343
56.3333	0.435023
56.4	0.16958
56.4667	0.127914
56.5333	0.120047
56.6	0.225233
56.6667	0.28108
56.7333	0.122475
56.8	0.214646
56.8667	0.232129
56.9333	0.141706
57	0.271562
57.0667	0.176476
57.1333	0.154429
57.2	0.102078
57.2667	0.187354
57.3333	0.125874
57.4	0.147145
57.4667	0.221737
57.5333	0.138112
57.6	0.268454
57.6667	0.115967
57.7333	0.176379
57.8	0.178613
57.8667	0.0805167
57.9333	0.377525
58	0.215326
58.0667	0.126068
58.1333	0.294872
58.2	0.219697
58.2667	0.204254
58.3333	0.358974
58.4	0.14627
58.4667	0.221154
58.5333	0.340423
58.6	0.318862
58.6667	0.213578
58.7333	0.12432
58.8	0.0917832
58.8667	0.121503
58.9333	0.235431
59	0.121503
59.0667	0.102273
59.1333	0.152486
59.2	0.191531
59.2667	0.210276
59.3333	0.270979
59.4	0.199495
59.4667	0.347902
59.5333	0.187063
59.6	0.167541
59.6667	0.245144
59.7333	0.212315
59.8	0.205225
59.8667	0.0453574
59.9333	0.14122
60	0.223485
60.0667	0.142288
60.1333	0.120532
60.2	0.148699
60.2667	0.395591
60.3333	0.182012
60.4	0.26049
60.4667	0.167541
60.5333	0.0819736
60.6	0.100622
60.6667	0.131022
60.7333	0.152001
60.8	0.128011
60.8667	0.185315
60.9333	0.268551
61	0.12432
61.0667	0.0746892
61.1333	0.15035
61.2	0.312646
61.2667	0.103827
61.3333	0.130051
61.4	0.112859
61.4667	0.102176
61.5333	0.11927
61.6	0.151515
61.6667	0.0959596
61.7333	0.0480769
61.8	0.131507
61.8667	0.0660451
61.9333	0.40035
62	0.194542
62.0667	0.384033
62.1333	0.131799
62.2	0.164433
62.2667	0.152681
62.3333	0.0870241
62.4	0.120921
62.4667	0.0880925
62.5333	0.0815851
62.6	0.0682789
62.6667	0.0515734
62.7333	0.0735237
62.8	0.0459402
62.8667	0.086927
62.9333	0.0321484
63	0.0581779
63.0667	0.0592463
63.1333	0.0732323
63.2	0.0577894
63.2667	0.0898407
63.3333	0.219211
63.4	0.141026
63.4667	0.130536
63.5333	0.10169
63.6	0.398019
63.6667	0.143648
63.7333	0.129274
63.8	0.0516706
63.8667	0.07838
63.9333	0.206488
64	0.0725524
64.0667	0.191434
64.1333	0.172688
64.2	0.0865385
64.2667	0.201632
64.3333	0.132867
64.4	0.131022
64.4667	0.0932401
64.5333	0.158217
64.6	0.155886
64.6667	0.107809
64.7333	0.154623
64.8	0.130439
64.8667	0.14326
64.9333	0.0979992
65	0.0919775
65.0667	0.108683
65.1333	0.0426379
65.2	0.151807
65.2667	0.342075
65.3333	0.22737
65.4	0.10033
65.4667	0.11587
65.5333	0.257382
65.6	0.164336
65.6667	0.141706
65.7333	0.200175
65.8	0.155012
65.8667	0.106546
65.9333	0.239802
66	0.317405
66.0667	0.213481
66.1333	0.215521
66.2	0.17871
66.2667	0.123446
66.3333	0.122572
66.4	0.10674
66.4667	0.119755
66.5333	0.161422
66.6	0.100524
66.6667	0.258353
66.7333	0.183275
66.8	0.0945027
66.8667	0.0971251
66.9333	0.343531
67	0.17803
67.0667	0.172494
67.1333	0.170066
67.2	0.137044
67.2667	0.225524
67.3333	0.0705128
67.4	0.12568
67.4667	0.0844017
67.5333	0.0836247
67.6	0.234363
67.6667	0.0804196
67.7333	0.133838
67.8	0.111985
67.8667	0.0648796
67.9333	0.105186
68	0.121503
68.0667	0.147824
68.1333	0.124126
68.2	0.135295
68.2667	0.0889666
68.3333	0.0667249
68.4	0.102176
68.4667	0.232032
68.5333	0.103632
68.6	0.15608
68.6667	0.164433
68.7333	0.120241
68.8	0.114122
68.8667	0.123252
68.9333	0.0864413
69	0.410936
69.0667	0.315948
69.1333	0.204157
69.2	0.171426
69.2667	0.147145
69.3333	0.0652681
69.4	0.0979021
69.4667	0.155303
69.5333	0.116647
69.6	0.0893551
69.6667	0.138015
69.7333	0.175117
69.8	0.162782
69.8667	0.0924631
69.9333	0.0928516
70	0.0974165
70.0667	0.0828477
70.1333	0.0643939
70.2	0.0796426
70.2667	0.129079
70.3333	0.0941142
70.4	0.104895
70.4667	0.17434
70.5333	0.0780886
70.6	0.0540987
70.6667	0.477564
70.7333	0.198329
70.8	0.13918
70.8667	0.185703
70.9333	0.154623
71	0.150835
71.0667	0.225524
71.1333	0.0749806
71.2	0.103341
71.2667	0.157634
71.3333	0.165598
71.4	0.243881
71.4667	0.1588
71.5333	0.25204
71.6	0.104021
71.6667	0.179196
71.7333	0.0847902
71.8	0.153069
71.8667	0.12636
71.9333	0.146756
72	0.118201
72.0667	0.208042
72.1333	0.0893551
72.2	0.145493
72.2667	0.120532
72.3333	0.511072
72.4	0.221639
72.4667	0.199883
72.5333	0.0780886
72.6	0.137432
72.6667	0.214355
72.7333	0.140734
72.8	0.217657
72.8667	0.304584
72.9333	0.11791
73	0.139957
73.0667	0.128108
73.1333	0.0956682
73.2	0.0718726
73.2667	0.0654623
73.3333	0.128205
73.4	0.124709
73.4667	0.157634
73.5333	0.113733
73.6	0.143357
73.6667	0.122378
73.7333	0.103535
73.8	0.168415
73.8667	0.106643
73.9333	0.0973193
74	0.56284
74.0667	0.195221
74.1333	0.193959
74.2	0.116259
74.2667	0.135392
74.3333	0.190462
74.4	0.0878982
74.4667	0.123252
74.5333	0.126457
74.6	0.115482
74.6667	0.108392
74.7333	0.198718
74.8	0.0794483
74.8667	0.107712
74.9333	0.14831
75	0.11791
75.0667	0.142385
75.1333	0.0777972
75.2	0.0603147
75.2667	0.0569153
75.3333	0.0624514
75.4	0.0772145
75.4667	0.0457459
75.5333	0.108974
75.6	0.0711927
75.6667	0.151904
75.7333	0.080711
75.8	0.0659479
75.8667	0.0662393
75.9333	0.0802253
76	0.0592463
76.0667	0.0981935
76.1333	0.0505051
76.2	0.0971251
76.2667	0.0812937
76.3333	0.0638112
76.4	0.0539044
76.4667	0.0478827
76.5333	0.0564297
76.6	0.0556527
76.6667	0.0482712
76.7333	0.114316
76.8	0.0801282
76.8667	0.0530303
76.9333	0.0935315
77	0.0788656
77.0667	0.0263209
77.1333	0.0624514
77.2	0.0769231
77.2667	0.0136946
77.3333	0.159188
77.4	0.245144
77.4667	0.1723
77.5333	0.112082
77.6	0.106255
77.6667	0.183858
77.7333	0.124611
77.8	0.0949883
77.8667	0.115385
77.9333	0.163267
78	0.095474
78.0667	0.124417
78.1333	0.0683761
78.2	0.114899
78.2667	0.0798368
78.3333	0.0805167
78.4	0.0833333
78.4667	0.0463287
78.5333	0.0617716
78.6	0.0443862
78.6667	0.160742
78.7333	0.0843046
78.8	0.118978
78.8667	0.100427
78.9333	0.0576923
79	0.286616
79.0667	0.231643
79.1333	0.0938228
79.2	0.111694
79.2667	0.153846
79.3333	0.151127
79.4	0.184052
79.4667	0.191919
79.5333	0.100622
79.6	0.113345
79.6667	0.0568182
79.7333	0.248057
79.8	0.0947941
79.8667	0.135781
79.9333	0.0782828
80	0.0825563
80.0667	0.0715812
80.1333	0.0769231
80.2	0.0790598
80.2667	0.10305
80.3333	0.122863
80.4	0.0643939
80.4667	0.243201
80.5333	0.0766317
80.6	0.091589
80.6667	0.280497
80.7333	0.0819736
80.8	0.120047
80.8667	0.0998446
80.9333	0.165598
81	0.107615
81.0667	0.134615
81.1333	0.187257
81.2	0.352758
81.2667	0.10674
81.3333	0.167055
81.4	0.298077
81.4667	0.271368
81.5333	0.161422
81.6	0.169969
81.6667	0.100233
81.7333	0.181235
81.8	0.107323
81.8667	0.223096
81.9333	0.171329
82	0.0909091
82.0667	0.167055
82.1333	0.0623543
82.2	0.155109
82.2667	0.130148
82.3333	0.198912
82.4	0.155012
82.4667	0.199398
82.5333	0.139957
82.6	0.21047
82.6667	0.194444
82.7333	0.216686
82.8	0.207265
82.8667	0.235917
82.9333	0.0859557
83	0.167055
83.0667	0.158314
83.1333	0.0989705
83.2	0.155109
83.2667	0.256022
83.3333	0.168901
83.4	0.0545843
83.4667	0.0840132
83.5333	0.0989705
83.6	0.0690559
83.6667	0.104507
83.7333	0.148796
83.8	0.109266
83.8667	0.083042
83.9333	0.13413
84	0.271756
84.0667	0.138889
84.1333	0.147242
84.2	0.102661
84.2667	0.109266
84.3333	0.110528
84.4	0.0583722
84.4667	0.158217
84.5333	0.106255
84.6	0.0440948
84.6667	0.0459402
84.7333	0.0509907
84.8	0.129468
84.8667	0.117424
84.9333	0.124514
85	0.102661
85.0667	0.131119
85.1333	0.107226
85.2	0.0661422
85.2667	0.134033
85.3333	0.085373
85.4	0.0551671
85.4667	0.108877
85.5333	0.12568
85.6	0.144425
85.6667	0.472902
85.7333	0.0561383
85.8	0.125777
85.8667	0.2027
85.9333	0.159674
86	0.0871212
86.0667	0.122475
86.1333	0.0928516
86.2	0.0952797
86.2667	0.15035
86.3333	0.155109
86.4	0.189491
86.4667	0.114316
86.5333	0.0829448
86.6	0.142677
86.6667	0.0443862
86.7333	0.0570124
86.8	0.076826
86.8667	0.0337024
86.9333	0.176865
87	0.147436
87.0667	0.176282
87.1333	0.121892
87.2	0.124126
87.2667	0.181138
87.3333	0.39627
87.4	0.107323
87.4667	0.135587
87.5333	0.0619658
87.6	0.0775058
87.6667	0.114122
87.7333	0.0704157
87.8	0.125291
87.8667	0.106158
87.9333	0.18007
88	0.154915
88.0667	0.183664
88.1333	0.145591
88.2	0.087704
88.2667	0.0999417
88.3333	0.0728438
88.4	0.114705
88.4667	0.0710956
88.5333	0.139763
88.6	0.0888695
88.6667	0.159965
88.7333	0.152875
88.8	0.104798
88.8667	0.153458
88.9333	0.0630342
89	0.268162
89.0667	0.238831
89.1333	0.283411
89.2	0.251068
89.2667	0.202991
89.3333	0.200078
89.4	0.23582
89.4667	0.168706
89.5333	0.126554
89.6	0.146659
89.6667	0.176476
89.7333	0.0786713
89.8	0.107032
89.8667	0.111985
89.9333	0.129953
90	0.185606
90.0667	0.213578
90.1333	0.0798368
90.2	0.129565
90.2667	0.127331
90.3333	0.0998446
90.4	0.125583
90.4667	0.108197
90.5333	0.0637141
90.6	0.0789627
90.6667	0.219406
90.7333	0.155692
90.8	0.108974
90.8667	0.099359
90.9333	0.0839161
91	0.113345
91.0667	0.0887723
91.1333	0.0906177
91.2	0.102855
91.2667	0.0780886
91.3333	0.0930458
91.4	0.117716
91.4667	0.133936
91.5333	0.0703186
91.6	0.0607032
91.6667	0.0864413
91.7333	0.0961538
91.8	0.0651709
91.8667	0.0772145
91.9333	0.0563326
92	0.0755633
92.0667	0.0731352
92.1333	0.120629
92.2	0.0718726
92.2667	0.0902292
92.3333	0.193085
92.4	0.0764375
92.4667	0.0418609
92.5333	0.11587
92.6	0.0744949
92.6667	0.0277778
92.7333	0.0672106
92.8	0.0465229
92.8667	0.0374903
92.9333	0.0983877
93	0.0472999
93.0667	0.138792
93.1333	0.077603
93.2	0.188617
93.2667	0.148213
93.3333	0.0969308
93.4	0.0594406
93.4667	0.0823621
93.5333	0.0504079
93.6	0.0414724
93.6667	0.185412
93.7333	0.0446775
93.8	0.093143
93.8667	0.18143
93.9333	0.0721639
94	0.255148
94.0667	0.212413
94.1333	0.121698
94.2	0.107032
94.2667	0.14967
94.3333	0.103244
94.4	0.106935
94.4667	0.255148
94.5333	0.0811966
94.6	0.169678
94.6667	0.105866
94.7333	0.260684
94.8	0.155109
94.8667	0.165404
94.9333	0.117813
95	0.0961538
95.0667	0.333625
95.1333	0.313811
95.2	0.092366
95.2667	0.215618
95.3333	0.295455
95.4	0.166181
95.4667	0.21824
95.5333	0.235528
95.6	0.244075
95.6667	0.376457
95.7333	0.120629
95.8	0.200078
95.8667	0.138792
95.9333	0.303322
96	0.314588
96.0667	0.267968
96.1333	0.323329
96.2	0.344794
96.2667	0.315462
96.3333	0.274378
96.4	0.319639
96.4667	0.297203
96.5333	0.3615
96.6	0.357906
96.6667	0.158217
96.7333	0.306527
96.8	0.358877
96.8667	0.372378
96.9333	0.305167
97	0.268454
97.0667	0.283897
97.1333	0.353341
97.2	0.335373
97.2667	0.152972
97.3333	0.361694
97.4	0.412782
97.4667	0.403166
97.5333	0.352661
97.6	0.405789
97.6667	0.497183
97.7333	0.439005
97.8	0.306235
97.8667	0.302448
97.9333	0.312257
98	0.421329
98.0667	0.243007
98.1333	0.342075
98.2	0.424437
98.2667	0.181624
98.3333	0.50709
98.4	0.513112
98.4667	0.470474
98.5333	0.440268
98.6	0.601884
98.6667	0.279235
98.7333	0.524378
98.8	0.494658
98.8667	0.175991
98.9333	0.478438
99	0.304487
99.0667	0.422786
99.1333	0.485723
99.2	0.397533
99.2667	0.334305
99.3333	0.52467
99.4	0.393648
99.4667	0.199398
99.5333	0.521173
99.6	0.531177
99.6667	0.416181
99.7333	0.418803
99.8	0.643065
99.8667	0.499903
99.9333	0.62704
100	0.615676
100.067	0.376263
100.133	0.7669
100.2	0.610625
100.267	0.42939
100.333	0.630536
100.4	0.680167
100.467	0.464258
100.533	0.672106
100.6	0.733877
100.667	0.442308
100.733	0.44697
100.8	0.709596
100.867	0.462801
100.933	0.409479
101	0.821484
101.067	0.378399
101.133	0.79866
101.2	0.863733
101.267	0.508838
101.333	0.844406
101.4	0.801962
101.467	0.495047
101.533	0.718434
101.6	0.837995
101.667	0.581682
101.733	0.86082
101.8	0.782148
101.867	0.721834
101.933	0.835761
102	0.800699
102.067	0.571387
102.133	0.811577
102.2	0.690365
102.267	0.33683
102.333	0.750097
102.4	0.770008
102.467	0.604604
102.533	0.758353
102.6	0.719406
102.667	0.665404
102.733	0.81789
102.8	0.835082
102.867	0.532925
102.933	0.886267
103	0.766706
103.067	0.806721
103.133	0.822455
103.2	0.822261
103.267	0.71183
103.333	0.819833
103.4	0.83751
103.467	0.803127
103.533	0.891803
103.6	0.906566
103.667	0.361694
103.733	0.569736
103.8	0.869367
103.867	0.699398
103.933	0.827894
104	0.811966
104.067	0.723291
104.133	0.902681
104.2	0.91958
104.267	0.590035
104.333	0.870338
104.4	0.841298
104.467	0.536519
104.533	0.916084
104.6	0.922494
104.667	0.816725
104.733	0.850427
104.8	0.933081
104.867	0.744172
104.933	0.950563
105	0.958722
105.067	0.864316
105.133	0.92939
105.2	0.936966
105.267	0.590229
105.333	0.94697
105.4	0.916278
105.467	0.591589
105.533	0.936966
105.6	0.861111
105.667	0.696387
105.733	0.902584
105.8	0.980381
105.867	0.717269
105.933	0.941725
106	0.944736
106.067	0.725719
106.133	0.941336
106.2	0.949689
106.267	0.823815
106.333	0.956585
106.4	0.940948
106.467	0.587607
106.533	0.889666
106.6	0.968337
106.667	0.818959
106.733	0.943473
106.8	0.943279
106.867	0.74932
106.933	0.925019
107	0.945707
107.067	0.669095
107.133	0.942793
107.2	0.932401
107.267	0.833333
107.333	0.929002
107.4	0.929681
107.467	0.854021
107.533	0.927448
107.6	0.940171
107.667	0.719697
107.733	0.940851
107.8	0.914141
107.867	0.714646
107.933	0.947455
108	0.890637
108.067	0.708333
108.133	0.929779
108.2	0.941045
108.267	0.802059
108.333	0.942016
108.4	0.93852
108.467	0.868881
108.533	0.950466
108.6	0.943279
108.667	0.582653
108.733	0.921037
108.8	0.90812
108.867	0.79662
108.933	0.928904
109	0.944056
109.067	0.781469
109.133	0.937063
109.2	0.964841
109.267	0.809441
109.333	0.955517
109.4	0.931818
109.467	0.636752
109.533	0.93648
109.6	0.895688
109.667	0.787199
109.733	0.812743
109.8	0.943959
109.867	0.855089
109.933	0.920455
110	0.912296
110.067	0.814977
110.133	0.925602
110.2	0.898407
110.267	0.61014
110.333	0.942308
110.4	0.903749
110.467	0.812451
110.533	0.912782
110.6	0.944639
110.667	0.80371
110.733	0.876554
110.8	0.907537
110.867	0.855089
110.933	0.881896
111	0.922106
111.067	0.772339
111.133	0.908605
111.2	0.943862
111.267	0.879176
111.333	0.849165
111.4	0.914918
111.467	0.847611
111.533	0.890831
111.6	0.938034
111.667	0.849942
111.733	0.881993
111.8	0.911422
111.867	0.819639
111.933	0.86927
112	0.893065
112.067	0.776807
112.133	0.897339
112.2	0.857517
112.267	0.84324
112.333	0.847999
112.4	0.893454
112.467	0.768551
112.533	0.823232
112.6	0.92298
112.667	0.829157
112.733	0.875777
112.8	0.890152
112.867	0.801768
112.933	0.871212
113	0.929002
113.067	0.861305
113.133	0.887335
113.2	0.871698
113.267	0.77263
113.333	0.919289
113.4	0.901612
113.467	0.858003
113.533	0.873834
113.6	0.940657
113.667	0.729701
113.733	0.914239
113.8	0.900155
113.867	0.910548
113.933	0.937646
114	0.925505
114.067	0.858877
114.133	0.924922
114.2	0.920649
114.267	0.855963
114.333	0.930944
114.4	0.861597
114.467	0.853827
114.533	0.890054
114.6	0.877817
114.667	0.785354
114.733	0.916375
114.8	0.883061
114.867	0.691336
114.933	0.822747
115	0.832071
115.067	0.780303
115.133	0.884713
115.2	0.884421
115.267	0.698524
115.333	0.852564
115.4	0.814977
115.467	0.696387
115.533	0.824204
115.6	0.836927
115.667	0.797786
115.733	0.839938
115.8	0.861985
115.867	0.597611
115.933	0.866841
116	0.873057
116.067	0.740287
116.133	0.871698
116.2	0.870532
116.267	0.547591
116.333	0.84256
116.4	0.838578
116.467	0.583722
116.533	0.826243
116.6	0.798563
116.667	0.749709
116.733	0.849942
116.8	0.824786
116.867	0.763112
116.933	0.712218
117	0.63918
117.067	0.411713
117.133	0.70542
117.2	0.747086
117.267	0.634324
117.333	0.786519
117.4	0.721445
117.467	0.571873
117.533	0.765831
117.6	0.733586
117.667	0.458042
117.733	0.778652
117.8	0.667929
117.867	0.678225
117.933	0.68852
118	0.698912
118.067	0.705711
118.133	0.740385
118.2	0.811869
118.267	0.652389
118.333	0.776612
118.4	0.816725
118.467	0.782634
118.533	0.785256
118.6	0.818376
118.667	0.689588
118.733	0.782537
118.8	0.769814
118.867	0.690365
118.933	0.703574
119	0.760684
119.067	0.675505
119.133	0.682789
119.2	0.731255
119.267	0.493201
119.333	0.700078
119.4	0.671329
119.467	0.629468
119.533	0.688228
119.6	0.656954
119.667	0.560509
119.733	0.664044
119.8	0.668124
119.867	0.575272
119.933	0.699592
120	0.70843
120.067	0.509907
120.133	0.67803
120.2	0.733877
120.267	0.456099
120.333	0.754565
120.4	0.734946
120.467	0.6858
120.533	0.701437
120.6	0.745241
120.667	0.319736
120.733	0.721057
120.8	0.658411
120.867	0.539627
120.933	0.653166
121	0.706974
121.067	0.564491
121.133	0.717366
121.2	0.675699
121.267	0.654332
121.333	0.663267
121.4	0.70843
121.467	0.604118
121.533	0.682984
121.6	0.685218
121.667	0.521853
121.733	0.660839
121.8	0.699981
121.867	0.576049
121.933	0.705808
122	0.665307
122.067	0.53749
122.133	0.686772
122.2	0.689005
122.267	0.553419
122.333	0.66385
122.4	0.663559
122.467	0.508936
122.533	0.654138
122.6	0.647533
122.667	0.572261
122.733	0.620532
122.8	0.615093
122.867	0.443182
122.933	0.611305
123	0.506799
123.067	0.467366
123.133	0.488345
123.2	0.52399
123.267	0.45542
123.333	0.476496
123.4	0.487374
123.467	0.446873
123.533	0.457556
123.6	0.461927
123.667	0.442988
123.733	0.49932
123.8	0.481061
123.867	0.387141
123.933	0.458625
124	0.533508
124.067	0.47096
124.133	0.509907
124.2	0.507187
124.267	0.430556
124.333	0.496892
124.4	0.498932
124.467	0.384033
124.533	0.496309
124.6	0.481352
124.667	0.489899
124.733	0.503011
124.8	0.497378
124.867	0.470183
124.933	0.508159
125	0.524864
125.067	0.523796
125.133	0.566725
125.2	0.527486
125.267	0.537879
125.333	0.572067
125.4	0.601496
125.467	0.562354
125.533	0.632187
125.6	0.629953
125.667	0.637529
125.733	0.654138
125.8	0.672786
125.867	0.612956
125.933	0.681624
126	0.668318
126.067	0.622863
126.133	0.695707
126.2	0.695513
126.267	0.658994
126.333	0.692696
126.4	0.705614
126.467	0.68784
126.533	0.734266
126.6	0.746115
126.667	0.726399
126.733	0.771659
126.8	0.767288
126.867	0.75641
126.933	0.767774
127	0.792929
127.067	0.702214
127.133	0.81488
127.2	0.771173
127.267	0.784965
127.333	0.793512
127.4	0.786228
127.467	0.665793
127.533	0.713481
127.6	0.765054
127.667	0.644522
127.733	0.732226
127.8	0.701632
127.867	0.617716
127.933	0.692502
128	0.690657
128.067	0.641608
128.133	0.698038
128.2	0.668026
128.267	0.48242
128.333	0.660256
128.4	0.632867
128.467	0.596542
128.533	0.594308
128.6	0.60237
128.667	0.505536
128.733	0.612374
128.8	0.562743
128.867	0.479992
128.933	0.553516
129	0.569347
129.067	0.480186
129.133	0.525544
129.2	0.484751
129.267	0.256993
129.333	0.486208
129.4	0.442211
129.467	0.417249
129.533	0.441725
129.6	0.425505
129.667	0.308566
129.733	0.385975
129.8	0.385878
129.867	0.25845
129.933	0.376068
130	0.340715
130.067	0.238345
130.133	0.320804
130.2	0.272436
130.267	0.226496
130.333	0.252331
130.4	0.255439
130.467	0.218337
130.533	0.216103
130.6	0.206585
130.667	0.219017
130.733	0.167249
130.8	0.191919
130.867	0.179779
130.933	0.22669
131	0.215326
131.067	0.12568
131.133	0.167249
131.2	0.163364
131.267	0.148699
131.333	0.164141
131.4	0.138986
131.467	0.102855
131.533	0.0780886
131.6	0.145008
131.667	0.126943
131.733	0.12296
131.8	0.105284
131.867	0.149281
131.933	0.151127
132	0.114802
132.067	0.169775
132.133	0.170455
132.2	0.041958
132.267	0.196193
132.333	0.15676
132.4	0.110528
132.467	0.111985
132.533	0.0746892
132.6	0.176865
132.667	0.0848873
132.733	0.118007
132.8	0.120144
132.867	0.0949883
132.933	0.137723
133	0.138986
133.067	0.0989705
133.133	0.112956
133.2	0.0713869
133.267	0.039627
133.333	0.122669
133.4	0.0843046
133.467	0.13345
133.533	0.0873155
133.6	0.126554
133.667	0.16317
133.733	0.153069
133.8	0.171134
133.867	0.212315
133.933	0.234946
134	0.262432
134.067	0.270688
134.133	0.27331
134.2	0.288753
134.267	0.317793
134.333	0.331974
134.4	0.351399
134.467	0.392288
134.533	0.391414
134.6	0.411228
134.667	0.439491
134.733	0.4527
134.8	0.464452
134.867	0.500486
134.933	0.531857
135	0.543318
135.067	0.530206
135.133	0.579157
135.2	0.604701
135.267	0.584305
135.333	0.604215
135.4	0.574009
135.467	0.556624
135.533	0.560412
135.6	0.529526
135.667	0.54526
135.733	0.541181
135.8	0.534188
135.867	0.481061
135.933	0.518939
136	0.499029
136.067	0.467949
136.133	0.493784
136.2	0.481352
136.267	0.413947
136.333	0.455031
136.4	0.460567
136.467	0.426962
136.533	0.425796
136.6	0.417638
136.667	0.376263
136.733	0.392968
136.8	0.411033
136.867	0.31789
136.933	0.367036
137	0.329254
137.067	0.333333
137.133	0.329351
137.2	0.322941
137.267	0.233197
137.333	0.322261
137.4	0.232226
137.467	0.173854
137.533	0.234363
137.6	0.219891
137.667	0.182692
137.733	0.192502
137.8	0.203866
137.867	0.12432
137.933	0.141317
138	0.146173
138.067	0.12432
138.133	0.178225
138.2	0.146173
138.267	0.112277
138.333	0.131022
138.4	0.141317
138.467	0.125583
138.533	0.168901
138.6	0.107906
138.667	0.101107
138.733	0.101496
138.8	0.128011
138.867	0.121115
138.933	0.107615
139	0.413073
139.067	0.181624
139.133	0.0704157
139.2	0.173854
139.267	0.083819
139.333	0.114316
139.4	0.120144
139.467	0.0593434
139.533	0.0755633
139.6	0.0618687
139.667	0.0537102
139.733	0.100913
139.8	0.0651709
139.867	0.0454545
139.933	0.0784771
140	0.0986791
140.067	0.0810995
140.133	0.100427
140.2	0.0890637
140.267	0.144037
140.333	0.133256
140.4	0.108489
140.467	0.173077
140.533	0.168803
140.6	0.16385
140.667	0.368493
140.733	0.186966
140.8	0.195416
140.867	0.212607
140.933	0.215035
141	0.264083
141.067	0.300796
141.133	0.267677
141.2	0.279138
141.267	0.269911
141.333	0.268939
141.4	0.323912
141.467	0.364413
141.533	0.342754
141.6	0.345183
141.667	0.405109
141.733	0.354409
141.8	0.393162
141.867	0.416861
141.933	0.378302
142	0.412782
142.067	0.457945
142.133	0.453768
142.2	0.445513
142.267	0.435315
142.333	0.481838
142.4	0.477661
142.467	0.437937
142.533	0.460276
142.6	0.464938
142.667	0.406954
142.733	0.461733
142.8	0.468337
142.867	0.343629
142.933	0.473096
143	0.469794
143.067	0.328477
143.133	0.464355
143.2	0.45406
143.267	0.375583
143.333	0.426185
143.4	0.441919
143.467	0.406371
143.533	0.438034
143.6	0.476884
143.667	0.46756
143.733	0.451243
143.8	0.502137
143.867	0.400835
143.933	0.506702
144	0.549825
144.067	0.476107
144.133	0.525058
144.2	0.536519
144.267	0.438423
144.333	0.525447
144.4	0.528069
144.467	0.426962
144.533	0.500097
144.6	0.493493
144.667	0.420552
144.733	0.472028
144.8	0.49019
144.867	0.35305
144.933	0.467463
145	0.439297
145.067	0.37568
145.133	0.391317
145.2	0.411131
145.267	0.349068
145.333	0.401709
145.4	0.370532
145.467	0.293221
145.533	0.354507
145.6	0.324981
145.667	0.313908
145.733	0.298563
145.8	0.300699
145.867	0.212218
145.933	0.252622
146	0.252331
146.067	0.160159
146.133	0.235528
146.2	0.20474
146.267	0.165404
146.333	0.17434
146.4	0.177253
146.467	0.118493
146.533	0.159188
146.6	0.134907
146.667	0.120921
146.733	0.113054
146.8	0.104507
146.867	0.106838
146.933	0.0847902
147	0.0735237
147.067	0.0694444
147.133	0.0693473
147.2	0.0618687
147.267	0.0572067
147.333	0.0727467
147.4	0.0627428
147.467	0.0580808
147.533	0.0327312
147.6	0.12296
147.667	0.0366162
147.733	0.0556527
147.8	0.0356449
147.867	0.0342852
147.933	0.042735
148	0.0519619
148.067	0.0675991
148.133	0.0434149
148.2	0.0344794
148.267	0.0426379
148.333	0.0576923
148.4	0.076049
148.467	0.0587607
148.533	0.0654623
148.6	0.0576923
148.667	0.0425408
148.733	0.0649767
148.8	0.0562354
148.867	0.041181
148.933	0.0719697
149	0.160062
149.067	0.108877
149.133	0.0773116
149.2	0.0699301
149.267	0.114802
149.333	0.0608974
149.4	0.0731352
149.467	0.0526418
149.533	0.0576923
149.6	0.0716783
149.667	0.0747863
149.733	0.0794483
149.8	0.0817793
149.867	0.0764375
149.933	0.0527389
150	0.0789627
150.067	0.0612859
150.133	0.0780886
150.2	0.094697
150.267	0.0744949
150.333	0.0727467
150.4	0.0631313
150.467	0.0656566
150.533	0.0755633
150.6	0.0950855
150.667	0.0996503
150.733	0.0880925
150.8	0.0959596
150.867	0.0824592
150.933	0.0903263
151	0.129079
151.067	0.143648
151.133	0.13073
151.2	0.124223
151.267	0.145008
151.333	0.166667
151.4	0.195319
151.467	0.155594
151.533	0.195124
151.6	0.207459
151.667	0.22805
151.733	0.219697
151.8	0.230186
151.867	0.242036
151.933	0.260198
152	0.269425
152.067	0.262141
152.133	0.27904
152.2	0.261267
152.267	0.247766
152.333	0.292541
152.4	0.27127
152.467	0.269231
152.533	0.241356
152.6	0.277486
152.667	0.260198
152.733	0.27603
152.8	0.260295
152.867	0.248932
152.933	0.240676
153	0.260975
153.067	0.246406
153.133	0.261364
153.2	0.272727
153.267	0.289918
153.333	0.309635
153.4	0.321873
153.467	0.319542
153.533	0.335179
153.6	0.365482
153.667	0.341006
153.733	0.375486
153.8	0.368493
153.867	0.339744
153.933	0.361985
154	0.409188
154.067	0.335956
154.133	0.385295
154.2	0.387335
154.267	0.381605
154.333	0.398116
154.4	0.394134
154.467	0.333333
154.533	0.39122
154.6	0.376651
154.667	0.271562
154.733	0.362277
154.8	0.355769
154.867	0.246601
154.933	0.352273
155	0.331974
155.067	0.302253
155.133	0.321096
155.2	0.317696
155.267	0.273699
155.333	0.287782
155.4	0.273019
155.467	0.201729
155.533	0.27535
155.6	0.261655
155.667	0.397824
155.733	0.239219
155.8	0.228244
155.867	0.179002
155.933	0.184538
156	0.178225
156.067	0.158217
156.133	0.162393
156.2	0.152584
156.267	0.129274
156.333	0.135295
156.4	0.123349
156.467	0.123057
156.533	0.129565
156.6	0.0992618
156.667	0.118201
156.733	0.138209
156.8	0.145202
156.867	0.143939
156.933	0.164044
157	0.164724
157.067	0.155497
157.133	0.160159
157.2	0.151807
157.267	0.141511
157.333	0.154623
157.4	0.127428
157.467	0.103438
157.533	0.107129
157.6	0.118395
157.667	0.112762
157.733	0.111791
157.8	0.0960567
157.867	0.107615
157.933	0.111694
158	0.119075
158.067	0.102176
158.133	0.130633
158.2	0.134615
158.267	0.117813
158.333	0.114413
158.4	0.112568
158.467	0.0995532
158.533	0.123349
158.6	0.119367
158.667	0.104312
158.733	0.107712
158.8	0.130439
158.867	0.128885
158.933	0.170746
159	0.1858
159.067	0.16453
159.133	0.199495
159.2	0.236888
159.267	0.230575
159.333	0.266511
159.4	0.282634
159.467	0.272436
159.533	0.309538
159.6	0.3108
159.667	0.254468
159.733	0.270202
159.8	0.276224
159.867	0.228341
159.933	0.325175
160	0.300894
160.067	0.224942
160.133	0.284965
160.2	0.329351
160.267	0.233003
160.333	0.291375
160.4	0.279623
160.467	0.244464
160.533	0.286519
160.6	0.273213
160.667	0.263986
160.733	0.261558
160.8	0.269328
160.867	0.219697
160.933	0.225816
161	0.223096
161.067	0.182207
161.133	0.183372
161.2	0.171329
161.267	0.128788
161.333	0.142094
161.4	0.119172
161.467	0.0852758
161.533	0.10742
161.6	0.0945998
161.667	0.0788656
161.733	0.0755633
161.8	0.0660451
161.867	0.0537102
161.933	0.0557498
162	0.0579837
162.067	0.136364
162.133	0.0405983
162.2	0.0646853
162.267	0.0673077
162.333	0.106643
162.4	0.119658
162.467	0.120824
162.533	0.149087
162.6	0.154915
162.667	0.150835
162.733	0.17434
162.8	0.170649
162.867	0.169678
162.933	0.177642
163	0.181721
163.067	0.176671
163.133	0.206682
163.2	0.240967
163.267	0.159188
163.333	0.243978
163.4	0.206294
163.467	0.169386
163.533	0.234557
163.6	0.225719
163.667	0.183566
163.733	0.206585
163.8	0.227758
163.867	0.183955
163.933	0.206876
164	0.258256
164.067	0.197067
164.133	0.237956
164.2	0.229895
164.267	0.116162
164.333	0.160645
164.4	0.149476
164.467	0.13277
164.533	0.141803
164.6	0.129176
164.667	0.0870241
164.733	0.1081
164.8	0.0979992
164.867	0.0873155
164.933	0.0863442
165	0.0848873
165.067	0.0897436
165.133	0.107809
165.2	0.112568
165.267	0.107809
165.333	0.108489
165.4	0.0979992
165.467	0.0961538
165.533	0.101204
165.6	0.106061
165.667	0.214452
165.733	0.121309
165.8	0.12228
165.867	0.118395
165.933	0.125
166	0.129759
166.067	0.119075
166.133	0.129662
166.2	0.133741
166.267	0.136849
166.333	0.134421
166.4	0.142968
166.467	0.12568
166.533	0.149961
166.6	0.146173
166.667	0.139957
166.733	0.144134
166.8	0.150253
166.867	0.137141
166.933	0.130245
167	0.13481
167.067	0.116162
167.133	0.152486
167.2	0.161908
167.267	0.127525
167.333	0.16589
167.4	0.191239
167.467	0.182984
167.533	0.207945
167.6	0.221639
167.667	0.229604
167.733	0.243687
167.8	0.261946
167.867	0.25709
167.933	0.25981
168	0.267871
168.067	0.25136
168.133	0.239413
168.2	0.251845
168.267	0.254565
168.333	0.258936
168.4	0.263792
168.467	0.262626
168.533	0.27467
168.6	0.279526
168.667	0.264277
168.733	0.288753
168.8	0.30575
168.867	0.294678
168.933	0.307401
169	0.33751
169.067	0.293901
169.133	0.333819
169.2	0.322747
169.267	0.317696
169.333	0.332168
169.4	0.341006
169.467	0.328671
169.533	0.349068
169.6	0.350622
169.667	0.325078
169.733	0.353535
169.8	0.347902
169.867	0.274961
169.933	0.336927
170	0.319153
170.067	0.240385
170.133	0.296037
170.2	0.277098
170.267	0.198135
170.333	0.241356
170.4	0.226593
170.467	0.143745
170.533	0.202506
170.6	0.187257
170.667	0.35101
170.733	0.16249
170.8	0.149767
170.867	0.103341
170.933	0.129953
171	0.116841
171.067	0.0886752
171.133	0.0941142
171.2	0.0700272
171.267	0.0470085
171.333	0.0480769
171.4	0.0361305
171.467	0.0332168
171.533	0.0276807
171.6	0.0517677
171.667	0.278652
171.733	0.380925
171.8	0.418609
171.867	0.357712
171.933	0.181721
172	0.0901321
172.067	0.262335
172.133	0.34324
172.2	0.267774
172.267	0.25641
172.333	0.528749
172.4	0.205225
172.467	0.504856
172.533	0.227467
172.6	0.492036
172.667	0.097028
172.733	0.182789
172.8	0.518162
172.867	0.280789
172.933	0.461441
173	0.263015
173.067	0.402389
173.133	0.471154
173.2	0.388112
173.267	0.395979
173.333	0.536616
173.4	0.397339
173.467	0.419775
173.533	0.646853
173.6	0.532925
173.667	0.29021
173.733	0.371406
173.8	0.371698
173.867	0.345085
173.933	0.0757576
174	0.600816
174.067	0.187451
174.133	0.283217
174.2	0.346251
174.267	0.422591
174.333	0.259324
174.4	0.334013
174.467	0.2331
174.533	0.378205
174.6	0.326923
174.667	0.336636
174.733	0.369949
174.8	0.178613
174.867	0.0655594
174.933	0.0222416
175	0.041958
175.067	0.0582751
175.133	0.0684732
175.2	0.0855672
175.267	0.0991647
175.333	0.109557
175.4	0.128691
175.467	0.141706
175.533	0.150447
175.6	0.152389
175.667	0.215423
175.733	0.182692
175.8	0.203283
175.867	0.218046
175.933	0.24796
176	0.281566
176.067	0.298757
176.133	0.326437
176.2	0.370338
176.267	0.380245
176.333	0.409479
176.4	0.435606
176.467	0.440851
176.533	0.457653
176.6	0.479798
176.667	0.481352
176.733	0.505439
176.8	0.539239
176.867	0.534382
176.933	0.543901
177	0.549631
177.067	0.548271
177.133	0.568085
177.2	0.598679
177.267	0.556041
177.333	0.608974
177.4	0.602661
177.467	0.532246
177.533	0.598291
177.6	0.59188
177.667	0.531177
177.733	0.575466
177.8	0.596931
177.867	0.509615
177.933	0.596542
178	0.593823
178.067	0.57197
178.133	0.585761
178.2	0.573718
178.267	0.519716
178.333	0.560606
178.4	0.558469
178.467	0.506605
178.533	0.534188
178.6	0.516414
178.667	0.456197
178.733	0.502234
178.8	0.487471
178.867	0.40404
178.933	0.460761
179	0.462218
179.067	0.349942
179.133	0.415016
179.2	0.399573
179.267	0.312743
179.333	0.383256
179.4	0.372475
179.467	0.317696
179.533	0.335179
179.6	0.360625
179.667	0.294775
179.733	0.315074
179.8	0.303322
179.867	0.247183
179.933	0.283508
180	0.277875
180.067	0.221154
180.133	0.228827
180.2	0.221445
180.267	0.229895
180.333	0.207362
180.4	0.221542
180.467	0.180167
180.533	0.197455
180.6	0.180361
180.667	0.33615
180.733	0.168901
180.8	0.152584
180.867	0.124709
180.933	0.146659
181	0.130051
181.067	0.116647
181.133	0.139472
181.2	0.139277
181.267	0.0526418
181.333	0.124709
181.4	0.154235
181.467	0.127234
181.533	0.131216
181.6	0.132673
181.667	0.105089
181.733	0.120338
181.8	0.124806
181.867	0.108683
181.933	0.119949
182	0.161228
182.067	0.166764
182.133	0.193473
182.2	0.137626
182.267	0.185509
182.333	0.251457
182.4	0.192405
182.467	0.194347
182.533	0.205517
182.6	0.209499
182.667	0.185023
182.733	0.217366
182.8	0.197844
182.867	0.198427
182.933	0.190268
183	0.247183
183.067	0.222028
183.133	0.219891
183.2	0.227758
183.267	0.271853
183.333	0.234071
183.4	0.275641
183.467	0.244949
183.533	0.251263
183.6	0.256605
183.667	0.263112
183.733	0.27195
183.8	0.267483
183.867	0.294289
183.933	0.283994
184	0.34188
184.067	0.232615
184.133	0.269814
184.2	0.256702
184.267	0.263403
184.333	0.282343
184.4	0.267288
184.467	0.184926
184.533	0.256702
184.6	0.249029
184.667	0.170843
184.733	0.284382
184.8	0.18648
184.867	0.248543
184.933	0.302933
185	0.225524
185.067	0.265734
185.133	0.213092
185.2	0.290501
185.267	0.286422
185.333	0.265734
185.4	0.232712
185.467	0.172688
185.533	0.184149
185.6	0.173951
185.667	0.406177
185.733	0.114122
185.8	0.299631
185.867	0.247183
185.933	0.282828
186	0.197358
186.067	0.209984
186.133	0.214161
186.2	0.291764
186.267	0.218531
186.333	0.321387
186.4	0.248446
186.467	0.146076
186.533	0.296232
186.6	0.157634
186.667	0.227078
186.733	0.228924
186.8	0.208333
186.867	0.166667
186.933	0.187549
187	0.17939
187.067	0.220183
187.133	0.202506
187.2	0.148116
187.267	0.101496
187.333	0.125
187.4	0.204448
187.467	0.179196
187.533	0.0439977
187.6	0.0899378
187.667	0.184538
187.733	0.222125
187.8	0.172203
187.867	0.111597
187.933	0.252817
188	0.106935
188.067	0.0443862
188.133	0.181721
188.2	0.0627428
188.267	0.0800311
188.333	0.0945027
188.4	0.0358392
188.467	0.256507
188.533	0.0990676
188.6	0.335567
188.667	0.255439
188.733	0.291278
188.8	0.19425
188.867	0.183566
188.933	0.168901
189	0.377622
189.067	0.0874126
189.133	0.079934
189.2	0.13345
189.267	0.133256
189.333	0.1115
189.4	0.134033
189.467	0.131799
189.533	0.0927545
189.6	0.123252
189.667	0.0325369
189.733	0.186577
189.8	0.128497
189.867	0.128982
189.933	0.0966395
190	0.0386558
190.067	0.100427
190.133	0.0636169
190.2	0.111208
190.267	0.0494367
190.333	0.0847902
190.4	0.0848873
190.467	0.0904235
190.533	0.0878011
190.6	0.0675019
190.667	0.254079
190.733	0.10674
190.8	0.111111
190.867	0.152389
190.933	0.136655
191	0.124514
191.067	0.0977078
191.133	0.221348
191.2	0.118978
191.267	0.103535
191.333	0.0813908
191.4	0.125874
191.467	0.138015
191.533	0.108683
191.6	0.116453
191.667	0.0577894
191.733	0.12296
191.8	0.0964452
191.867	0.0726496
191.933	0.083042
192	0.102273
192.067	0.0897436
192.133	0.111888
192.2	0.115773
192.267	0.103924
192.333	0.305264
192.4	0.168998
192.467	0.207945
192.533	0.144425
192.6	0.156954
192.667	0.158702
192.733	0.141997
192.8	0.137044
192.867	0.142968
192.933	0.159479
193	0.121115
193.067	0.131993
193.133	0.153943
193.2	0.133936
193.267	0.134421
193.333	0.164336
193.4	0.153555
193.467	0.111014
193.533	0.141317
193.6	0.124417
193.667	0.12364
193.733	0.100913
193.8	0.157634
193.867	0.136752
193.933	0.123252
194	0.420746
194.067	0.14054
194.133	0.123349
194.2	0.149476
194.267	0.121503
194.333	0.176671
194.4	0.160548
194.467	0.17366
194.533	0.156566
194.6	0.156663
194.667	0.156663
194.733	0.212315
194.8	0.106449
194.867	0.134713
194.933	0.192599
195	0.106061
195.067	0.150835
195.133	0.0723582
195.2	0.131507
195.267	0.117133
195.333	0.146076
195.4	0.0448718
195.467	0.0526418
195.533	0.132284
195.6	0.0308858
195.667	0.125291
195.733	0.190365
195.8	0.11519
195.867	0.155012
195.933	0.175408
196	0.117133
196.067	0.184829
196.133	0.103827
196.2	0.0955711
196.267	0.144814
196.333	0.129079
196.4	0.103244
196.467	0.128982
196.533	0.141317
196.6	0.142191
196.667	0.166278
196.733	0.163947
196.8	0.19493
196.867	0.213287
196.933	0.177253
197	0.147242
197.067	0.194833
197.133	0.186772
197.2	0.154817
197.267	0.322941
197.333	0.399767
197.4	0.193085
197.467	0.262044
197.533	0.207168
197.6	0.200078
197.667	0.267774
197.733	0.183858
197.8	0.309246
197.867	0.274476
197.933	0.208333
198	0.206876
198.067	0.233003
198.133	0.284771
198.2	0.237179
198.267	0.33547
198.333	0.282051
198.4	0.295066
198.467	0.30507
198.533	0.242036
198.6	0.276904
198.667	0.237859
198.733	0.271853
198.8	0.320124
198.867	0.342754
198.933	0.31488
199	0.54458
199.067	0.315754
199.133	0.311577
199.2	0.364219
199.267	0.348873
199.333	0.360431
199.4	0.351399
199.467	0.374611
199.533	0.350427
199.6	0.365385
199.667	0.418221
199.733	0.358197
199.8	0.380828
199.867	0.328089
199.933	0.343629
200	0.395979
200.067	0.494075
200.133	0.350719
200.2	0.392871
200.267	0.367521
200.333	0.41249
200.4	0.411519
200.467	0.472319
200.533	0.465423
200.6	0.463287
200.667	0.58547
200.733	0.41521
200.8	0.457071
200.867	0.54934
200.933	0.496503
201	0.466783
201.067	0.425117
201.133	0.386461
201.2	0.499611
201.267	0.469503
201.333	0.428904
201.4	0.400447
201.467	0.423077
201.533	0.333625
201.6	0.387723
201.667	0.421523
201.733	0.338092
201.8	0.337704
201.867	0.330225
201.933	0.271756
202	0.347319
202.067	0.329351
202.133	0.371406
202.2	0.387141
202.267	0.408508
202.333	0.504274
202.4	0.364899
202.467	0.261461
202.533	0.370435
202.6	0.375291
202.667	0.313714
202.733	0.366939
202.8	0.3919
202.867	0.205517
202.933	0.33343
203	0.349359
203.067	0.270105
203.133	0.285451
203.2	0.30711
203.267	0.208625
203.333	0.340035
203.4	0.373737
203.467	0.212607
203.533	0.249806
203.6	0.223193
203.667	0.199786
203.733	0.207653
203.8	0.224553
203.867	0.211053
203.933	0.210373
204	0.413267
204.067	0.29594
204.133	0.201826
204.2	0.261849
204.267	0.260878
204.333	0.255439
204.4	0.252622
204.467	0.330031
204.533	0.270105
204.6	0.293124
204.667	0.333819
204.733	0.332945
204.8	0.353827
204.867	0.303807
204.933	0.336927
205	0.388889
205.067	0.343434
205.133	0.346834
205.2	0.346834
205.267	0.290598
205.333	0.37704
205.4	0.285354
205.467	0.263015
205.533	0.289724
205.6	0.285742
205.667	0.48174
205.733	0.339258
205.8	0.287102
205.867	0.393065
205.933	0.342657
206	0.310412
206.067	0.392871
206.133	0.298563
206.2	0.244075
206.267	0.294775
206.333	0.292347
206.4	0.299437
206.467	0.344697
206.533	0.287879
206.6	0.306527
206.667	0.244075
206.733	0.290695
206.8	0.277195
206.867	0.261364
206.933	0.311577
207	0.294289
207.067	0.244367
207.133	0.334499
207.2	0.286422
207.267	0.205128
207.333	0.232323
207.4	0.238831
207.467	0.213869
207.533	0.247475
207.6	0.108683
207.667	0.292832
207.733	0.18852
207.8	0.177642
207.867	0.227855
207.933	0.305264
208	0.192211
208.067	0.208819
208.133	0.132284
208.2	0.23582
208.267	0.196678
208.333	0.0944056
208.4	0.176282
208.467	0.219211
208.533	0.239025
208.6	0.192016
208.667	0.328089
208.733	0.22397
208.8	0.159965
208.867	0.193182
208.933	0.20202
209	0.289821
209.067	0.269425
209.133	0.1385
209.2	0.153652
209.267	0.13141
209.333	0.132867
209.4	0.0786713
209.467	0.0693473
209.533	0.143648
209.6	0.132867
209.667	0.172688
209.733	0.183664
209.8	0.228438
209.867	0.243298
209.933	0.184829
210	0.148213
210.067	0.249806
210.133	0.121309
210.2	0.158897
210.267	0.156177
210.333	0.127525
210.4	0.148893
210.467	0.153458
210.533	0.193959
210.6	0.152001
210.667	0.500097
210.733	0.0591492
210.8	0.101301
210.867	0.135587
210.933	0.165987
211	0.165695
211.067	0.0901321
211.133	0.0881896
211.2	0.115093
211.267	0.136849
211.333	0.131313
211.4	0.185023
211.467	0.221542
211.533	0.21115
211.6	0.17162
211.667	0.185703
211.733	0.194347
211.8	0.188811
211.867	0.211344
211.933	0.186189
212	0.195901
212.067	0.198718
212.133	0.129274
212.2	0.145202
212.267	0.102661
212.333	0.376845
212.4	0.233197
212.467	0.297786
212.533	0.172591
212.6	0.289141
212.667	0.0564297
212.733	0.245629
212.8	0.136655
212.867	0.0772145
212.933	0.19357
213	0.106061
213.067	0.202797
213.133	0.230381
213.2	0.249223
213.267	0.280206
213.333	0.331974
213.4	0.149573
213.467	0.194153
213.533	0.202797
213.6	0.226593
213.667	0.144814
213.733	0.245629
213.8	0.26418
213.867	0.270202
213.933	0.137529
214	0.36451
214.067	0.428322
214.133	0.381896
214.2	0.229895
214.267	0.283897
214.333	0.232809
214.4	0.319153
214.467	0.463675
214.533	0.323427
214.6	0.224553
214.667	0.192988
214.733	0.112665
214.8	0.0957653
214.867	0.141317
214.933	0.0769231
215	0.0983877
215.067	0.125777
215.133	0.111111
215.2	0.0819736
215.267	0.161519
215.333	0.158217
215.4	0.123057
215.467	0.0686674
215.533	0.0485625
215.6	0.112568
215.667	0.520008
215.733	0.24359
215.8	0.104118
215.867	0.11451
215.933	0.155109
216	0.124029
216.067	0.201535
216.133	0.134518
216.2	0.242521
216.267	0.386364
216.333	0.084596
216.4	0.177156
216.467	0.135684
216.533	0.118978
216.6	0.157828
216.667	0.263695
216.733	0.14122
216.8	0.143842
216.867	0.10101
216.933	0.111888
217	0.0759518
217.067	0.0988733
217.133	0.174728
217.2	0.102758
217.267	0.0282634
217.333	0.166958
217.4	0.029526
217.467	0.128205
217.533	0.0157343
217.6	0.0996503
217.667	0.0823621
217.733	0.0501166
217.8	0.204643
217.867	0.0625486
217.933	0.0296232
218	0.0477855
218.067	0.0920746
218.133	0.0831391
218.2	0.16249
218.267	0.0219503
218.333	0.0600233
218.4	0.146562
218.467	0.290113
218.533	0.153555
218.6	0.135392
218.667	0.119172
218.733	0.0930458
218.8	0.0534188
218.867	0.155497
218.933	0.204157
219	0.271853
219.067	0.257382
219.133	0.040404
219.2	0.0344794
219.267	0.0417638
219.333	0.0633256
219.4	0.202506
219.467	0.0854701
219.533	0.0717754
219.6	0.0486597
219.667	0.0945998
219.733	0.0398213
219.8	0.0246698
219.867	0.0337024
219.933	0.0729409
220	0.111111
220.067	0.261267
220.133	0.191045
220.2	0.215715
220.267	0.185509
220.333	0.144911
220.4	0.153943
220.467	0.0917832
220.533	0.129371
220.6	0.1419
220.667	0.228244
220.733	0.114899
220.8	0.133838
220.867	0.158605
220.933	0.177253
221	0.173563
221.067	0.10946
221.133	0.21115
221.2	0.130342
221.267	0.106643
221.333	0.0763403
221.4	0.109848
221.467	0.152292
221.533	0.131702
221.6	0.0943085
221.667	0.144134
221.733	0.161519
221.8	0.178904
221.867	0.125874
221.933	0.126651
222	0.120338
222.067	0.196193
222.133	0.176671
222.2	0.144911
222.267	0.157051
222.333	0.187937
222.4	0.126943
222.467	0.171037
222.533	0.121309
222.6	0.0723582
222.667	0.172106
222.733	0.076826
222.8	0.131216
222.867	0.118493
222.933	0.115773
223	0.100039
223.067	0.143357
223.133	0.136655
223.2	0.176865
223.267	0.187354
223.333	0.0897436
223.4	0.135392
223.467	0.108586
223.533	0.109654
223.6	0.0686674
223.667	0.0492424
223.733	0.0883838
223.8	0.1081
223.867	0.0997475
223.933	0.107906
224	0.272727
224.067	0.202117
224.133	0.155206
224.2	0.154138
224.267	0.0995532
224.333	0.131896
224.4	0.0881896
224.467	0.154817
224.533	0.107323
224.6	0.0741064
224.667	0.0797397
224.733	0.118881
224.8	0.108392
224.867	0.161033
224.933	0.0887723
225	0.10305
225.067	0.168318
225.133	0.0786713
225.2	0.124029
225.267	0.0973193
225.333	0.183761
225.4	0.0828477
225.467	0.202506
225.533	0.0608974
225.6	0.0800311
225.667	0.27263
225.733	0.453866
225.8	0.241259
225.867	0.41385
225.933	0.343434
226	0.177059
226.067	0.207071
226.133	0.0790598
226.2	0.160451
226.267	0.130439
226.333	0.0258353
226.4	0.171232
226.467	0.0329254
226.533	0.251554
226.6	0.224845
226.667	0.182692
226.733	0.093143
226.8	0.119561
226.867	0.231061
226.933	0.0683761
227	0.142288
227.067	0.146173
227.133	0.145688
227.2	0.209402
227.267	0.197455
227.333	0.497669
227.4	0.327409
227.467	0.3446
227.533	0.305264
227.6	0.263015
227.667	0.16317
227.733	0.133644
227.8	0.288753
227.867	0.185509
227.933	0.307595
228	0.238539
228.067	0.2331
228.133	0.338772
228.2	0.261169
228.267	0.166861
228.333	0.196873
228.4	0.245532
228.467	0.225524
228.533	0.179876
228.6	0.173563
228.667	0.16589
228.733	0.275447
228.8	0.200563
228.867	0.319736
228.933	0.356158
229	0.502914
229.067	0.331002
229.133	0.239996
229.2	0.356061
229.267	0.230186
229.333	0.16317
229.4	0.446873
229.467	0.209207
229.533	0.234557
229.6	0.175699
229.667	0.157537
229.733	0.123737
229.8	0.0534188
229.867	0.0670163
229.933	0.0669192
230	0.13141
230.067	0.192599
230.133	0.128691
230.2	0.131507
230.267	0.235528
230.333	0.288656
230.4	0.13549
230.467	0.366453
230.533	0.310315
230.6	0.190074
230.667	0.367133
230.733	0.306915
230.8	0.190268
230.867	0.378011
230.933	0.353535
231	0.322747
231.067	0.2973
231.133	0.321096
231.2	0.2365
231.267	0.289821
231.333	0.229507
231.4	0.3446
231.467	0.258061
231.533	0.251457
231.6	0.296037
231.667	0.206488
231.733	0.163656
231.8	0.185897
231.867	0.034965
231.933	0.255245
232	0.242327
232.067	0.214161
232.133	0.0470085
232.2	0.0247669
232.267	0.157731
232.333	0.294192
232.4	0.203477
232.467	0.252428
232.533	0.25981
232.6	0.135004
232.667	0.395591
232.733	0.111888
232.8	0.0910062
232.867	0.265054
232.933	0.434149
233	0.106643
233.067	0.170552
233.133	0.425699
233.2	0.206779
233.267	0.21824
233.333	0.285062
233.4	0.0960567
233.467	0.180944
233.533	0.128594
233.6	0.0905206
233.667	0.113151
233.733	0.0490482
233.8	0.0596348
233.867	0.0692502
233.933	0.0670163
234	0.46115
234.067	0.145785
234.133	0.294969
234.2	0.286033
234.267	0.264277
234.333	0.244852
234.4	0.38918
234.467	0.198232
234.533	0.290501
234.6	0.296814
234.667	0.304779
234.733	0.237471
234.8	0.28817
234.867	0.20406
234.933	0.327409
235	0.0781857
235.067	0.152778
235.133	0.173271
235.2	0.164044
235.267	0.0670163
235.333	0.262529
235.4	0.150932
235.467	0.266026
235.533	0.0665307
235.6	0.0585664
235.667	0.467657
235.733	0.0929487
235.8	0.255536
235.867	0.311092
235.933	0.308469
236	0.119755
236.067	0.22669
236.133	0.468629
236.2	0.0395299
236.267	0.335956
236.333	0.445416
236.4	0.378108
236.467	0.260684
236.533	0.136849
236.6	0.241162
236.667	0.241841
236.733	0.173563
236.8	0.186966
236.867	0.138792
236.933	0.321387
237	0.128594
237.067	0.184246
237.133	0.199204
237.2	0.230284
237.267	0.266317
237.333	0.359071
237.4	0.229215
237.467	0.272242
237.533	0.270493
237.6	0.219211
237.667	0.37636
237.733	0.293221
237.8	0.344697
237.867	0.218726
237.933	0.36082
238	0.256216
238.067	0.346639
238.133	0.0911033
238.2	0.337607
238.267	0.262821
238.333	0.238442
238.4	0.259907
238.467	0.256993
238.533	0.266123
238.6	0.225816
238.667	0.234169
238.733	0.234848
238.8	0.0525447
238.867	0.027972
238.933	0.0434149
239	0.089258
239.067	0.045843
239.133	0.0272922
239.2	0.112374
239.267	0.0558469
239.333	0.229409
239.4	0.0804196
239.467	0.243007
239.533	0.162685
239.6	0.270688
239.667	0.517774
239.733	0.295357
239.8	0.26758
239.867	0.310315
239.933	0.250971
240	0.0999417
240.067	0.335373
240.133	0.276321
240.2	0.234071
240.267	0.114802
240.333	0.200272
240.4	0.286325
240.467	0.0742036
240.533	0.0844017
240.6	0.350816
240.667	0.110043
240.733	0.0867327
240.8	0.25204
240.867	0.0593434
240.933	0.107323
241	0.0555556
241.067	0.121406
241.133	0.137044
241.2	0.0986791
241.267	0.416375
241.333	0.143162
241.4	0.128399
241.467	0.154235
241.533	0.198038
241.6	0.120921
241.667	0.160256
241.733	0.13209
241.8	0.120338
241.867	0.140054
241.933	0.0748834
242	0.133936
242.067	0.109946
242.133	0.0679876
242.2	0.108392
242.267	0.101107
242.333	0.0612859
242.4	0.133936
242.467	0.0714841
242.533	0.113539
242.6	0.116841
242.667	0.0947941
242.733	0.111985
242.8	0.0678904
242.867	0.0600233
242.933	0.14831
243	0.0512821
243.067	0.0702214
243.133	0.0942113
243.2	0.105769
243.267	0.0728438
243.333	0.0852758
243.4	0.0848873
243.467	0.112179
243.533	0.0904235
243.6	0.0998446
243.667	0.0644911
243.733	0.0414724
243.8	0.0874126
243.867	0.0592463
243.933	0.0781857
244	0.079934
244.067	0.0587607
244.133	0.0551671
244.2	0.0650738
244.267	0.0543901
244.333	0.0669192
244.4	0.0608974
244.467	0.0995532
244.533	0.0997475
244.6	0.234169
244.667	0.0871212
244.733	0.0940171
244.8	0.0963481
244.867	0.0795455
244.933	0.0744949
245	0.0737179
245.067	0.0571096
245.133	0.0901321
245.2	0.112665
245.267	0.0652681
245.333	0.0766317
245.4	0.105963
245.467	0.0712898
245.533	0.049728
245.6	0.0886752
245.667	0.041958
245.733	0.0502137
245.8	0.04662
245.867	0.0383644
245.933	0.0660451
246	0.157634
246.067	0.0325369
246.133	0.090812
246.2	0.0629371
246.267	0.411616
246.333	0.181624
246.4	0.125097
246.467	0.157051
246.533	0.103924
246.6	0.0530303
246.667	0.0476884
246.733	0.101981
246.8	0.0472999
246.867	0.135684
246.933	0.196484
247	0.223776
247.067	0.174437
247.133	0.13345
247.2	0.125777
247.267	0.118395
247.333	0.11014
247.4	0.173465
247.467	0.211927
247.533	0.0734266
247.6	0.096251
247.667	0.0659479
247.733	0.124514
247.8	0.109654
247.867	0.10237
247.933	0.471834
248	0.0984848
248.067	0.090812
248.133	0.187451
248.2	0.110723
248.267	0.142094
248.333	0.126748
248.4	0.124029
248.467	0.090035
248.533	0.101107
248.6	0.187937
248.667	0.087704
248.733	0.13141
248.8	0.140054
248.867	0.137432
248.933	0.118978
249	0.156954
249.067	0.106546
249.133	0.105769
249.2	0.0833333
249.267	0.149184
249.333	0.105478
249.4	0.138889
249.467	0.110917
249.533	0.153166
249.6	0.428127
249.667	0.139763
249.733	0.191628
249.8	0.152195
249.867	0.161131
249.933	0.221445
250	0.122475
250.067	0.220183
250.133	0.140443
250.2	0.139375
250.267	0.100622
250.333	0.0600233
250.4	0.121892
250.467	0.160645
250.533	0.0797397
250.6	0.107906
250.667	0.088481
250.733	0.148213
250.8	0.0292347
250.867	0.131022
250.933	0.109363
251	0.0369075
251.067	0.0646853
251.133	0.0367133
251.2	0.0582751
251.267	0.114025
251.333	0.0464258
251.4	0.0887723
251.467	0.0376845
251.533	0.106838
251.6	0.0911033
251.667	0.0485625
251.733	0.0715812
251.8	0.0859557
251.867	0.11587
251.933	0.0626457
252	0.0674048
252.067	0.079157
252.133	0.123155
252.2	0.12636
252.267	0.0958625
252.333	0.138112
252.4	0.165404
252.467	0.168026
252.533	0.112762
252.6	0.0914918
252.667	0.0610917
252.733	0.0855672
252.8	0.120241
252.867	0.0642968
252.933	0.528166
253	0.206876
253.067	0.14831
253.133	0.132382
253.2	0.174728
253.267	0.13345
253.333	0.142094
253.4	0.166958
253.467	0.156663
253.533	0.154817
253.6	0.151127
253.667	0.17803
253.733	0.159285
253.8	0.172688
253.867	0.125583
253.933	0.212218
254	0.245629
254.067	0.148407
254.133	0.231255
254.2	0.228341
254.267	0.0955711
254.333	0.124806
254.4	0.175505
254.467	0.0102953
254.533	0.115482
254.6	0.324009
254.667	0.219406
254.733	0.0540987
254.8	0.183469
254.867	0.183372
254.933	0.029526
255	0.313228
255.067	0.032634
255.133	0.211733
255.2	0.149378
255.267	0.0742036
255.333	0.0901321
255.4	0.132867
255.467	0.0325369
255.533	0.0428322
255.6	0.102758
255.667	0.168124
255.733	0.0293318
255.8	0.246892
255.867	0.0397242
255.933	0.0743007
256	0.215423
256.067	0.01554
256.133	0.106061
256.2	0.0475913
256.267	0.408702
256.333	0.158605
256.4	0.303419
256.467	0.0728438
256.533	0.0980963
256.6	0.161325
256.667	0.106935
256.733	0.14695
256.8	0.118687
256.867	0.100816
256.933	0.114316
257	0.241356
257.067	0.0324398
257.133	0.0662393
257.2	0.290307
257.267	0.0588578
257.333	0.137626
257.4	0.146173
257.467	0.122183
257.533	0.0779915
257.6	0.0177739
257.667	0.169192
257.733	0.155886
257.8	0.114025
257.867	0.0631313
257.933	0.225039
258	0.0850816
258.067	0.259907
258.133	0.187937
258.2	0.355478
258.267	0.168221
258.333	0.10237
258.4	0.182595
258.467	0.0949883
258.533	0.0540016
258.6	0.0729409
258.667	0.194347
258.733	0.202603
258.8	0.105866
258.867	0.0721639
258.933	0.104604
259	0.315559
259.067	0.140249
259.133	0.188908
259.2	0.14122
259.267	0.301476
259.333	0.147242
259.4	0.367036
259.467	0.141123
259.533	0.0440948
259.6	0.293026
259.667	0.0583722
259.733	0.0480769
259.8	0.0564297
259.867	0.0403069
259.933	0.0724553
260	0.0532246
260.067	0.0780886
260.133	0.0840132
260.2	0.0824592
260.267	0.0445804
260.333	0.126943
260.4	0.153555
260.467	0.141803
260.533	0.186092
260.6	0.305653
260.667	0.0844988
260.733	0.21183
260.8	0.104507
260.867	0.144425
260.933	0.128108
261	0.209693
261.067	0.15035
261.133	0.181527
261.2	0.0802253
261.267	0.365287
261.333	0.0912005
261.4	0.0977078
261.467	0.192405
261.533	0.0788656
261.6	0.229215
261.667	0.0936286
261.733	0.0703186
261.8	0.0730381
261.867	0.0773116
261.933	0.0550699
262	0.0557498
262.067	0.049728
262.133	0.0539044
262.2	0.207362
262.267	0.0421523
262.333	0.0278749
262.4	0.0694444
262.467	0.0422494
262.533	0.142094
262.6	0.0486597
262.667	0.0502137
262.733	0.0581779
262.8	0.0337995
262.867	0.040404
262.933	0.241939
263	0.131702
263.067	0.0804196
263.133	0.0998446
263.2	0.334693
263.267	0.2635
263.333	0.0879953
263.4	0.208042
263.467	0.10373
263.533	0.348193
263.6	0.0964452
263.667	0.188617
263.733	0.133838
263.8	0.165016
263.867	0.0662393
263.933	0.0810995
264	0.0629371
264.067	0.0542929
264.133	0.0316628
264.2	0.0469114
264.267	0.0305944
264.333	0.0377817
264.4	0.0213675
264.467	0.0448718
264.533	0.0243784
264.6	0.28176
264.667	0.421329
264.733	0.43211
264.8	0.266511
264.867	0.190559
264.933	0.163753
265	0.286033
265.067	0.131313
265.133	0.205905
265.2	0.0462315
265.267	0.010878
265.333	0.0658508
265.4	0.0283605
265.467	0.0393357
265.533	0.0428322
265.6	0.0587607
265.667	0.0647824
265.733	0.0387529
265.8	0.0522533
265.867	0.0290404
265.933	0.0535159
266	0.0461344
266.067	0.0708042
266.133	0.175505
266.2	0.142968
266.267	0.512918
266.333	0.338287
266.4	0.398893
266.467	0.279138
266.533	0.164239
266.6	0.353147
266.667	0.199592
266.733	0.15676
266.8	0.11519
266.867	0.0418609
266.933	0.111111
267	0.0339938
267.067	0.0963481
267.133	0.110237
267.2	0.184149
267.267	0.154526
267.333	0.297786
267.4	0.134421
267.467	0.093143
267.533	0.14967
267.6	0.0714841
267.667	0.152584
267.733	0.188034
267.8	0.0787685
267.867	0.0520591
267.933	0.178127
268	0.0215618
268.067	0.026418
268.133	0.0343823
268.2	0.0214646
268.267	0.0522533
268.333	0.0478827
268.4	0.0512821
268.467	0.0370047
268.533	0.0488539
268.6	0.0641997
268.667	0.0829448
268.733	0.0371018
268.8	0.0367133
268.867	0.0339938
268.933	0.042735
269	0.037296
269.067	0.0588578
269.133	0.0467172
269.2	0.0493395
269.267	0.0417638
269.333	0.0591492
269.4	0.109363
269.467	0.0418609
269.533	0.0687646
269.6	0.303419
269.667	0.0695416
269.733	0.435023
269.8	0.197552
269.867	0.198524
269.933	0.472708
270	0.285354
270.067	0.178322
270.133	0.280886
270.2	0.176476
270.267	0.287005
270.333	0.160645
270.4	0.190948
270.467	0.216395
270.533	0.0500194
270.6	0.181624
270.667	0.0465229
270.733	0.114025
270.8	0.0564297
270.867	0.114705
270.933	0.081488
271	0.0691531
271.067	0.0620629
271.133	0.013209
271.2	0.0237956
271.267	0.252331
271.333	0.0646853
271.4	0.128982
271.467	0.0872183
271.533	0.0983877
271.6	0.0705128
271.667	0.0959596
271.733	0.183469
271.8	0.111888
271.867	0.182401
271.933	0.156469
272	0.090812
272.067	0.0603147
272.133	0.159868
272.2	0.0686674
272.267	0.0111694
272.333	0.111402
272.4	0.0304973
272.467	0.0325369
272.533	0.201437
272.6	0.0562354
272.667	0.0452603
272.733	0.143454
272.8	0.0480769
272.867	0.172591
272.933	0.180556
273	0.182692
273.067	0.385878
273.133	0.373349
273.2	0.0733294
273.267	0.205128
273.333	0.195027
273.4	0.192016
273.467	0.196193
273.533	0.23582
273.6	0.0918803
273.667	0.180167
273.733	0.255925
273.8	0.297883
273.867	0.182887
273.933	0.273407
274	0.323427
274.067	0.209402
274.133	0.241259
274.2	0.165695
274.267	0.143551
274.333	0.0889666
274.4	0.232129
274.467	0.146465
274.533	0.217949
274.6	0.299437
274.667	0.137529
274.733	0.155206
274.8	0.0362277
274.867	0.142774
274.933	0.203089
275	0.0911033
275.067	0.0759518
275.133	0.0561383
275.2	0.018648
275.267	0.0805167
275.333	0.129176
275.4	0.0549728
275.467	0.223096
275.533	0.13345
275.6	0.143842
275.667	0.0439005
275.733	0.246309
275.8	0.146853
275.867	0.254759
275.933	0.0864413
276	0.272145
276.067	0.143454
276.133	0.3142
276.2	0.300117
276.267	0.45406
276.333	0.363248
276.4	0.183858
276.467	0.301476
276.533	0.21824
276.6	0.236111
276.667	0.294872
276.733	0.377428
276.8	0.26486
276.867	0.280886
276.933	0.231352
277	0.338578
277.067	0.127525
277.133	0.375874
277.2	0.304487
277.267	0.274281
277.333	0.0793512
277.4	0.299631
277.467	0.323232
277.533	0.236694
277.6	0.246795
277.667	0.363733
277.733	0.143648
277.8	0.311189
277.867	0.368104
277.933	0.350816
278	0.219308
278.067	0.21756
278.133	0.175699
278.2	0.294095
278.267	0.214064
278.333	0.185509
278.4	0.240579
278.467	0.237762
278.533	0.273407
278.6	0.209887
278.667	0.233489
278.733	0.176088
278.8	0.292152
278.867	0.226884
278.933	0.228244
279	0.236791
279.067	0.25272
279.133	0.159479
279.2	0.22465
279.267	0.266997
279.333	0.287976
279.4	0.257382
279.467	0.214841
279.533	0.199106
279.6	0.301282
279.667	0.267094
279.733	0.235917
279.8	0.168901
279.867	0.242133
279.933	0.300602
280	0.296426
280.067	0.361888
280.133	0.291084
280.2	0.347902
280.267	0.249514
280.333	0.315268
280.4	0.576632
280.467	0.506507
280.533	0.364802
280.6	0.445027
280.667	0.434926
280.733	0.45911
280.8	0.547203
280.867	0.333042
280.933	0.466395
281	0.448524
281.067	0.442308
281.133	0.527875
281.2	0.409382
281.267	0.521853
281.333	0.602661
281.4	0.589938
281.467	0.533411
281.533	0.370532
281.6	0.65676
281.667	0.667249
281.733	0.581391
281.8	0.457653
281.867	0.523601
281.933	0.0536131
282	0.266608
282.067	0.600719
282.133	0.278263
282.2	0.359363
282.267	0.68007
282.333	0.474165
282.4	0.594211
282.467	0.570998
282.533	0.530692
282.6	0.799728
282.667	0.777681
282.733	0.617618
282.8	0.675019
282.867	0.820124
282.933	0.374223
283	0.793026
283.067	0.82906
283.133	0.233392
283.2	0.817793
283.267	0.804779
283.333	0.519814
283.4	0.787393
283.467	0.782343
283.533	0.422106
283.6	0.709984
283.667	0.903263
283.733	0.668998
283.8	0.853535
283.867	0.925699
283.933	0.681138
284	0.937646
284.067	0.797883
284.133	0.753788
284.2	0.952506
284.267	0.951729
284.333	0.787685
284.4	0.895882
284.467	0.945707
284.533	0.502622
284.6	0.952214
284.667	0.897436
284.733	0.761169
284.8	0.89326
284.867	0.933566
284.933	0.887626
285	0.933955
285.067	0.912005
285.133	0.838384
285.2	0.919192
285.267	0.945513
285.333	0.54934
285.4	0.894911
285.467	0.866356
285.533	0.839938
285.6	0.948329
285.667	0.89899
285.733	0.796426
285.8	0.944153
285.867	0.969697
285.933	0.584984
286	0.901612
286.067	0.967075
286.133	0.789044
286.2	0.948621
286.267	0.936966
286.333	0.780497
286.4	0.955517
286.467	0.960179
286.533	0.271173
286.6	0.953866
286.667	0.93211
286.733	0.863636
286.8	0.939588
286.867	0.93716
286.933	0.830031
287	0.921911
287.067	0.891803
287.133	0.590618
287.2	0.961247
287.267	0.91958
287.333	0.809829
287.4	0.956099
287.467	0.875194
287.533	0.819736
287.6	0.893162
287.667	0.96115
287.733	0.815657
287.8	0.939491
287.867	0.907246
287.933	0.894814
288	0.956876
288.067	0.940074
288.133	0.739025
288.2	0.954157
288.267	0.887141
288.333	0.831876
288.4	0.937257
288.467	0.950952
288.533	0.70202
288.6	0.949106
288.667	0.878205
288.733	0.850913
288.8	0.942502
288.867	0.87772
288.933	0.852758
289	0.930264
289.067	0.92162
289.133	0.814103
289.2	0.92298
289.267	0.84256
289.333	0.685412
289.4	0.849068
289.467	0.933275
289.533	0.661519
289.6	0.91521
289.667	0.931138
289.733	0.751845
289.8	0.940851
289.867	0.913073
289.933	0.885878
290	0.960956
290.067	0.942113
290.133	0.843823
290.2	0.961538
290.267	0.901418
290.333	0.837315
290.4	0.903846
290.467	0.91385
290.533	0.813811
290.6	0.94629
290.667	0.913462
290.733	0.766997
290.8	0.928419
290.867	0.942113
290.933	0.755439
291	0.933469
291.067	0.89831
291.133	0.763209
291.2	0.914336
291.267	0.911325
291.333	0.806235
291.4	0.971834
291.467	0.88986
291.533	0.717075
291.6	0.952603
291.667	0.80643
291.733	0.818182
291.8	0.955128
291.867	0.864316
291.933	0.840035
292	0.939977
292.067	0.879079
292.133	0.728244
292.2	0.846639
292.267	0.889083
292.333	0.645882
292.4	0.890831
292.467	0.885878
292.533	0.477564
292.6	0.939782
292.667	0.944639
292.733	0.847902
292.8	0.916764
292.867	0.948038
292.933	0.825078
293	0.949786
293.067	0.857615
293.133	0.799728
293.2	0.885975
293.267	0.897727
293.333	0.763015
293.4	0.883256
293.467	0.860043
293.533	0.750097
293.6	0.898407
293.667	0.874806
293.733	0.833528
293.8	0.905109
293.867	0.888986
293.933	0.628788
294	0.888889
294.067	0.881799
294.133	0.855963
294.2	0.892385
294.267	0.880925
294.333	0.653361
294.4	0.8885
294.467	0.832848
294.533	0.671232
294.6	0.883936
294.667	0.84256
294.733	0.845085
294.8	0.897922
294.867	0.923174
294.933	0.75845
295	0.947455
295.067	0.887432
295.133	0.840326
295.2	0.933275
295.267	0.951729
295.333	0.754371
295.4	0.950369
295.467	0.926282
295.533	0.817988
295.6	0.901515
295.667	0.9088
295.733	0.85878
295.8	0.855089
295.867	0.890054
295.933	0.79526
296	0.791861
296.067	0.932304
296.133	0.720571
296.2	0.887723
296.267	0.917347
296.333	0.801573
296.4	0.895008
296.467	0.890054
296.533	0.80575
296.6	0.902292
296.667	0.922203
296.733	0.775835
296.8	0.927059
296.867	0.902681
296.933	0.788947
297	0.914044
297.067	0.93075
297.133	0.841783
297.2	0.90472
297.267	0.898699
297.333	0.814685
297.4	0.945901
297.467	0.924631
297.533	0.812354
297.6	0.933955
297.667	0.900738
297.733	0.798077
297.8	0.909091
297.867	0.885004
297.933	0.826632
298	0.907246
298.067	0.943473
298.133	0.851496
298.2	0.900641
298.267	0.92871
298.333	0.82197
298.4	0.956099
298.467	0.883353
298.533	0.771368
298.6	0.863248
298.667	0.936772
298.733	0.863345
298.8	0.930944
298.867	0.908702
298.933	0.569833
299	0.920746
299.067	0.87364
299.133	0.833333
299.2	0.878399
299.267	0.902389
299.333	0.689491
299.4	0.910645
299.467	0.859363
299.533	0.812646
299.6	0.907246
299.667	0.910354
299.733	0.787393
299.8	0.871989
299.867	0.906371
299.933	0.8142
300	0.838967
300.067	0.903263
300.133	0.729021
300.2	0.919192
300.267	0.895785
300.333	0.663073
300.4	0.942211
300.467	0.927933
300.533	0.773601
300.6	0.889375
300.667	0.911519
300.733	0.845085
300.8	0.898213
300.867	0.935995
300.933	0.8412
301	0.915598
301.067	0.920357
301.133	0.802059
301.2	0.933664
301.267	0.975622
301.333	0.842949
301.4	0.948135
301.467	0.943376
301.533	0.690851
301.6	0.915113
301.667	0.932304
301.733	0.830322
301.8	0.931721
301.867	0.911228
301.933	0.872669
302	0.924437
302.067	0.905692
302.133	0.739316
302.2	0.86587
302.267	0.888889
302.333	0.693182
302.4	0.877817
302.467	0.858294
302.533	0.775932
302.6	0.863539
302.667	0.882673
302.733	0.762626
302.8	0.886752
302.867	0.86655
302.933	0.871503
303	0.799825
303.067	0.883644
303.133	0.689491
303.2	0.847514
303.267	0.902486
303.333	0.796814
303.4	0.911228
303.467	0.917444
303.533	0.880148
303.6	0.932789
303.667	0.952506
303.733	0.778458
303.8	0.916181
303.867	0.908605
303.933	0.787976
304	0.918415
304.067	0.925117
304.133	0.89899
304.2	0.938034
304.267	0.913462
304.333	0.779817
304.4	0.921426
304.467	0.897727
304.533	0.876943
304.6	0.899864
304.667	0.931333
304.733	0.764277
304.8	0.942308
304.867	0.89054
304.933	0.744658
305	0.920357
305.067	0.840229
305.133	0.757867
305.2	0.897922
305.267	0.881119
305.333	0.7635
305.4	0.909771
305.467	0.90035
305.533	0.75204
305.6	0.888015
305.667	0.875
305.733	0.712995
305.8	0.902681
305.867	0.873737
305.933	0.814491
306	0.865385
306.067	0.888403
306.133	0.811092
306.2	0.837218
306.267	0.88141
306.333	0.571096
306.4	0.867813
306.467	0.895493
306.533	0.77399
306.6	0.856643
306.667	0.873252
306.733	0.582556
306.8	0.857906
306.867	0.854701
306.933	0.732906
307	0.837121
307.067	0.816822
307.133	0.755633
307.2	0.811577
307.267	0.75709
307.333	0.740676
307.4	0.792444
307.467	0.77331
307.533	0.618007
307.6	0.514666
307.667	0.758353
307.733	0.686869
307.8	0.729992
307.867	0.74291
307.933	0.552059
308	0.722514
308.067	0.725233
308.133	0.70843
308.2	0.721542
308.267	0.692308
308.333	0.603244
308.4	0.729895
308.467	0.727953
308.533	0.559246
308.6	0.729312
308.667	0.723388
308.733	0.552545
308.8	0.749806
308.867	0.765152
308.933	0.507964
309	0.778943
309.067	0.761461
309.133	0.460859
309.2	0.755633
309.267	0.773213
309.333	0.755925
309.4	0.790793
309.467	0.820707
309.533	0.776127
309.6	0.830225
309.667	0.823912
309.733	0.730575
309.8	0.816531
309.867	0.847125
309.933	0.698135
310	0.845765
310.067	0.815462
310.133	0.743784
310.2	0.821096
310.267	0.818959
310.333	0.735334
310.4	0.825563
310.467	0.819542
310.533	0.592075
310.6	0.825758
310.667	0.808275
310.733	0.714355
310.8	0.753399
310.867	0.797203
310.933	0.762335
311	0.738054
311.067	0.726981
311.133	0.675796
311.2	0.749223
311.267	0.752622
311.333	0.578574
311.4	0.775253
311.467	0.746406
311.533	0.725913
311.6	0.725816
311.667	0.755828
311.733	0.639957
311.8	0.725039
311.867	0.751457
311.933	0.661228
312	0.705322
312.067	0.705225
312.133	0.682207
312.2	0.74155
312.267	0.700855
312.333	0.67939
312.4	0.673563
312.467	0.728147
312.533	0.635781
312.6	0.715715
312.667	0.710373
312.733	0.670746
312.8	0.690171
312.867	0.670843
312.933	0.743881
313	0.676185
313.067	0.252817
313.133	0.660062
313.2	0.70338
313.267	0.71183
313.333	0.577603
313.4	0.716103
313.467	0.699786
313.533	0.664918
313.6	0.723485
313.667	0.714064
313.733	0.615287
313.8	0.722611
313.867	0.707556
313.933	0.638403
314	0.738733
314.067	0.77467
314.133	0.698524
314.2	0.791667
314.267	0.794192
314.333	0.638889
314.4	0.826632
314.467	0.772727
314.533	0.636946
314.6	0.837704
314.667	0.817793
314.733	0.727176
314.8	0.839646
314.867	0.844794
314.933	0.711053
315	0.7669
315.067	0.856449
315.133	0.742327
315.2	0.827991
315.267	0.747863
315.333	0.715521
315.4	0.753691
315.467	0.810509
315.533	0.504565
315.6	0.774767
315.667	0.736111
315.733	0.647339
315.8	0.749126
315.867	0.694347
315.933	0.60033
316	0.73951
316.067	0.67735
316.133	0.576243
316.2	0.68211
316.267	0.730186
316.333	0.611014
316.4	0.721057
316.467	0.725039
316.533	0.644037
316.6	0.722805
316.667	0.711636
316.733	0.628011
316.8	0.704254
316.867	0.656371
316.933	0.580905
317	0.647533
317.067	0.624029
317.133	0.539821
317.2	0.626845
317.267	0.613442
317.333	0.515443
317.4	0.568667
317.467	0.57197
317.533	0.534382
317.6	0.515734
317.667	0.520493
317.733	0.415695
317.8	0.475816
317.867	0.457751
317.933	0.30439
318	0.435218
318.067	0.39763
318.133	0.335179
318.2	0.365773
318.267	0.370338
318.333	0.305361
318.4	0.340909
318.467	0.31216
318.533	0.242133
318.6	0.297009
318.667	0.281663
318.733	0.190365
318.8	0.241356
318.867	0.219988
318.933	0.170746
319	0.196775
319.067	0.187354
319.133	0.143648
319.2	0.165404
319.267	0.1588
319.333	0.127234
319.4	0.135587
319.467	0.113831
319.533	0.083819
319.6	0.113054
319.667	0.101399
319.733	0.0679876
319.8	0.0709984
319.867	0.0691531
319.933	0.0686674
320	0.0529332
320.067	0.0428322
320.133	0.105769
320.2	0.0438034
320.267	0.151515
320.333	0.0992618
320.4	0.31148
320.467	0.50272
320.533	0.349359
320.6	0.466977
320.667	0.603341
320.733	0.465812
320.8	0.425991
320.867	0.435023
320.933	0.499709
321	0.315268
321.067	0.661325
321.133	0.319153
321.2	0.322747
321.267	0.598485
321.333	0.325855
321.4	0.402195
321.467	0.294969
321.533	0.429779
321.6	0.27535
321.667	0.466589
321.733	0.235723
321.8	0.143162
321.867	0.23242
321.933	0.352758
322	0.12432
322.067	0.176088
322.133	0.258159
322.2	0.395008
322.267	0.280692
322.333	0.214452
322.4	0.513792
322.467	0.32974
322.533	0.277972
322.6	0.324106
322.667	0.309829
322.733	0.278069
322.8	0.172786
322.867	0.268551
322.933	0.389666
323	0.28108
323.067	0.538073
323.133	0.208722
323.2	0.233877
323.267	0.255439
323.333	0.276709
323.4	0.302545
323.467	0.251068
323.533	0.386655
323.6	0.270882
323.667	0.207168
323.733	0.490482
323.8	0.0550699
323.867	0.566919
323.933	0.321193
324	0.157537
324.067	0.383353
324.133	0.136267
324.2	0.273796
324.267	0.0835276
324.333	0.0808081
324.4	0.142871
324.467	0.301962
324.533	0.276807
324.6	0.419192
324.667	0.247863
324.733	0.378011
324.8	0.0584693
324.867	0.318959
324.933	0.507867
325	0.36723
325.067	0.52195
325.133	0.215326
325.2	0.237762
325.267	0.394328
325.333	0.378011
325.4	0.240579
325.467	0.133936
325.533	0.530206
325.6	0.274087
325.667	0.22533
325.733	0.405206
325.8	0.342172
325.867	0.1385
325.933	0.229215
326	0.390152
326.067	0.207751
326.133	0.405303
326.2	0.124126
326.267	0.365093
326.333	0.377525
326.4	0.0136946
326.467	0.0177739
326.533	0.018648
326.6	0.0342852
326.667	0.0242813
326.733	0.0306915
326.8	0.0284577
326.867	0.0440948
326.933	0.0302059
327	0.0255439
327.067	0.03885
327.133	0.0309829
327.2	0.184829
327.267	0.0332168
327.333	0.0319542
327.4	0.0283605
327.467	0.032634
327.533	0.025641
327.6	0.0265152
327.667	0.0277778
327.733	0.0392385
327.8	0.0582751
327.867	0.0735237
327.933	0.0870241
328	0.106643
328.067	0.123057
328.133	0.138403
328.2	0.153943
328.267	0.155594
328.333	0.202214
328.4	0.220862
328.467	0.230381
328.533	0.253497
328.6	0.273893
328.667	0.274864
328.733	0.302448
328.8	0.354798
328.867	0.367521
328.933	0.375194
329	0.371601
329.067	0.332265
329.133	0.37704
329.2	0.379274
329.267	0.34188
329.333	0.383741
329.4	0.372086
329.467	0.377622
329.533	0.390054
329.6	0.3885
329.667	0.360334
329.733	0.401224
329.8	0.386267
329.867	0.355769
329.933	0.330031
330	0.349747
330.067	0.316725
330.133	0.353827
330.2	0.325369
330.267	0.29526
330.333	0.307595
330.4	0.308858
330.467	0.278263
330.533	0.339355
330.6	0.292832
330.667	0.242716
330.733	0.274184
330.8	0.252525
330.867	0.176282
330.933	0.2196
331	0.232129
331.067	0.206585
331.133	0.2365
331.2	0.225719
331.267	0.197455
331.333	0.230186
331.4	0.256993
331.467	0.260975
331.533	0.292735
331.6	0.310897
331.667	0.30439
331.733	0.329643
331.8	0.338287
331.867	0.343726
331.933	0.355186
332	0.364996
332.067	0.344017
332.133	0.351593
332.2	0.393648
332.267	0.318473
332.333	0.32634
332.4	0.347125
332.467	0.321193
332.533	0.347222
332.6	0.351399
332.667	0.329351
332.733	0.356643
332.8	0.356255
332.867	0.295843
332.933	0.354118
333	0.3615
333.067	0.338287
333.133	0.352176
333.2	0.363442
333.267	0.318279
333.333	0.343046
333.4	0.349747
333.467	0.31925
333.533	0.330808
333.6	0.320804
333.667	0.272436
333.733	0.272047
333.8	0.291861
333.867	0.334499
333.933	0.277389
334	0.245921
334.067	0.219891
334.133	0.233974
334.2	0.213287
334.267	0.181915
334.333	0.193667
334.4	0.170649
334.467	0.136267
334.533	0.15812
334.6	0.163947
334.667	0.141026
334.733	0.148796
334.8	0.15744
334.867	0.144134
334.933	0.170649
335	0.17026
335.067	0.136946
335.133	0.165987
335.2	0.161519
335.267	0.125097
335.333	0.143162
335.4	0.111985
335.467	0.109071
335.533	0.118978
335.6	0.119367
335.667	0.101496
335.733	0.120532
335.8	0.121601
335.867	0.107226
335.933	0.160159
336	0.125971
336.067	0.107906
336.133	0.125097
336.2	0.173563
336.267	0.148213
336.333	0.181721
336.4	0.164239
336.467	0.168221
336.533	0.197552
336.6	0.182789
336.667	0.212898
336.733	0.198038
336.8	0.226399
336.867	0.231255
336.933	0.238248
337	0.256993
337.067	0.2162
337.133	0.259907
337.2	0.332071
337.267	0.2804
337.333	0.280594
337.4	0.289239
337.467	0.291958
337.533	0.301282
337.6	0.316336
337.667	0.32838
337.733	0.320901
337.8	0.320901
337.867	0.358586
337.933	0.344503
338	0.364025
338.067	0.37228
338.133	0.386752
338.2	0.403069
338.267	0.429876
338.333	0.413947
338.4	0.400738
338.467	0.447067
338.533	0.445804
338.6	0.40608
338.667	0.432498
338.733	0.427642
338.8	0.416084
338.867	0.378205
338.933	0.432498
339	0.427253
339.067	0.324398
339.133	0.398407
339.2	0.397824
339.267	0.337801
339.333	0.401321
339.4	0.400738
339.467	0.318667
339.533	0.388695
339.6	0.368104
339.667	0.304876
339.733	0.359848
339.8	0.338967
339.867	0.321581
339.933	0.314005
340	0.320027
340.067	0.295066
340.133	0.340909
340.2	0.271465
340.267	0.215035
340.333	0.282731
340.4	0.271659
340.467	0.163462
340.533	0.281469
340.6	0.241356
340.667	0.185703
340.733	0.215715
340.8	0.191434
340.867	0.134421
340.933	0.159771
341	0.145785
341.067	0.124126
341.133	0.144134
341.2	0.143162
341.267	0.115287
341.333	0.127331
341.4	0.10033
341.467	0.0781857
341.533	0.105089
341.6	0.0801282
341.667	0.132867
341.733	0.0717754
341.8	0.0646853
341.867	0.0630342
341.933	0.0530303
342	0.091589
342.067	0.202214
342.133	0.194736
342.2	0.51418
342.267	0.246309
342.333	0.329837
342.4	0.378982
342.467	0.412782
342.533	0.455517
342.6	0.400544
342.667	0.379274
342.733	0.338092
342.8	0.277778
342.867	0.297203
342.933	0.403069
343	0.528263
343.067	0.14695
343.133	0.396368
343.2	0.425311
343.267	0.184149
343.333	0.50272
343.4	0.362374
343.467	0.199398
343.533	0.520979
343.6	0.388792
343.667	0.394716
343.733	0.339744
343.8	0.172883
343.867	0.551768
343.933	0.451049
344	0.374903
344.067	0.459887
344.133	0.33819
344.2	0.448135
344.267	0.190074
344.333	0.438423
344.4	0.224747
344.467	0.286325
344.533	0.357615
344.6	0.441434
344.667	0.403846
344.733	0.418901
344.8	0.468823
344.867	0.278749
344.933	0.332945
345	0.33411
345.067	0.443765
345.133	0.221542
345.2	0.578768
345.267	0.39899
345.333	0.431527
345.4	0.168026
345.467	0.363151
345.533	0.557401
345.6	0.299728
345.667	0.339161
345.733	0.402098
345.8	0.416764
345.867	0.296814
345.933	0.298077
346	0.384907
346.067	0.308664
346.133	0.40472
346.2	0.369075
346.267	0.568765
346.333	0.292152
346.4	0.278846
346.467	0.469308
346.533	0.345474
346.6	0.449689
346.667	0.61859
346.733	0.344308
346.8	0.374611
346.867	0.438908
346.933	0.242133
347	0.374806
347.067	0.468143
347.133	0.436772
347.2	0.524184
347.267	0.47096
347.333	0.353535
347.4	0.371601
347.467	0.422009
347.533	0.37772
347.6	0.442988
347.667	0.541181
347.733	0.516706
347.8	0.480186
347.867	0.238831
347.933	0.540404
348	0.242036
348.067	0.333139
348.133	0.334207
348.2	0.395882
348.267	0.396465
348.333	0.280206
348.4	0.397727
348.467	0.385781
348.533	0.386655
348.6	0.170066
348.667	0.436869
348.733	0.573524
348.8	0.403749
348.867	0.494755
348.933	0.402389
349	0.455808
349.067	0.498446
349.133	0.32702
349.2	0.378108
349.267	0.311189
349.333	0.390929
349.4	0.258741
349.467	0.169095
349.533	0.310509
349.6	0.43784
349.667	0.409091
349.733	0.486014
349.8	0.440559
349.867	0.444833
349.933	0.216006
350	0.652486
350.067	0.310315
350.133	0.331974
350.2	0.342949
350.267	0.238928
350.333	0.455322
350.4	0.0229215
350.467	0.0374903
350.533	0.0539044
350.6	0.0620629
350.667	0.0765346
350.733	0.0899378
350.8	0.0997475
350.867	0.116453
350.933	0.126943
351	0.140637
351.067	0.160451
351.133	0.161616
351.2	0.171037
351.267	0.239025
351.333	0.198718
351.4	0.182498
351.467	0.183858
351.533	0.187257
351.6	0.192211
351.667	0.190462
351.733	0.183761
351.8	0.190948
351.867	0.198815
351.933	0.185897
352	0.192405
352.067	0.197844
352.133	0.19357
352.2	0.199689
352.267	0.197941
352.333	0.191822
352.4	0.218434
352.467	0.236305
352.533	0.206876
352.6	0.249514
352.667	0.279623
352.733	0.278846
352.8	0.319639
352.867	0.283508
352.933	0.52904
353	0.376068
353.067	0.365482
353.133	0.427253
353.2	0.418026
353.267	0.448038
353.333	0.432401
353.4	0.426962
353.467	0.43007
353.533	0.420163
353.6	0.449204
353.667	0.448038
353.733	0.393745
353.8	0.410742
353.867	0.434441
353.933	0.355284
354	0.370726
354.067	0.422688
354.133	0.327214
354.2	0.365093
354.267	0.359557
354.333	0.340229
354.4	0.367813
354.467	0.29458
354.533	0.264569
354.6	0.304681
354.667	0.253302
354.733	0.245047
354.8	0.272922
354.867	0.22601
354.933	0.263306
355	0.245726
355.067	0.239025
355.133	0.190754
355.2	0.237179
355.267	0.236111
355.333	0.241162
355.4	0.221154
355.467	0.219211
355.533	0.197941
355.6	0.239413
355.667	0.225622
355.733	0.210664
355.8	0.218823
355.867	0.25845
355.933	0.274573
356	0.271368
356.067	0.234751
356.133	0.239996
356.2	0.304002
356.267	0.292347
356.333	0.255439
356.4	0.326243
356.467	0.290016
356.533	0.277098
356.6	0.309635
356.667	0.291764
356.733	0.347514
356.8	0.323135
356.867	0.275253
356.933	0.335276
357	0.322552
357.067	0.325758
357.133	0.338092
357.2	0.320027
357.267	0.397145
357.333	0.397436
357.4	0.382479
357.467	0.449106
357.533	0.387432
357.6	0.379953
357.667	0.401904
357.733	0.341589
357.8	0.424728
357.867	0.417055
357.933	0.523504
358	0.402681
358.067	0.43784
358.133	0.392871
358.2	0.402195
358.267	0.415404
358.333	0.386364
358.4	0.381799
358.467	0.408508
358.533	0.374514
358.6	0.39967
358.667	0.375583
358.733	0.36655
358.8	0.368104
358.867	0.381896
358.933	0.348679
359	0.412393
359.067	0.424922
359.133	0.361305
359.2	0.402584
359.267	0.436869
359.333	0.381799
359.4	0.386558
359.467	0.394134
359.533	0.445124
359.6	0.454545
359.667	0.379856
359.733	0.330031
359.8	0.381313
359.867	0.446873
359.933	0.38209
360	0.394134
360.067	0.380439
360.133	0.324883
360.2	0.382576
360.267	0.289239
360.333	0.330905
360.4	0.339841
360.467	0.248349
360.533	0.255439
360.6	0.290695
360.667	0.293221
360.733	0.294969
360.8	0.314491
360.867	0.227855
360.933	0.310023
361	0.27535
361.067	0.21892
361.133	0.322747
361.2	0.216686
361.267	0.348096
361.333	0.312937
361.4	0.252525
361.467	0.286325
361.533	0.346251
361.6	0.300311
361.667	0.291958
361.733	0.299145
361.8	0.273407
361.867	0.306333
361.933	0.327603
362	0.288947
362.067	0.314782
362.133	0.344988
362.2	0.31925
362.267	0.341395
362.333	0.297106
362.4	0.302933
362.467	0.314782
362.533	0.339064
362.6	0.327991
362.667	0.367521
362.733	0.352953
362.8	0.32129
362.867	0.342852
362.933	0.591783
363	0.378982
363.067	0.370435
363.133	0.425408
363.2	0.366647
363.267	0.340229
363.333	0.395785
363.4	0.366939
363.467	0.27127
363.533	0.356643
363.6	0.327506
363.667	0.238442
363.733	0.283702
363.8	0.307207
363.867	0.327797
363.933	0.293415
364	0.313423
364.067	0.25913
364.133	0.306624
364.2	0.267871
364.267	0.260392
364.333	0.235528
364.4	0.293318
364.467	0.280886
364.533	0.307401
364.6	0.447261
364.667	0.213092
364.733	0.216006
364.8	0.225524
364.867	0.262529
364.933	0.199204
365	0.294969
365.067	0.10305
365.133	0.237568
365.2	0.222028
365.267	0.216783
365.333	0.121115
365.4	0.199398
365.467	0.1858
365.533	0.220668
365.6	0.133644
365.667	0.200563
365.733	0.196387
365.8	0.214646
365.867	0.199301
365.933	0.233974
366	0.174437
366.067	0.217172
366.133	0.229604
366.2	0.179487
366.267	0.346639
366.333	0.217949
366.4	0.181235
366.467	0.161422
366.533	0.201632
366.6	0.205614
366.667	0.17434
366.733	0.246503
366.8	0.219308
366.867	0.199009
366.933	0.177448
367	0.133547
367.067	0.137529
367.133	0.147922
367.2	0.116259
367.267	0.166084
367.333	0.202214
367.4	0.210664
367.467	0.166375
367.533	0.167249
367.6	0.158023
367.667	0.186092
367.733	0.212413
367.8	0.186869
367.867	0.10101
367.933	0.503205
368	0.243687
368.067	0.203866
368.133	0.296134
368.2	0.211927
368.267	0.206876
368.333	0.213675
368.4	0.199981
368.467	0.179099
368.533	0.233489
368.6	0.169678
368.667	0.147145
368.733	0.244464
368.8	0.163267
368.867	0.196387
368.933	0.151904
369	0.142191
369.067	0.187549
369.133	0.188617
369.2	0.164044
369.267	0.169483
369.333	0.20406
369.4	0.167735
369.467	0.157051
369.533	0.200563
369.6	0.324786
369.667	0.190462
369.733	0.256507
369.8	0.186189
369.867	0.203866
369.933	0.206876
370	0.202214
370.067	0.20406
370.133	0.210567
370.2	0.19425
370.267	0.214549
370.333	0.25641
370.4	0.215035
370.467	0.20338
370.533	0.204254
370.6	0.221542
370.667	0.238928
370.733	0.230478
370.8	0.22805
370.867	0.228535
370.933	0.280983
371	0.25
371.067	0.224165
371.133	0.263986
371.2	0.230381
371.267	0.398116
371.333	0.296037
371.4	0.293415
371.467	0.24728
371.533	0.271076
371.6	0.294775
371.667	0.265054
371.733	0.266317
371.8	0.233974
371.867	0.265152
371.933	0.335664
372	0.298465
372.067	0.240676
372.133	0.320707
372.2	0.269037
372.267	0.246795
372.333	0.233392
372.4	0.248446
372.467	0.207362
372.533	0.240773
372.6	0.262141
372.667	0.255633
372.733	0.288462
372.8	0.206779
372.867	0.259518
372.933	0.60946
373	0.324883
373.067	0.234363
373.133	0.289821
373.2	0.257284
373.267	0.258547
373.333	0.168998
373.4	0.215035
373.467	0.234557
373.533	0.185315
373.6	0.217366
373.667	0.126651
373.733	0.199106
373.8	0.134227
373.867	0.150155
373.933	0.168998
374	0.117424
374.067	0.126651
374.133	0.152195
374.2	0.159479
374.267	0.161519
374.333	0.138986
374.4	0.147145
374.467	0.148601
374.533	0.20202
374.6	0.439491
374.667	0.214064
374.733	0.210567
374.8	0.218726
374.867	0.142094
374.933	0.120629
375	0.143842
375.067	0.21251
375.133	0.177253
375.2	0.202117
375.267	0.159479
375.333	0.209693
375.4	0.157634
375.467	0.147242
375.533	0.125
375.6	0.148893
375.667	0.163656
375.733	0.141414
375.8	0.140831
375.867	0.183275
375.933	0.14763
376	0.145299
376.067	0.10742
376.133	0.130536
376.2	0.153361
376.267	0.517968
376.333	0.171717
376.4	0.192988
376.467	0.178322
376.533	0.323135
376.6	0.162685
376.667	0.150932
376.733	0.149087
376.8	0.190754
376.867	0.179196
376.933	0.190365
377	0.156177
377.067	0.188617
377.133	0.172009
377.2	0.203089
377.267	0.133159
377.333	0.185315
377.4	0.199689
377.467	0.161519
377.533	0.240385
377.6	0.103147
377.667	0.0855672
377.733	0.261461
377.8	0.2027
377.867	0.162976
377.933	0.668026
378	0.177253
378.067	0.115773
378.133	0.250291
378.2	0.183566
378.267	0.0801282
378.333	0.158411
378.4	0.0916861
378.467	0.100524
378.533	0.0831391
378.6	0.0788656
378.667	0.0592463
378.733	0.0856643
378.8	0.0731352
378.867	0.0568182
378.933	0.0579837
379	0.089258
379.067	0.0553613
379.133	0.0526418
379.2	0.0589549
379.267	0.0519619
379.333	0.191822
379.4	0.0901321
379.467	0.0407925
379.533	0.0382673
379.6	0.250486
379.667	0.0694444
379.733	0.0270008
379.8	0.152001
379.867	0.295843
379.933	0.432595
380	0.216783
380.067	0.188908
380.133	0.167638
380.2	0.0886752
380.267	0.148699
380.333	0.205517
380.4	0.302739
380.467	0.233294
380.533	0.041958
380.6	0.082265
380.667	0.145882
380.733	0.105478
380.8	0.0731352
380.867	0.0849845
380.933	0.269134
381	0.149281
381.067	0.0810995
381.133	0.160256
381.2	0.0774087
381.267	0.400932
381.333	0.136558
381.4	0.149281
381.467	0.142094
381.533	0.270591
381.6	0.0975136
381.667	0.278166
381.733	0.21688
381.8	0.255245
381.867	0.210859
381.933	0.381216
382	0.137238
382.067	0.176379
382.133	0.323621
382.2	0.221348
382.267	0.119172
382.333	0.411033
382.4	0.292347
