time_sec	dynamic_density
0.0666667	0.118989
0.133333	0.086855
0.2	0.0937206
0.266667	0.0901467
0.333333	0.0397674
0.4	0.0690639
0.466667	0.0543921
0.533333	0.0621356
0.6	0.063562
0.666667	0.0713838
0.733333	0.0712584
0.8	0.0781083
0.866667	0.0769954
0.933333	0.0745345
1	0.0771678
1.06667	0.0803969
1.13333	0.0768073
1.2	0.0892689
1.26667	0.101589
1.33333	0.0873095
1.4	0.086855
1.46667	0.0882187
1.53333	0.0870117
1.6	0.0890024
1.66667	0.0953038
1.73333	0.0991128
1.8	0.11065
1.86667	0.113753
1.93333	0.113283
2	0.116104
2.06667	0.115995
2.13333	0.117703
2.2	0.121073
2.26667	0.119992
2.33333	0.114474
2.4	0.114333
2.46667	0.112844
2.53333	0.109176
2.6	0.111559
2.66667	0.111245
2.73333	0.113518
2.8	0.110211
2.86667	0.107577
2.93333	0.197959
3	0.120462
3.06667	0.106982
3.13333	0.0317888
3.2	0.1088
3.26667	0.105587
3.33333	0.102358
3.4	0.108565
3.46667	0.100335
3.53333	0.068045
3.6	0.0837357
3.66667	0.0832497
3.73333	0.0579974
3.8	0.0577779
3.86667	0.0437175
3.93333	0.0709292
4	0.0545489
4.06667	0.0493605
4.13333	0.0473697
4.2	0.0463665
4.26667	0.0349552
4.33333	0.0388112
4.4	0.0324942
4.46667	0.027149
4.53333	0.0265847
4.6	0.153568
4.66667	0.0530284
4.73333	0.0533262
4.8	0.0354881
4.86667	0.0454104
4.93333	0.0604427
5	0.0517117
5.06667	0.0488118
5.13333	0.0430905
5.2	0.112452
5.26667	0.0670105
5.33333	0.160684
5.4	0.076196
5.46667	0.0824973
5.53333	0.0857264
5.6	0.0745188
5.66667	0.102828
5.73333	0.111747
5.8	0.105743
5.86667	0.110822
5.93333	0.117985
6	0.11996
6.06667	0.123817
6.13333	0.129491
6.2	0.131811
6.26667	0.192426
6.33333	0.16465
6.4	0.148128
6.46667	0.139162
6.53333	0.135949
6.6	0.137595
6.66667	0.129554
6.73333	0.143238
6.8	0.12913
6.86667	0.145793
6.93333	0.133441
7	0.129413
7.06667	0.150715
7.13333	0.163208
7.2	0.152894
7.26667	0.153521
7.33333	0.144555
7.4	0.161154
7.46667	0.161985
7.53333	0.186234
7.6	0.170826
7.66667	0.174117
7.73333	0.173788
7.8	0.179181
7.86667	0.18509
7.93333	0.330209
8	0.182065
8.06667	0.189103
8.13333	0.206455
8.2	0.19415
8.26667	0.199621
8.33333	0.196878
8.4	0.189949
8.46667	0.200545
8.53333	0.195937
8.6	0.197881
8.66667	0.208618
8.73333	0.196188
8.8	0.193774
8.86667	0.204684
8.93333	0.213227
9	0.208555
9.06667	0.216926
9.13333	0.206267
9.2	0.200718
9.26667	0.139241
9.33333	0.220296
9.4	0.216769
9.46667	0.205405
9.53333	0.202019
9.6	0.280347
9.66667	0.204731
9.73333	0.202677
9.8	0.195843
9.86667	0.184667
9.93333	0.205138
10	0.187363
10.0667	0.167221
10.1333	0.138081
10.2	0.1881
10.2667	0.173349
10.3333	0.200216
10.4	0.18741
10.4667	0.151593
10.5333	0.169337
10.6	0.162126
10.6667	0.164901
10.7333	0.154728
10.8	0.178569
10.8667	0.16838
10.9333	0.176469
11	0.157816
11.0667	0.166797
11.1333	0.148458
11.2	0.146044
11.2667	0.210687
11.3333	0.149994
11.4	0.169697
11.4667	0.136952
11.5333	0.128754
11.6	0.113016
11.6667	0.151843
11.7333	0.160324
11.8	0.14142
11.8667	0.171265
11.9333	0.0984701
12	0.128362
12.0667	0.113079
12.1333	0.129491
12.2	0.121528
12.2667	0.122845
12.3333	0.0986425
12.4	0.0469152
12.4667	0.142548
12.5333	0.0742053
12.6	0.0897705
12.6667	0.11692
12.7333	0.0659132
12.8	0.0646436
12.8667	0.0850994
12.9333	0.132877
13	0.0767603
13.0667	0.0437645
13.1333	0.109599
13.2	0.056132
13.2667	0.0431375
13.3333	0.0722616
13.4	0.0770738
13.4667	0.0544705
13.5333	0.10322
13.6	0.0741583
13.6667	0.0457866
13.7333	0.0594551
13.8	0.04273
13.8667	0.0455985
13.9333	0.1175
14	0.0708352
14.0667	0.0768387
14.1333	0.108628
14.2	0.0549721
14.2667	0.0417424
14.3333	0.0861183
14.4	0.0414446
14.4667	0.0730767
14.5333	0.0882187
14.6	0.172393
14.6667	0.144727
14.7333	0.121889
14.8	0.0626058
14.8667	0.0736567
14.9333	0.154853
15	0.0534673
15.0667	0.11043
15.1333	0.136419
15.2	0.0492194
15.2667	0.0474638
15.3333	0.0817449
15.4	0.0400809
15.4667	0.0433256
15.5333	0.116606
15.6	0.0521349
15.6667	0.0377767
15.7333	0.0431062
15.8	0.0263026
15.8667	0.0303311
15.9333	0.0368989
16	0.0388426
16.0667	0.0223055
16.1333	0.0235281
16.2	0.0245313
16.2667	0.0275096
16.3333	0.0217568
16.4	0.025895
16.4667	0.0208007
16.5333	0.0172268
16.6	0.0237946
16.6667	0.0231206
16.7333	0.0354568
16.8	0.0197034
16.8667	0.0180419
16.9333	0.0250016
17	0.0218822
17.0667	0.0263183
17.1333	0.0274782
17.2	0.0179165
17.2667	0.0427613
17.3333	0.0500658
17.4	0.066697
17.4667	0.0420089
17.5333	0.118644
17.6	0.0382312
17.6667	0.0375415
17.7333	0.0416797
17.8	0.0346417
17.8667	0.0571039
17.9333	0.256129
18	0.133378
18.0667	0.0321964
18.1333	0.0856323
18.2	0.0323688
18.2667	0.0380118
18.3333	0.0339676
18.4	0.032792
18.4667	0.0292808
18.5333	0.0298922
18.6	0.0348768
18.6667	0.0294689
18.7333	0.0320083
18.8	0.0380745
18.8667	0.0442191
18.9333	0.0517431
19	0.0501442
19.0667	0.0533419
19.1333	0.0630917
19.2	0.0482475
19.2667	0.04842
19.3333	0.0469622
19.4	0.0411311
19.4667	0.0381058
19.5333	0.0391247
19.6	0.0883911
19.6667	0.0554894
19.7333	0.0538278
19.8	0.0538122
19.8667	0.0477303
19.9333	0.0492037
20	0.0319769
20.0667	0.0300646
20.1333	0.0418992
20.2	0.0322591
20.2667	0.02392
20.3333	0.0464919
20.4	0.0286852
20.4667	0.0423851
20.5333	0.0345319
20.6	0.0311618
20.6667	0.0405511
20.7333	0.0470562
20.8	0.0410057
20.8667	0.054204
20.9333	0.0351746
21	0.0563045
21.0667	0.066791
21.1333	0.0579974
21.2	0.0388582
21.2667	0.254264
21.3333	0.0810552
21.4	0.0391404
21.4667	0.0468368
21.5333	0.0455671
21.6	0.0449244
21.6667	0.107279
21.7333	0.127767
21.8	0.0903035
21.8667	0.0773716
21.9333	0.0511317
22	0.129271
22.0667	0.0887203
22.1333	0.0615869
22.2	0.064189
22.2667	0.0903975
22.3333	0.101621
22.4	0.0548467
22.4667	0.0534987
22.5333	0.0412408
22.6	0.0355508
22.6667	0.0223211
22.7333	0.0284971
22.8	0.0301586
22.8667	0.0297197
22.9333	0.199527
23	0.031397
23.0667	0.0382939
23.1333	0.0383253
23.2	0.0326509
23.2667	0.0372751
23.3333	0.0444542
23.4	0.0421657
23.4667	0.0330742
23.5333	0.0381999
23.6	0.0417111
23.6667	0.044078
23.7333	0.0490313
23.8	0.0325569
23.8667	0.0312716
23.9333	0.0458963
24	0.0316634
24.0667	0.0332936
24.1333	0.0414916
24.2	0.0304251
24.2667	0.0315067
24.3333	0.035206
24.4	0.0292025
24.4667	0.0329644
24.5333	0.0313186
24.6	0.124788
24.6667	0.0552072
24.7333	0.0620729
24.8	0.0361778
24.8667	0.0448774
24.9333	0.0577309
25	0.0387172
25.0667	0.0416641
25.1333	0.0526052
25.2	0.0390307
25.2667	0.0367421
25.3333	0.0620102
25.4	0.0341557
25.4667	0.033325
25.5333	0.0418522
25.6	0.0397517
25.6667	0.0415857
25.7333	0.0468368
25.8	0.0436234
25.8667	0.0494075
25.9333	0.0640322
26	0.0568061
26.0667	0.0556775
26.1333	0.0605524
26.2	0.0578563
26.2667	0.0937049
26.3333	0.0757885
26.4	0.0546116
26.4667	0.0471816
26.5333	0.0695655
26.6	0.0523544
26.6667	0.0541884
26.7333	0.0698163
26.8	0.0560693
26.8667	0.0650981
26.9333	0.0832184
27	0.0703492
27.0667	0.0724654
27.1333	0.0836573
27.2	0.0865572
27.2667	0.098188
27.3333	0.108455
27.4	0.111935
27.4667	0.120446
27.5333	0.123722
27.6	0.12018
27.6667	0.130933
27.7333	0.139476
27.8	0.132814
27.8667	0.136858
27.9333	0.266913
28	0.155684
28.0667	0.158787
28.1333	0.175654
28.2	0.1636
28.2667	0.168537
28.3333	0.189056
28.4	0.174384
28.4667	0.185027
28.5333	0.187034
28.6	0.191501
28.6667	0.194338
28.7333	0.202646
28.8	0.202474
28.8667	0.203053
28.9333	0.214512
29	0.203148
29.0667	0.217929
29.1333	0.232726
29.2	0.224403
29.2667	0.229043
29.3333	0.232413
29.4	0.232805
29.4667	0.237679
29.5333	0.248213
29.6	0.345664
29.6667	0.256301
29.7333	0.271522
29.8	0.26812
29.8667	0.261333
29.9333	0.270189
30	0.270957
30.0667	0.273074
30.1333	0.286397
30.2	0.260941
30.2667	0.268857
30.3333	0.278074
30.4	0.273998
30.4667	0.27323
30.5333	0.297762
30.6	0.268308
30.6667	0.27577
30.7333	0.274014
30.8	0.28309
30.8667	0.27091
30.9333	0.262368
31	0.277886
31.0667	0.296257
31.1333	0.289485
31.2	0.282651
31.2667	0.393786
31.3333	0.322732
31.4	0.28588
31.4667	0.291695
31.5333	0.284218
31.6	0.276804
31.6667	0.287871
31.7333	0.278952
31.8	0.278999
31.8667	0.264327
31.9333	0.241677
32	0.2147
32.0667	0.200655
32.1333	0.260831
32.2	0.262885
32.2667	0.228839
32.3333	0.248464
32.4	0.239122
32.4667	0.235438
32.5333	0.200498
32.6	0.277917
32.6667	0.195545
32.7333	0.0695498
32.8	0.285112
32.8667	0.261788
32.9333	0.24442
33	0.332748
33.0667	0.216424
33.1333	0.00742993
33.2	0.0164744
33.2667	0.0288733
33.3333	0.032745
33.4	0.0355195
33.4667	0.0433883
33.5333	0.0526992
33.6	0.0533262
33.6667	0.0623237
33.7333	0.0708665
33.8	0.0701768
33.8667	0.0821838
33.9333	0.0835162
34	0.0872155
34.0667	0.0829833
34.1333	0.0925293
34.2	0.0876701
34.2667	0.0921845
34.3333	0.0982036
34.4	0.0738448
34.4667	0.0805066
34.5333	0.0890651
34.6	0.189698
34.6667	0.079378
34.7333	0.116418
34.8	0.0834535
34.8667	0.0957113
34.9333	0.111715
35	0.0883441
35.0667	0.102232
35.1333	0.0965891
35.2	0.0865885
35.2667	0.0927801
35.3333	0.104254
35.4	0.0934541
35.4667	0.116763
35.5333	0.119678
35.6	0.103204
35.6667	0.112217
35.7333	0.10289
35.8	0.105163
35.8667	0.107358
35.9333	0.122202
36	0.119365
36.0667	0.115352
36.1333	0.127814
36.2	0.146561
36.2667	0.26834
36.3333	0.176892
36.4	0.151138
36.4667	0.145134
36.5333	0.198539
36.6	0.15142
36.6667	0.157518
36.7333	0.147815
36.8	0.159305
36.8667	0.153615
36.9333	0.145667
37	0.152298
37.0667	0.146984
37.1333	0.140698
37.2	0.182582
37.2667	0.173177
37.3333	0.149288
37.4	0.179196
37.4667	0.198053
37.5333	0.178036
37.6	0.273575
37.6667	0.291601
37.7333	0.134773
37.8	0.128394
37.8667	0.0835632
37.9333	0.120415
38	0.0477459
38.0667	0.0552856
38.1333	0.0319456
38.2	0.0403944
38.2667	0.0590319
38.3333	0.0725908
38.4	0.0594551
38.4667	0.0554423
38.5333	0.0728572
38.6	0.0677472
38.6667	0.0574644
38.7333	0.0881873
38.8	0.0846448
38.8667	0.089457
38.9333	0.099489
39	0.0926547
39.0667	0.0916672
39.1333	0.105351
39.2	0.0895824
39.2667	0.106151
39.3333	0.110352
39.4	0.115713
39.4667	0.114709
39.5333	0.0980939
39.6	0.259342
39.6667	0.155057
39.7333	0.13888
39.8	0.139209
39.8667	0.134993
39.9333	0.157283
40	0.124208
40.0667	0.128895
40.1333	0.129836
40.2	0.131889
40.2667	0.132077
40.3333	0.131748
40.4	0.134287
40.4667	0.145103
40.5333	0.160104
40.6	0.134507
40.6667	0.14189
40.7333	0.15211
40.8	0.153427
40.8667	0.164086
40.9333	0.160715
41	0.159477
41.0667	0.162205
41.1333	0.165606
41.2	0.156985
41.2667	0.204088
41.3333	0.208555
41.4	0.176124
41.4667	0.150589
41.5333	0.153771
41.6	0.15675
41.6667	0.170136
41.7333	0.197943
41.8	0.16918
41.8667	0.176296
41.9333	0.144147
42	0.181626
42.0667	0.172503
42.1333	0.119506
42.2	0.14479
42.2667	0.173506
42.3333	0.162142
42.4	0.144743
42.4667	0.150323
42.5333	0.121309
42.6	0.152831
42.6667	0.149069
42.7333	0.115477
42.8	0.13145
42.8667	0.0782964
42.9333	0.251301
43	0.104176
43.0667	0.0885322
43.1333	0.10521
43.2	0.0965735
43.2667	0.114443
43.3333	0.0920591
43.4	0.103423
43.4667	0.100304
43.5333	0.123958
43.6	0.102185
43.6667	0.088783
43.7333	0.112107
43.8	0.103423
43.8667	0.101166
43.9333	0.100743
44	0.123675
44.0667	0.107609
44.1333	0.0622766
44.2	0.112562
44.2667	0.1117
44.3333	0.0867766
44.4	0.102812
44.4667	0.10637
44.5333	0.031444
44.6	0.138112
44.6667	0.0658035
44.7333	0.00782181
44.8	0.103455
44.8667	0.127359
44.9333	0.110179
45	0.125274
45.0667	0.118534
45.1333	0.0885949
45.2	0.148379
45.2667	0.140071
45.3333	0.0211612
45.4	0.137626
45.4667	0.158035
45.5333	0.0296414
45.6	0.152455
45.6667	0.166108
45.7333	0.0808515
45.8	0.11659
45.8667	0.126089
45.9333	0.00395009
46	0.119772
46.0667	0.0887673
46.1333	0.00498464
46.2	0.107499
46.2667	0.266114
46.3333	0.0463979
46.4	0.103956
46.4667	0.0739858
46.5333	0.150668
46.6	0.0919493
46.6667	0.0479184
46.7333	0.0305662
46.8	0.00890338
46.8667	0.00655213
46.9333	0.0159414
47	0.134225
47.0667	0.0799737
47.1333	0.092545
47.2	0.0127594
47.2667	0.127328
47.3333	0.0959465
47.4	0.186955
47.4667	0.0706314
47.5333	0.137516
47.6	0.110603
47.6667	0.0886576
47.7333	0.158552
47.8	0.119647
47.8667	0.146467
47.9333	0.156938
48	0.222005
48.0667	0.144178
48.1333	0.20216
48.2	0.199056
48.2667	0.122155
48.3333	0.175121
48.4	0.0570882
48.4667	0.180184
48.5333	0.13968
48.6	0.169102
48.6667	0.147329
48.7333	0.101683
48.8	0.181751
48.8667	0.159587
48.9333	0.150072
49	0.136466
49.0667	0.033999
49.1333	0.0600978
49.2	0.0308954
49.2667	0.0332152
49.3333	0.0880306
49.4	0.0712114
49.4667	0.0537338
49.5333	0.0490156
49.6	0.231786
49.6667	0.0958838
49.7333	0.0876544
49.8	0.0292965
49.8667	0.0553169
49.9333	0.099536
50	0.148881
50.0667	0.0269296
50.1333	0.0234341
50.2	0.0116465
50.2667	0.0243119
50.3333	0.0605681
50.4	0.0194213
50.4667	0.0912126
50.5333	0.0875133
50.6	0.0106747
50.6667	0.0395636
50.7333	0.0685936
50.8	0.0152988
50.8667	0.00534516
50.9333	0.0599097
51	0.0308013
51.0667	0.0122735
51.1333	0.0088877
51.2	0.014421
51.2667	0.120713
51.3333	0.0573077
51.4	0.025895
51.4667	0.114176
51.5333	0.0757571
51.6	0.00822936
51.6667	0.0113487
51.7333	0.0577936
51.8	0.0171014
51.8667	0.0282306
51.9333	0.0998652
52	0.0392031
52.0667	0.00614459
52.1333	0.0115054
52.2	0.0137313
52.2667	0.0210515
52.3333	0.0278858
52.4	0.0337952
52.4667	0.028262
52.5333	0.0371497
52.6	0.0236692
52.6667	0.0235595
52.7333	0.0528873
52.8	0.0385604
52.8667	0.0431689
52.9333	0.211157
53	0.0624177
53.0667	0.035927
53.1333	0.0532165
53.2	0.0422284
53.2667	0.0492978
53.3333	0.071133
53.4	0.064769
53.4667	0.0785786
53.5333	0.0607248
53.6	0.0550034
53.6667	0.0095774
53.7333	0.0719481
53.8	0.0638598
53.8667	0.0633112
53.9333	0.083093
54	0.077403
54.0667	0.0664148
54.1333	0.0174149
54.2	0.0817606
54.2667	0.100022
54.3333	0.0574644
54.4	0.0456768
54.4667	0.116904
54.5333	0.0241081
54.6	0.241614
54.6667	0.037761
54.7333	0.0906483
54.8	0.0856794
54.8667	0.0364756
54.9333	0.0835319
55	0.101809
55.0667	0.120603
55.1333	0.137924
55.2	0.0779516
55.2667	0.0619004
55.3333	0.0512885
55.4	0.0367264
55.4667	0.0457866
55.5333	0.0664618
55.6	0.0411468
55.6667	0.0291868
55.7333	0.0771835
55.8	0.0849113
55.8667	0.0623707
55.9333	0.0584206
56	0.056712
56.0667	0.0883284
56.1333	0.0965735
56.2	0.0436391
56.2667	0.245768
56.3333	0.101182
56.4	0.0933601
56.4667	0.0719951
56.5333	0.0687661
56.6	0.052903
56.6667	0.0719951
56.7333	0.100524
56.8	0.0690012
56.8667	0.0492351
56.9333	0.0531852
57	0.0798326
57.0667	0.0473697
57.1333	0.0607405
57.2	0.0363659
57.2667	0.0349395
57.3333	0.0558185
57.4	0.100586
57.4667	0.135541
57.5333	0.0801147
57.6	0.0878425
57.6667	0.0630604
57.7333	0.0587027
57.8	0.0803812
57.8667	0.0423694
57.9333	0.299909
58	0.0808044
58.0667	0.0710703
58.1333	0.0992695
58.2	0.0850837
58.2667	0.0939871
58.3333	0.0615399
58.4	0.0935952
58.4667	0.0980626
58.5333	0.0712741
58.6	0.0702709
58.6667	0.0456768
58.7333	0.145417
58.8	0.0735156
58.8667	0.0333877
58.9333	0.116026
59	0.0497367
59.0667	0.0379961
59.1333	0.0619318
59.2	0.0665402
59.2667	0.0663521
59.3333	0.0667597
59.4	0.0447363
59.4667	0.025127
59.5333	0.0274939
59.6	0.0313813
59.6667	0.0537338
59.7333	0.0696595
59.8	0.044125
59.8667	0.0481848
59.9333	0.0587341
60	0.0433099
60.0667	0.058499
60.1333	0.091871
60.2	0.0583892
60.2667	0.27439
60.3333	0.0891278
60.4	0.0871998
60.4667	0.0343438
60.5333	0.0634052
60.6	0.0374632
60.6667	0.0451752
60.7333	0.0688601
60.8	0.0423851
60.8667	0.0248135
60.9333	0.0537338
61	0.0239043
61.0667	0.0280112
61.1333	0.0364129
61.2	0.0180105
61.2667	0.0318515
61.3333	0.0631074
61.4	0.076149
61.4667	0.0212239
61.5333	0.00949903
61.6	0.0142329
61.6667	0.0397674
61.7333	0.0417268
61.8	0.0273371
61.8667	0.0251583
61.9333	0.295081
62	0.0285598
62.0667	0.0706941
62.1333	0.0756787
62.2	0.0122421
62.2667	0.0422911
62.3333	0.076917
62.4	0.0349238
62.4667	0.0419305
62.5333	0.041617
62.6	0.0345319
62.6667	0.0366167
62.7333	0.0571823
62.8	0.0450969
62.8667	0.045959
62.9333	0.0577936
63	0.0374318
63.0667	0.042244
63.1333	0.112515
63.2	0.0437488
63.2667	0.0529971
63.3333	0.0600508
63.4	0.0490626
63.4667	0.0807574
63.5333	0.0410527
63.6	0.296382
63.6667	0.0337325
63.7333	0.0532322
63.8	0.0254561
63.8667	0.0173992
63.9333	0.076243
64	0.07745
64.0667	0.0633739
64.1333	0.0709762
64.2	0.0452379
64.2667	0.0347671
64.3333	0.038482
64.4	0.0677315
64.4667	0.0781397
64.5333	0.0530754
64.6	0.00833908
64.6667	0.0108001
64.7333	0.0274939
64.8	0.0333563
64.8667	0.0782651
64.9333	0.0402847
65	0.0306289
65.0667	0.0668851
65.1333	0.059894
65.2	0.0419305
65.2667	0.188585
65.3333	0.116512
65.4	0.0658662
65.4667	0.061634
65.5333	0.0564769
65.6	0.0561164
65.6667	0.0619161
65.7333	0.0412722
65.8	0.0301586
65.8667	0.0548937
65.9333	0.043357
66	0.0643928
66.0667	0.0492194
66.1333	0.0656311
66.2	0.0651765
66.2667	0.0327763
66.3333	0.0500972
66.4	0.0354254
66.4667	0.0310051
66.5333	0.103094
66.6	0.0422597
66.6667	0.082419
66.7333	0.0538749
66.8	0.0432629
66.8667	0.0355195
66.9333	0.296304
67	0.122923
67.0667	0.068672
67.1333	0.108236
67.2	0.0676531
67.2667	0.0581855
67.3333	0.0532008
67.4	0.0560693
67.4667	0.0590476
67.5333	0.0598
67.6	0.05295
67.6667	0.0640636
67.7333	0.0423224
67.8	0.0495172
67.8667	0.0600194
67.9333	0.0495486
68	0.0593141
68.0667	0.0843627
68.1333	0.0883911
68.2	0.0677629
68.2667	0.079425
68.3333	0.0458022
68.4	0.0547683
68.4667	0.0749107
68.5333	0.068578
68.6	0.0824033
68.6667	0.0716816
68.7333	0.0484043
68.8	0.0481378
68.8667	0.0523074
68.9333	0.0413035
69	0.299455
69.0667	0.123095
69.1333	0.0554267
69.2	0.068719
69.2667	0.0551445
69.3333	0.0723086
69.4	0.0626528
69.4667	0.0818703
69.5333	0.0639225
69.6	0.0546743
69.6667	0.0419776
69.7333	0.0857107
69.8	0.0479027
69.8667	0.0670418
69.9333	0.0609443
70	0.0514139
70.0667	0.0540316
70.1333	0.0449401
70.2	0.0697849
70.2667	0.0418522
70.3333	0.0423694
70.4	0.0476519
70.4667	0.0469465
70.5333	0.042244
70.6	0.0408019
70.6667	0.283576
70.7333	0.10706
70.8	0.0713838
70.8667	0.0576055
70.9333	0.0297041
71	0.0565082
71.0667	0.0410841
71.1333	0.0584833
71.2	0.0436234
71.2667	0.0538435
71.3333	0.042871
71.4	0.048467
71.4667	0.0803342
71.5333	0.0605367
71.6	0.0602389
71.6667	0.0681547
71.7333	0.0472287
71.8	0.0379177
71.8667	0.0387015
71.9333	0.049674
72	0.0653019
72.0667	0.0742523
72.1333	0.0687034
72.2	0.0493761
72.2667	0.0526836
72.3333	0.213822
72.4	0.0759295
72.4667	0.10891
72.5333	0.0491253
72.6	0.037087
72.6667	0.0501442
72.7333	0.0455671
72.8	0.0557088
72.8667	0.0821838
72.9333	0.0411625
73	0.060474
73.0667	0.0545802
73.1333	0.0414446
73.2	0.0502069
73.2667	0.0551445
73.3333	0.045912
73.4	0.0520095
73.4667	0.0574644
73.5333	0.047307
73.6	0.0393128
73.6667	0.0549407
73.7333	0.044031
73.8	0.0376042
73.8667	0.0462882
73.9333	0.0436077
74	0.184071
74.0667	0.0879365
74.1333	0.0492507
74.2	0.0545489
74.2667	0.0657721
74.3333	0.0529187
74.4	0.0370713
74.4667	0.0613518
74.5333	0.0473541
74.6	0.0536397
74.6667	0.0798953
74.7333	0.0998495
74.8	0.0587654
74.8667	0.0487335
74.9333	0.0383096
75	0.0432316
75.0667	0.0313029
75.1333	0.0461784
75.2	0.0471033
75.2667	0.0569628
75.3333	0.0569315
75.4	0.051696
75.4667	0.0537495
75.5333	0.0651922
75.6	0.0582795
75.6667	0.174321
75.7333	0.0515863
75.8	0.0514452
75.8667	0.0503323
75.9333	0.0472757
76	0.0526052
76.0667	0.0515393
76.1333	0.0545018
76.2	0.0576212
76.2667	0.0502696
76.3333	0.0382469
76.4	0.0413192
76.4667	0.0395009
76.5333	0.0421343
76.6	0.0435137
76.6667	0.0530284
76.7333	0.0521663
76.8	0.0600351
76.8667	0.0412252
76.9333	0.0414916
77	0.054157
77.0667	0.0619161
77.1333	0.0630447
77.2	0.0558969
77.2667	0.054063
77.3333	0.152173
77.4	0.0541413
77.4667	0.0809769
77.5333	0.0584049
77.6	0.0646279
77.6667	0.0707098
77.7333	0.0600508
77.8	0.0513198
77.8667	0.0600038
77.9333	0.0682645
78	0.0497523
78.0667	0.134914
78.1333	0.0646749
78.2	0.061728
78.2667	0.0958367
78.3333	0.0631074
78.4	0.053577
78.4667	0.0501129
78.5333	0.0570725
78.6	0.0542354
78.6667	0.0730767
78.7333	0.0509123
78.8	0.0505988
78.8667	0.0551759
78.9333	0.0398144
79	0.220421
79.0667	0.0993479
79.1333	0.0478713
79.2	0.0476362
79.2667	0.074221
79.3333	0.0376826
79.4	0.0721519
79.4667	0.056132
79.5333	0.0494232
79.6	0.0420873
79.6667	0.0762744
79.7333	0.0717913
79.8	0.0619318
79.8667	0.0830616
79.9333	0.0288106
80	0.0258794
80.0667	0.0542981
80.1333	0.0138567
80.2	0.0464919
80.2667	0.0542667
80.3333	0.0432002
80.4	0.0316164
80.4667	0.076243
80.5333	0.0417268
80.6	0.0290614
80.6667	0.279845
80.7333	0.126121
80.8	0.0864161
80.8667	0.0441877
80.9333	0.112123
81	0.085601
81.0667	0.0913694
81.1333	0.0790488
81.2	0.0784218
81.2667	0.0432002
81.3333	0.107232
81.4	0.112907
81.4667	0.113487
81.5333	0.0296884
81.6	0.0839708
81.6667	0.0710703
81.7333	0.056085
81.8	0.0688444
81.8667	0.0776381
81.9333	0.0555364
82	0.0448617
82.0667	0.051602
82.1333	0.0508496
82.2	0.0584206
82.2667	0.0406922
82.3333	0.109317
82.4	0.0637344
82.4667	0.0890808
82.5333	0.0632955
82.6	0.0877955
82.6667	0.0556618
82.7333	0.0724654
82.8	0.0434197
82.8667	0.0665089
82.9333	0.0399712
83	0.0329331
83.0667	0.0587184
83.1333	0.0329958
83.2	0.0600351
83.2667	0.0868393
83.3333	0.0929839
83.4	0.045379
83.4667	0.0240767
83.5333	0.0495172
83.6	0.0467898
83.6667	0.105195
83.7333	0.0391247
83.8	0.0583422
83.8667	0.0394539
83.9333	0.0511317
84	0.249828
84.0667	0.0381685
84.1333	0.0484356
84.2	0.0227914
84.2667	0.0758198
84.3333	0.0295316
84.4	0.0369929
84.4667	0.121026
84.5333	0.0485924
84.6	0.0344692
84.6667	0.0321494
84.7333	0.0370713
84.8	0.0449244
84.8667	0.0766035
84.9333	0.040896
85	0.036601
85.0667	0.0566493
85.1333	0.0443288
85.2	0.0378394
85.2667	0.0566963
85.3333	0.0490626
85.4	0.060427
85.4667	0.0469935
85.5333	0.0480281
85.6	0.0435137
85.6667	0.121732
85.7333	0.0514296
85.8	0.0571823
85.8667	0.0595962
85.9333	0.0738604
86	0.0478557
86.0667	0.0721675
86.1333	0.0494075
86.2	0.0497994
86.2667	0.0492037
86.3333	0.0708665
86.4	0.0738448
86.4667	0.0647533
86.5333	0.0447363
86.6	0.0442034
86.6667	0.0437018
86.7333	0.0441093
86.8	0.0349238
86.8667	0.0437958
86.9333	0.0430278
87	0.0582952
87.0667	0.0557245
87.1333	0.0396733
87.2	0.061634
87.2667	0.0279014
87.3333	0.101636
87.4	0.0781083
87.4667	0.052323
87.5333	0.035206
87.6	0.0366951
87.6667	0.0436861
87.7333	0.0388426
87.8	0.056038
87.8667	0.0792683
87.9333	0.064142
88	0.0489372
88.0667	0.157659
88.1333	0.0922472
88.2	0.0769641
88.2667	0.0884225
88.3333	0.0396733
88.4	0.0368989
88.4667	0.0570882
88.5333	0.0472914
88.6	0.051649
88.6667	0.0582952
88.7333	0.0463038
88.8	0.064863
88.8667	0.05353
88.9333	0.061148
89	0.269688
89.0667	0.164665
89.1333	0.135635
89.2	0.150903
89.2667	0.127014
89.3333	0.0916985
89.4	0.0854129
89.4667	0.100618
89.5333	0.0713995
89.6	0.0721205
89.6667	0.101292
89.7333	0.0643614
89.8	0.059847
89.8667	0.0748793
89.9333	0.0474795
90	0.0504264
90.0667	0.064142
90.1333	0.0603956
90.2	0.060521
90.2667	0.073641
90.3333	0.0527149
90.4	0.0574801
90.4667	0.0621826
90.5333	0.0581228
90.6	0.0526365
90.6667	0.232319
90.7333	0.0845037
90.8	0.0700044
90.8667	0.0694871
90.9333	0.066117
91	0.0659446
91.0667	0.0702709
91.1333	0.0619788
91.2	0.0684996
91.2667	0.0903035
91.3333	0.0675434
91.4	0.0711643
91.4667	0.0706314
91.5333	0.0636717
91.6	0.0599254
91.6667	0.0615869
91.7333	0.066838
91.8	0.0617907
91.8667	0.0621199
91.9333	0.0632798
92	0.0603329
92.0667	0.0620885
92.1333	0.0586871
92.2	0.0612891
92.2667	0.0511788
92.3333	0.162565
92.4	0.0781397
92.4667	0.0727162
92.5333	0.0621512
92.6	0.050975
92.6667	0.0545332
92.7333	0.0587498
92.8	0.0512415
92.8667	0.0548467
92.9333	0.0563201
93	0.0625274
93.0667	0.071086
93.1333	0.0420403
93.2	0.0486394
93.2667	0.0481065
93.3333	0.0394696
93.4	0.046586
93.4667	0.0591573
93.5333	0.0420716
93.6	0.0468211
93.6667	0.0601919
93.7333	0.0420403
93.8	0.0439526
93.8667	0.0761019
93.9333	0.0470092
94	0.107859
94.0667	0.125212
94.1333	0.0489686
94.2	0.0636404
94.2667	0.153348
94.3333	0.0613048
94.4	0.0513669
94.4667	0.0590162
94.5333	0.0343438
94.6	0.0431845
94.6667	0.125556
94.7333	0.110446
94.8	0.0822309
94.8667	0.115948
94.9333	0.147439
95	0.14678
95.0667	0.0864004
95.1333	0.239028
95.2	0.113596
95.2667	0.0986582
95.3333	0.234654
95.4	0.258088
95.4667	0.232663
95.5333	0.249922
95.6	0.23235
95.6667	0.297981
95.7333	0.288278
95.8	0.320647
95.8667	0.0991598
95.9333	0.337905
96	0.362186
96.0667	0.316948
96.1333	0.350179
96.2	0.343517
96.2667	0.268183
96.3333	0.407189
96.4	0.381325
96.4667	0.307433
96.5333	0.396498
96.6	0.410951
96.6667	0.356574
96.7333	0.413004
96.8	0.425293
96.8667	0.324378
96.9333	0.430482
97	0.430482
97.0667	0.376199
97.1333	0.435215
97.2	0.448461
97.2667	0.409947
97.3333	0.467616
97.4	0.449652
97.4667	0.38087
97.5333	0.432676
97.6	0.43788
97.6667	0.398395
97.7333	0.462835
97.8	0.533576
97.8667	0.453884
97.9333	0.363863
98	0.568327
98.0667	0.570835
98.1333	0.606574
98.2	0.597655
98.2667	0.143363
98.3333	0.527651
98.4	0.603862
98.4667	0.254311
98.5333	0.228133
98.6	0.0852248
98.6667	0.569518
98.7333	0.565192
98.8	0.54599
98.8667	0.545034
98.9333	0.0233557
99	0.196736
99.0667	0.593799
99.1333	0.330726
99.2	0.555709
99.2667	0.557386
99.3333	0.543717
99.4	0.071133
99.4667	0.449871
99.5333	0.576572
99.6	0.501505
99.6667	0.600273
99.7333	0.551571
99.8	0.554376
99.8667	0.58836
99.9333	0.539172
100	0.611841
100.067	0.603079
100.133	0.384068
100.2	0.613581
100.267	0.682018
100.333	0.627218
100.4	0.629616
100.467	0.681563
100.533	0.765644
100.6	0.797213
100.667	0.611041
100.733	0.671798
100.8	0.680732
100.867	0.624099
100.933	0.732272
101	0.731002
101.067	0.689683
101.133	0.70227
101.2	0.795254
101.267	0.732115
101.333	0.808342
101.4	0.741144
101.467	0.761098
101.533	0.464935
101.6	0.648708
101.667	0.64642
101.733	0.600226
101.8	0.768638
101.867	0.655558
101.933	0.779814
102	0.776412
102.067	0.781005
102.133	0.779375
102.2	0.787573
102.267	0.757148
102.333	0.765753
102.4	0.774766
102.467	0.731566
102.533	0.742633
102.6	0.760298
102.667	0.754123
102.733	0.773371
102.8	0.770863
102.867	0.757524
102.933	0.773011
103	0.780927
103.067	0.763872
103.133	0.777165
103.2	0.760455
103.267	0.785958
103.333	0.777227
103.4	0.773058
103.467	0.773732
103.533	0.787573
103.6	0.789407
103.667	0.675826
103.733	0.791115
103.8	0.809628
103.867	0.775597
103.933	0.802323
104	0.769312
104.067	0.742758
104.133	0.801994
104.2	0.800567
104.267	0.759389
104.333	0.699135
104.4	0.778591
104.467	0.773481
104.533	0.790269
104.6	0.802057
104.667	0.78204
104.733	0.796852
104.8	0.788294
104.867	0.809502
104.933	0.807872
105	0.808076
105.067	0.769656
105.133	0.804079
105.2	0.804392
105.267	0.63167
105.333	0.819158
105.4	0.825365
105.467	0.797903
105.533	0.823186
105.6	0.824064
105.667	0.759327
105.733	0.510596
105.8	0.70542
105.867	0.812386
105.933	0.825506
106	0.796523
106.067	0.804612
106.133	0.813625
106.2	0.476676
106.267	0.610556
106.333	0.734388
106.4	0.800066
106.467	0.741504
106.533	0.781569
106.6	0.697567
106.667	0.808248
106.733	0.83024
106.8	0.797918
106.867	0.793122
106.933	0.820961
107	0.82629
107.067	0.811132
107.133	0.834817
107.2	0.830726
107.267	0.804235
107.333	0.83419
107.4	0.826713
107.467	0.80701
107.533	0.836651
107.6	0.790473
107.667	0.788968
107.733	0.8069
107.8	0.798106
107.867	0.780033
107.933	0.787526
108	0.386795
108.067	0.759562
108.133	0.764076
108.2	0.570584
108.267	0.779814
108.333	0.745031
108.4	0.771647
108.467	0.723431
108.533	0.747445
108.6	0.791805
108.667	0.66697
108.733	0.784438
108.8	0.78414
108.867	0.755251
108.933	0.790661
109	0.78831
109.067	0.756254
109.133	0.795724
109.2	0.763214
109.267	0.759844
109.333	0.777055
109.4	0.791978
109.467	0.787275
109.533	0.792119
109.6	0.757994
109.667	0.762462
109.733	0.784971
109.8	0.786523
109.867	0.776883
109.933	0.755784
110	0.770252
110.067	0.77171
110.133	0.775252
110.2	0.772023
110.267	0.797056
110.333	0.755251
110.4	0.74815
110.467	0.775252
110.533	0.739968
110.6	0.754624
110.667	0.739169
110.733	0.733933
110.8	0.785081
110.867	0.739592
110.933	0.746724
111	0.77577
111.067	0.742429
111.133	0.721926
111.2	0.75986
111.267	0.741222
111.333	0.728431
111.4	0.773795
111.467	0.743025
111.533	0.766866
111.6	0.259593
111.667	0.00587811
111.733	0.72318
111.8	0.72307
111.867	0.723196
111.933	0.547307
112	0.567841
112.067	0.744091
112.133	0.735987
112.2	0.755737
112.267	0.731613
112.333	0.716863
112.4	0.75569
112.467	0.729434
112.533	0.621716
112.6	0.51533
112.667	0.696345
112.733	0.215672
112.8	0.761286
112.867	0.786225
112.933	0.788968
113	0.773356
113.067	0.788921
113.133	0.756333
113.2	0.725547
113.267	0.743855
113.333	0.794799
113.4	0.77613
113.467	0.782714
113.533	0.800301
113.6	0.77671
113.667	0.784939
113.733	0.403646
113.8	0.742304
113.867	0.777149
113.933	0.778293
114	0.75638
114.067	0.717443
114.133	0.770377
114.2	0.75047
114.267	0.758026
114.333	0.756975
114.4	0.745893
114.467	0.730218
114.533	0.727836
114.6	0.715029
114.667	0.714104
114.733	0.726629
114.8	0.715405
114.867	0.687927
114.933	0.703273
115	0.703916
115.067	0.69252
115.133	0.699229
115.2	0.688131
115.267	0.676046
115.333	0.685419
115.4	0.679698
115.467	0.698853
115.533	0.699621
115.6	0.715829
115.667	0.710468
115.733	0.706283
115.8	0.707505
115.867	0.652517
115.933	0.697849
116	0.712114
116.067	0.665716
116.133	0.689667
116.2	0.676939
116.267	0.635792
116.333	0.66476
116.4	0.660747
116.467	0.636874
116.533	0.652502
116.6	0.663035
116.667	0.6578
116.733	0.650229
116.8	0.670826
116.867	0.646373
116.933	0.645683
117	0.648317
117.067	0.650997
117.133	0.6441
117.2	0.638316
117.267	0.660559
117.333	0.628503
117.4	0.630306
117.467	0.633613
117.533	0.651169
117.6	0.65142
117.667	0.642047
117.733	0.526365
117.8	0.662455
117.867	0.616669
117.933	0.659399
118	0.651828
118.067	0.623237
118.133	0.600304
118.2	0.586557
118.267	0.63156
118.333	0.636247
118.4	0.643692
118.467	0.633504
118.533	0.640918
118.6	0.63319
118.667	0.626622
118.733	0.62888
118.8	0.611512
118.867	0.602389
118.933	0.604019
119	0.518779
119.067	0.572732
119.133	0.573782
119.2	0.567293
119.267	0.566368
119.333	0.555881
119.4	0.529861
119.467	0.532667
119.533	0.539078
119.6	0.527792
119.667	0.522838
119.733	0.509091
119.8	0.517415
119.867	0.520691
119.933	0.530864
120	0.539924
120.067	0.534783
120.133	0.546774
120.2	0.549815
120.267	0.537886
120.333	0.549862
120.4	0.545755
120.467	0.526977
120.533	0.543169
120.6	0.510471
120.667	0.533011
120.733	0.533247
120.8	0.529845
120.867	0.527368
120.933	0.527463
121	0.527666
121.067	0.512305
121.133	0.541492
121.2	0.53287
121.267	0.523763
121.333	0.538843
121.4	0.527854
121.467	0.503652
121.533	0.525237
121.6	0.542981
121.667	0.511662
121.733	0.535504
121.8	0.53414
121.867	0.510095
121.933	0.531319
122	0.521647
122.067	0.509405
122.133	0.52787
122.2	0.520205
122.267	0.516177
122.333	0.523074
122.4	0.510236
122.467	0.482444
122.533	0.505204
122.6	0.49674
122.667	0.485955
122.733	0.491285
122.8	0.48083
122.867	0.478227
122.933	0.466095
123	0.451611
123.067	0.431391
123.133	0.433538
123.2	0.434965
123.267	0.414713
123.333	0.390871
123.4	0.364145
123.467	0.363455
123.533	0.349019
123.6	0.356605
123.667	0.349066
123.733	0.352514
123.8	0.344692
123.867	0.342279
123.933	0.34673
124	0.342984
124.067	0.342764
124.133	0.33941
124.2	0.332701
124.267	0.321384
124.333	0.326572
124.4	0.322058
124.467	0.307355
124.533	0.311352
124.6	0.295802
124.667	0.303875
124.733	0.316054
124.8	0.321055
124.867	0.32234
124.933	0.348627
125	0.357953
125.067	0.336244
125.133	0.386059
125.2	0.395134
125.267	0.367029
125.333	0.405621
125.4	0.444746
125.467	0.377281
125.533	0.445749
125.6	0.449135
125.667	0.460389
125.733	0.477256
125.8	0.489545
125.867	0.45205
125.933	0.504123
126	0.507195
126.067	0.487679
126.133	0.525644
126.2	0.541162
126.267	0.511396
126.333	0.555348
126.4	0.559784
126.467	0.549266
126.533	0.580334
126.6	0.527055
126.667	0.596448
126.733	0.620635
126.8	0.599552
126.867	0.623848
126.933	0.65675
127	0.618565
127.067	0.626779
127.133	0.625086
127.2	0.641467
127.267	0.634209
127.333	0.630588
127.4	0.610508
127.467	0.621105
127.533	0.613534
127.6	0.598392
127.667	0.575804
127.733	0.575506
127.8	0.549721
127.867	0.46133
127.933	0.428115
128	0.470986
128.067	0.507022
128.133	0.539376
128.2	0.542761
128.267	0.511803
128.333	0.532087
128.4	0.515032
128.467	0.474732
128.533	0.490078
128.6	0.475359
128.667	0.453116
128.733	0.463164
128.8	0.45227
128.867	0.415622
128.933	0.428303
129	0.404085
129.067	0.371105
129.133	0.413145
129.2	0.40874
129.267	0.367656
129.333	0.368707
129.4	0.381623
129.467	0.350132
129.533	0.328735
129.6	0.322418
129.667	0.31212
129.733	0.311462
129.8	0.286899
129.867	0.281899
129.933	0.268402
130	0.255972
130.067	0.259091
130.133	0.261333
130.2	0.249639
130.267	0.235751
130.333	0.210499
130.4	0.185811
130.467	0.175497
130.533	0.163882
130.6	0.156703
130.667	0.214841
130.733	0.130698
130.8	0.13819
130.867	0.11808
130.933	0.126199
131	0.0903348
131.067	0.0723713
131.133	0.105038
131.2	0.0706627
131.267	0.0537495
131.333	0.0790645
131.4	0.0677629
131.467	0.0494232
131.533	0.0375729
131.6	0.0455358
131.667	0.0449558
131.733	0.049188
131.8	0.0321337
131.867	0.0541257
131.933	0.0424635
132	0.0299235
132.067	0.0807104
132.133	0.0711173
132.2	0.0575428
132.267	0.0869804
132.333	0.0796602
132.4	0.0326196
132.467	0.0377453
132.533	0.0584833
132.6	0.0296884
132.667	0.0711957
132.733	0.0459903
132.8	0.0407392
132.867	0.0384977
132.933	0.0295003
133	0.0284501
133.067	0.018951
133.133	0.0288576
133.2	0.0386074
133.267	0.0689542
133.333	0.0396577
133.4	0.035206
133.467	0.0432316
133.533	0.0574801
133.6	0.062888
133.667	0.069252
133.733	0.0851151
133.8	0.113299
133.867	0.124553
133.933	0.141514
134	0.152627
134.067	0.162158
134.133	0.189887
134.2	0.197207
134.267	0.21912
134.333	0.255126
134.4	0.267885
134.467	0.276146
134.533	0.32698
134.6	0.336745
134.667	0.334441
134.733	0.366261
134.8	0.395589
134.867	0.384789
134.933	0.414728
135	0.435027
135.067	0.428663
135.133	0.448947
135.2	0.447536
135.267	0.45622
135.333	0.474403
135.4	0.463587
135.467	0.460358
135.533	0.458022
135.6	0.419023
135.667	0.425042
135.733	0.434886
135.8	0.432457
135.867	0.414509
135.933	0.409994
136	0.402596
136.067	0.395714
136.133	0.390448
136.2	0.386748
136.267	0.361167
136.333	0.362531
136.4	0.35543
136.467	0.31259
136.533	0.34568
136.6	0.333939
136.667	0.302464
136.733	0.315521
136.8	0.317371
136.867	0.282949
136.933	0.28704
137	0.26301
137.067	0.22166
137.133	0.252477
137.2	0.240705
137.267	0.204746
137.333	0.213477
137.4	0.183773
137.467	0.199135
137.533	0.180685
137.6	0.166578
137.667	0.142094
137.733	0.13283
137.8	0.139993
137.867	0.114412
137.933	0.119694
138	0.0927801
138.067	0.106715
138.133	0.0833908
138.2	0.0921374
138.267	0.0865101
138.333	0.0626685
138.4	0.0401906
138.467	0.0582325
138.533	0.0657721
138.6	0.0553796
138.667	0.0768857
138.733	0.0652705
138.8	0.0558029
138.867	0.0261615
138.933	0.0398144
139	0.0563515
139.067	0.0784532
139.133	0.0301586
139.2	0.0324785
139.267	0.0694244
139.333	0.0474795
139.4	0.054878
139.467	0.0470092
139.533	0.0421657
139.6	0.0419932
139.667	0.0398458
139.733	0.033419
139.8	0.019484
139.867	0.0198445
139.933	0.0331996
140	0.0563045
140.067	0.061634
140.133	0.0605524
140.2	0.0668694
140.267	0.0618064
140.333	0.0729513
140.4	0.0755377
140.467	0.104003
140.533	0.0952411
140.6	0.120274
140.667	0.223791
140.733	0.116857
140.8	0.138786
140.867	0.144022
140.933	0.1441
141	0.177347
141.067	0.188977
141.133	0.200216
141.2	0.20959
141.267	0.196407
141.333	0.211236
141.4	0.225625
141.467	0.230924
141.533	0.257665
141.6	0.263857
141.667	0.280409
141.733	0.288074
141.8	0.28878
141.867	0.297495
141.933	0.291695
142	0.322795
142.067	0.328814
142.133	0.341448
142.2	0.344975
142.267	0.33198
142.333	0.365117
142.4	0.34416
142.467	0.345414
142.533	0.354944
142.6	0.363706
142.667	0.34557
142.733	0.364945
142.8	0.366528
142.867	0.301053
142.933	0.370196
143	0.370979
143.067	0.357624
143.133	0.360728
143.2	0.355665
143.267	0.345241
143.333	0.352937
143.4	0.342169
143.467	0.344065
143.533	0.348313
143.6	0.347012
143.667	0.344943
143.733	0.350069
143.8	0.366575
143.867	0.356245
143.933	0.368518
144	0.37402
144.067	0.337827
144.133	0.36554
144.2	0.237836
144.267	0.345508
144.333	0.34347
144.4	0.357154
144.467	0.316869
144.533	0.352875
144.6	0.0882187
144.667	0.309236
144.733	0.333892
144.8	0.343235
144.867	0.296304
144.933	0.32908
145	0.326807
145.067	0.228494
145.133	0.318437
145.2	0.319424
145.267	0.27961
145.333	0.302041
145.4	0.266349
145.467	0.230234
145.533	0.240642
145.6	0.217161
145.667	0.226519
145.733	0.193351
145.8	0.210891
145.867	0.163631
145.933	0.193006
146	0.160809
146.067	0.145683
146.133	0.117358
146.2	0.112154
146.267	0.122437
146.333	0.113534
146.4	0.101872
146.467	0.077497
146.533	0.0842373
146.6	0.0596119
146.667	0.0703022
146.733	0.0622453
146.8	0.0564455
146.867	0.054737
146.933	0.0492978
147	0.0404728
147.067	0.0360994
147.133	0.0342968
147.2	0.0310208
147.267	0.0253307
147.333	0.0334817
147.4	0.015769
147.467	0.0204558
147.533	0.0314753
147.6	0.015189
147.667	0.0385291
147.733	0.0134961
147.8	0.0153458
147.867	0.0155025
147.933	0.020691
148	0.02276
148.067	0.0231362
148.133	0.0147345
148.2	0.0147972
148.267	0.0148285
148.333	0.0108941
148.4	0.0220703
148.467	0.0257383
148.533	0.0260361
148.6	0.0217255
148.667	0.0203931
148.733	0.0210045
148.8	0.0288419
148.867	0.0290771
148.933	0.030237
149	0.0580444
149.067	0.0237476
149.133	0.0182457
149.2	0.0247978
149.267	0.0255032
149.333	0.0291868
149.4	0.0246567
149.467	0.0259264
149.533	0.0278858
149.6	0.0336698
149.667	0.0335601
149.733	0.0370399
149.8	0.0361778
149.867	0.0319299
149.933	0.0301273
150	0.0275409
150.067	0.0338579
150.133	0.0375729
150.2	0.0436548
150.267	0.0386074
150.333	0.035347
150.4	0.0379334
150.467	0.0396577
150.533	0.041523
150.6	0.0450185
150.667	0.108267
150.733	0.0493448
150.8	0.0407079
150.867	0.0360681
150.933	0.0527463
151	0.0580601
151.067	0.0699574
151.133	0.0703022
151.2	0.08256
151.267	0.0949119
151.333	0.0992382
151.4	0.106574
151.467	0.123519
151.533	0.12935
151.6	0.132532
151.667	0.135745
151.733	0.140573
151.8	0.144633
151.867	0.144962
151.933	0.152063
152	0.152392
152.067	0.152909
152.133	0.159399
152.2	0.159728
152.267	0.154681
152.333	0.167644
152.4	0.176375
152.467	0.158772
152.533	0.166358
152.6	0.171484
152.667	0.165543
152.733	0.181939
152.8	0.181077
152.867	0.162847
152.933	0.189244
153	0.186924
153.067	0.163035
153.133	0.198398
153.2	0.207098
153.267	0.179416
153.333	0.223039
153.4	0.225782
153.467	0.195185
153.533	0.226691
153.6	0.224465
153.667	0.204856
153.733	0.230438
153.8	0.225876
153.867	0.203539
153.933	0.233682
154	0.243746
154.067	0.209919
154.133	0.240564
154.2	0.223729
154.267	0.213603
154.333	0.218023
154.4	0.223447
154.467	0.207787
154.533	0.241018
154.6	0.232538
154.667	0.187974
154.733	0.222898
154.8	0.220343
154.867	0.181265
154.933	0.209276
155	0.203053
155.067	0.170214
155.133	0.202191
155.2	0.208853
155.267	0.151984
155.333	0.199072
155.4	0.183131
155.467	0.140385
155.533	0.177676
155.6	0.170732
155.667	0.152862
155.733	0.148285
155.8	0.141341
155.867	0.107452
155.933	0.128159
156	0.126027
156.067	0.096981
156.133	0.107969
156.2	0.103988
156.267	0.0892689
156.333	0.0958838
156.4	0.0885322
156.467	0.0721048
156.533	0.0771051
156.6	0.0658035
156.667	0.0654273
156.733	0.0719481
156.8	0.0724497
156.867	0.0679196
156.933	0.0744874
157	0.0641106
157.067	0.0603956
157.133	0.0594865
157.2	0.0615869
157.267	0.0526836
157.333	0.0626372
157.4	0.0498621
157.467	0.0476049
157.533	0.053577
157.6	0.0538435
157.667	0.0492664
157.733	0.0552699
157.8	0.0503637
157.867	0.0611167
157.933	0.0800991
158	0.0778732
158.067	0.0578249
158.133	0.0863377
158.2	0.081259
158.267	0.0602702
158.333	0.0788451
158.4	0.0907267
158.467	0.060427
158.533	0.0941282
158.6	0.0721989
158.667	0.0660856
158.733	0.0745501
158.8	0.078751
158.867	0.0745031
158.933	0.0845978
159	0.0941752
159.067	0.0830303
159.133	0.113534
159.2	0.127296
159.267	0.123848
159.333	0.1491
159.4	0.142909
159.467	0.134428
159.533	0.134366
159.6	0.158035
159.667	0.10554
159.733	0.149445
159.8	0.162471
159.867	0.135306
159.933	0.193116
160	0.196094
160.067	0.140307
160.133	0.142893
160.2	0.167487
160.267	0.147031
160.333	0.185733
160.4	0.193241
160.467	0.149649
160.533	0.19531
160.6	0.205029
160.667	0.180779
160.733	0.190937
160.8	0.198586
160.867	0.141059
160.933	0.1981
161	0.170606
161.067	0.120666
161.133	0.118769
161.2	0.117437
161.267	0.0811023
161.333	0.106323
161.4	0.0806947
161.467	0.0713211
161.533	0.0642203
161.6	0.049815
161.667	0.0449088
161.733	0.033325
161.8	0.0245783
161.867	0.0257226
161.933	0.0200169
162	0.00774343
162.067	0.0149382
162.133	0.0223055
162.2	0.035347
162.267	0.0397204
162.333	0.0594551
162.4	0.065443
162.467	0.0665245
162.533	0.0809142
162.6	0.0845978
162.667	0.0779359
162.733	0.0921531
162.8	0.0955703
162.867	0.0872468
162.933	0.0915575
163	0.0864474
163.067	0.0874976
163.133	0.121011
163.2	0.14653
163.267	0.108251
163.333	0.150009
163.4	0.148411
163.467	0.0988463
163.533	0.154618
163.6	0.150056
163.667	0.108878
163.733	0.145354
163.8	0.145244
163.867	0.107875
163.933	0.149586
164	0.157659
164.067	0.114631
164.133	0.163161
164.2	0.153348
164.267	0.0945357
164.333	0.118409
164.4	0.104239
164.467	0.0870274
164.533	0.0881873
164.6	0.0812277
164.667	0.0599724
164.733	0.0617907
164.8	0.0552386
164.867	0.049141
164.933	0.0431689
165	0.0421343
165.067	0.0414133
165.133	0.0450969
165.2	0.0501599
165.267	0.0441564
165.333	0.0396106
165.4	0.0416484
165.467	0.0400025
165.533	0.0462411
165.6	0.0469152
165.667	0.0682174
165.733	0.0524955
165.8	0.059126
165.867	0.0463038
165.933	0.0631701
166	0.0658662
166.067	0.0534203
166.133	0.0928271
166.2	0.121591
166.267	0.0627312
166.333	0.111794
166.4	0.0982663
166.467	0.0596432
166.533	0.114897
166.6	0.115305
166.667	0.062982
166.733	0.111857
166.8	0.104599
166.867	0.0650981
166.933	0.108972
167	0.108377
167.067	0.0663678
167.133	0.0886419
167.2	0.0905386
167.267	0.0874663
167.333	0.0964481
167.4	0.0997084
167.467	0.107232
167.533	0.119757
167.6	0.131999
167.667	0.136341
167.733	0.136545
167.8	0.147313
167.867	0.139523
167.933	0.14189
168	0.13551
168.067	0.135463
168.133	0.144743
168.2	0.146545
168.267	0.143583
168.333	0.149696
168.4	0.152847
168.467	0.149774
168.533	0.182519
168.6	0.180497
168.667	0.157847
168.733	0.217835
168.8	0.213477
168.867	0.169133
168.933	0.215374
169	0.243213
169.067	0.176093
169.133	0.242163
169.2	0.245109
169.267	0.184008
169.333	0.247586
169.4	0.249373
169.467	0.186516
169.533	0.263151
169.6	0.267995
169.667	0.196799
169.733	0.288796
169.8	0.287432
169.867	0.19404
169.933	0.259358
170	0.220061
170.067	0.18498
170.133	0.196595
170.2	0.185905
170.267	0.161562
170.333	0.178977
170.4	0.166045
170.467	0.13272
170.533	0.133911
170.6	0.118377
170.667	0.133033
170.733	0.0732805
170.8	0.0821055
170.867	0.0710389
170.933	0.061007
171	0.0509593
171.067	0.0404414
171.133	0.032071
171.2	0.0208477
171.267	0.0179478
171.333	0.0143739
171.4	0.010706
171.467	0.0107844
171.533	0.00619161
171.6	0.0615242
171.667	0.130055
171.733	0.106527
171.8	0.0790488
171.867	0.0651295
171.933	0.0832341
172	0.0434197
172.067	0.0613361
172.133	0.0332779
172.2	0.0774186
172.267	0.0250956
172.333	0.249687
172.4	0.111355
172.467	0.140871
172.533	0.147423
172.6	0.152063
172.667	0.0771678
172.733	0.0853659
172.8	0.0589849
172.867	0.136952
172.933	0.0909775
173	0.0568217
173.067	0.110603
173.133	0.0816509
173.2	0.112985
173.267	0.166531
173.333	0.0512728
173.4	0.066164
173.467	0.114474
173.533	0.0961346
173.6	0.043451
173.667	0.0348768
173.733	0.124318
173.8	0.0940968
173.867	0.125886
173.933	0.0488275
174	0.220907
174.067	0.0761019
174.133	0.0870744
174.2	0.0553326
174.267	0.0968086
174.333	0.050395
174.4	0.115775
174.467	0.0584206
174.533	0.0475108
174.6	0.0969497
174.667	0.101746
174.733	0.0916985
174.8	0.125556
174.867	0.00609756
174.933	0.00841746
175	0.0167722
175.067	0.0264907
175.133	0.0322277
175.2	0.0419932
175.267	0.0508653
175.333	0.0556775
175.4	0.0656311
175.467	0.0649571
175.533	0.0726848
175.6	0.0729513
175.667	0.119725
175.733	0.0848016
175.8	0.0999436
175.867	0.109254
175.933	0.126293
176	0.14468
176.067	0.153615
176.133	0.194401
176.2	0.219073
176.267	0.216581
176.333	0.251709
176.4	0.289125
176.467	0.26207
176.533	0.298373
176.6	0.325334
176.667	0.293953
176.733	0.337404
176.8	0.340084
176.867	0.315459
176.933	0.366449
177	0.369145
177.067	0.328798
177.133	0.408066
177.2	0.413051
177.267	0.345805
177.333	0.464277
177.4	0.438727
177.467	0.371794
177.533	0.445765
177.6	0.460922
177.667	0.344802
177.733	0.442285
177.8	0.415951
177.867	0.378347
177.933	0.466017
178	0.417001
178.067	0.332874
178.133	0.410151
178.2	0.435419
178.267	0.367217
178.333	0.418459
178.4	0.400448
178.467	0.357765
178.533	0.366622
178.6	0.361371
178.667	0.333642
178.733	0.349285
178.8	0.340977
178.867	0.302119
178.933	0.306994
179	0.314032
179.067	0.297135
179.133	0.296461
179.2	0.298639
179.267	0.262665
179.333	0.271459
179.4	0.259687
179.467	0.245987
179.533	0.23677
179.6	0.236896
179.667	0.202693
179.733	0.201314
179.8	0.189667
179.867	0.183914
179.933	0.183131
180	0.164368
180.067	0.163835
180.133	0.148818
180.2	0.139523
180.267	0.139397
180.333	0.128033
180.4	0.112248
180.467	0.107969
180.533	0.107217
180.6	0.100304
180.667	0.229717
180.733	0.0942222
180.8	0.0897862
180.867	0.0930152
180.933	0.0943006
181	0.0923099
181.067	0.0951157
181.133	0.084441
181.2	0.0874036
181.267	0.107123
181.333	0.0923569
181.4	0.101072
181.467	0.116277
181.533	0.0945514
181.6	0.108675
181.667	0.112139
181.733	0.114678
181.8	0.101276
181.867	0.105101
181.933	0.113847
182	0.1146
182.067	0.11286
182.133	0.124741
182.2	0.127876
182.267	0.129209
182.333	0.156107
182.4	0.138347
182.467	0.119098
182.533	0.147423
182.6	0.140808
182.667	0.114365
182.733	0.141482
182.8	0.126513
182.867	0.113471
182.933	0.123143
183	0.108784
183.067	0.0929682
183.133	0.116669
183.2	0.118518
183.267	0.125478
183.333	0.126638
183.4	0.126497
183.467	0.137015
183.533	0.12228
183.6	0.121418
183.667	0.130322
183.733	0.134805
183.8	0.137955
183.867	0.14736
183.933	0.152643
184	0.163553
184.067	0.15421
184.133	0.15305
184.2	0.155762
184.267	0.155793
184.333	0.154978
184.4	0.155025
184.467	0.158254
184.533	0.161311
184.6	0.158897
184.667	0.166499
184.733	0.168835
184.8	0.167863
184.867	0.190561
184.933	0.181877
185	0.170967
185.067	0.171719
185.133	0.168192
185.2	0.173788
185.267	0.186469
185.333	0.185717
185.4	0.192645
185.467	0.196831
185.533	0.195138
185.6	0.200263
185.667	0.302276
185.733	0.21934
185.8	0.204339
185.867	0.215092
185.933	0.198132
186	0.203383
186.067	0.19473
186.133	0.196831
186.2	0.200655
186.267	0.205938
186.333	0.189636
186.4	0.189777
186.467	0.207301
186.533	0.192332
186.6	0.210264
186.667	0.184259
186.733	0.20633
186.8	0.174353
186.867	0.170199
186.933	0.169838
187	0.136137
187.067	0.136795
187.133	0.0743307
187.2	0.109693
187.267	0.107452
187.333	0.219261
187.4	0.120384
187.467	0.101527
187.533	0.0812277
187.6	0.0549407
187.667	0.0654743
187.733	0.069346
187.8	0.0771208
187.867	0.0973729
187.933	0.0609286
188	0.0704746
188.067	0.0891749
188.133	0.0703963
188.2	0.0388426
188.267	0.0584519
188.333	0.0656154
188.4	0.0506301
188.467	0.0531068
188.533	0.0463038
188.6	0.0798483
188.667	0.0971378
188.733	0.0601292
188.8	0.0345163
188.867	0.0451909
188.933	0.0799737
189	0.196721
189.067	0.066211
189.133	0.055991
189.2	0.0469465
189.267	0.0613832
189.333	0.054063
189.4	0.04273
189.467	0.0535927
189.533	0.0472757
189.6	0.0600508
189.667	0.0608972
189.733	0.074315
189.8	0.038388
189.867	0.0287479
189.933	0.0356135
190	0.0486551
190.067	0.0525738
190.133	0.0554423
190.2	0.0583736
190.267	0.0623393
190.333	0.0590162
190.4	0.0521193
190.467	0.0513042
190.533	0.0436704
190.6	0.0418835
190.667	0.112342
190.733	0.0544391
190.8	0.0680293
190.867	0.0658662
190.933	0.0415857
191	0.0482005
191.067	0.0612421
191.133	0.0571352
191.2	0.0684055
191.267	0.103423
191.333	0.0581228
191.4	0.0612107
191.467	0.0724497
191.533	0.0545332
191.6	0.0586871
191.667	0.084927
191.733	0.0505831
191.8	0.0479811
191.867	0.0449558
191.933	0.0366951
192	0.0545959
192.067	0.0523074
192.133	0.048561
192.2	0.0563515
192.267	0.067465
192.333	0.115509
192.4	0.0714465
192.467	0.0841432
192.533	0.0605367
192.6	0.0603486
192.667	0.0852718
192.733	0.0741896
192.8	0.0715249
192.867	0.0695968
192.933	0.0633112
193	0.0520879
193.067	0.0556618
193.133	0.0566336
193.2	0.0584676
193.267	0.0563672
193.333	0.0731237
193.4	0.0650041
193.467	0.0630761
193.533	0.0788921
193.6	0.0676061
193.667	0.074989
193.733	0.0727162
193.8	0.0794407
193.867	0.0804596
193.933	0.0896138
194	0.177049
194.067	0.0893316
194.133	0.0889711
194.2	0.0898802
194.267	0.0880149
194.333	0.078171
194.4	0.0906326
194.467	0.0989404
194.533	0.0816195
194.6	0.0972318
194.667	0.0833281
194.733	0.0813687
194.8	0.0684839
194.867	0.084927
194.933	0.0747069
195	0.0759295
195.067	0.0730767
195.133	0.0802088
195.2	0.0825444
195.267	0.0895197
195.333	0.0579033
195.4	0.0519468
195.467	0.0347357
195.533	0.0966048
195.6	0.0573233
195.667	0.0530911
195.733	0.0513512
195.8	0.0883441
195.867	0.0837043
195.933	0.0714622
196	0.0611167
196.067	0.0702395
196.133	0.072434
196.2	0.0644084
196.267	0.0657878
196.333	0.062982
196.4	0.0730297
196.467	0.0709762
196.533	0.090617
196.6	0.0930309
196.667	0.0982193
196.733	0.093799
196.8	0.111762
196.867	0.122108
196.933	0.108518
197	0.112421
197.067	0.0945044
197.133	0.122751
197.2	0.121575
197.267	0.125086
197.333	0.178522
197.4	0.114255
197.467	0.152611
197.533	0.136027
197.6	0.146279
197.667	0.169603
197.733	0.143489
197.8	0.169133
197.867	0.166923
197.933	0.158866
198	0.153489
198.067	0.191532
198.133	0.1744
198.2	0.17835
198.267	0.257305
198.333	0.211628
198.4	0.189071
198.467	0.212803
198.533	0.190545
198.6	0.205232
198.667	0.202411
198.733	0.203712
198.8	0.210154
198.867	0.19321
198.933	0.212553
199	0.313405
199.067	0.255988
199.133	0.248433
199.2	0.255471
199.267	0.234764
199.333	0.239263
199.4	0.256427
199.467	0.264186
199.533	0.253543
199.6	0.269735
199.667	0.272588
199.733	0.268794
199.8	0.270534
199.867	0.27519
199.933	0.296116
200	0.294862
200.067	0.24594
200.133	0.309408
200.2	0.304267
200.267	0.282526
200.333	0.315788
200.4	0.326933
200.467	0.358095
200.533	0.351715
200.6	0.33466
200.667	0.424964
200.733	0.337795
200.8	0.379209
200.867	0.268967
200.933	0.345304
201	0.37739
201.067	0.28403
201.133	0.293733
201.2	0.35496
201.267	0.327403
201.333	0.30469
201.4	0.23862
201.467	0.252618
201.533	0.204088
201.6	0.202662
201.667	0.177237
201.733	0.206377
201.8	0.22133
201.867	0.249734
201.933	0.193006
202	0.192034
202.067	0.174133
202.133	0.199918
202.2	0.18009
202.267	0.188695
202.333	0.231519
202.4	0.197473
202.467	0.213242
202.533	0.244796
202.6	0.223321
202.667	0.224654
202.733	0.227021
202.8	0.238573
202.867	0.20274
202.933	0.226566
203	0.226315
203.067	0.230218
203.133	0.220186
203.2	0.207286
203.267	0.193554
203.333	0.216879
203.4	0.236943
203.467	0.239952
203.533	0.209026
203.6	0.203069
203.667	0.200749
203.733	0.188256
203.8	0.183522
203.867	0.183852
203.933	0.184463
204	0.257414
204.067	0.179745
204.133	0.199636
204.2	0.186156
204.267	0.192974
204.333	0.218509
204.4	0.210139
204.467	0.187974
204.533	0.195827
204.6	0.201063
204.667	0.0943946
204.733	0.183507
204.8	0.173914
204.867	0.190278
204.933	0.204386
205	0.185764
205.067	0.211596
205.133	0.181563
205.2	0.135635
205.267	0.175967
205.333	0.170497
205.4	0.150809
205.467	0.125212
205.533	0.144069
205.6	0.150323
205.667	0.194793
205.733	0.160653
205.8	0.153677
205.867	0.154634
205.933	0.16987
206	0.191423
206.067	0.207019
206.133	0.175873
206.2	0.184541
206.267	0.165136
206.333	0.196015
206.4	0.189855
206.467	0.166139
206.533	0.204292
206.6	0.196517
206.667	0.192018
206.733	0.200545
206.8	0.202709
206.867	0.182394
206.933	0.174807
207	0.170669
207.067	0.159148
207.133	0.119255
207.2	0.127532
207.267	0.128974
207.333	0.201768
207.4	0.152988
207.467	0.117484
207.533	0.163709
207.6	0.0899586
207.667	0.111135
207.733	0.119616
207.8	0.127061
207.867	0.136905
207.933	0.131074
208	0.0829362
208.067	0.0569001
208.133	0.11808
208.2	0.103016
208.267	0.134021
208.333	0.0713054
208.4	0.0726378
208.467	0.131748
208.533	0.0646906
208.6	0.0810082
208.667	0.132626
208.733	0.0736723
208.8	0.0718227
208.867	0.105273
208.933	0.107342
209	0.113001
209.067	0.0897705
209.133	0.0995987
209.2	0.0847545
209.267	0.0348611
209.333	0.0601605
209.4	0.110979
209.467	0.0932974
209.533	0.0912283
209.6	0.101856
209.667	0.105242
209.733	0.0975767
209.8	0.116387
209.867	0.130134
209.933	0.102028
210	0.0941752
210.067	0.102483
210.133	0.0732334
210.2	0.0917926
210.267	0.0831557
210.333	0.102138
210.4	0.0755847
210.467	0.104834
210.533	0.133582
210.6	0.114709
210.667	0.173538
210.733	0.0386388
210.8	0.0417111
210.867	0.0439683
210.933	0.0412722
211	0.0332152
211.067	0.0252524
211.133	0.0164587
211.2	0.0268669
211.267	0.0894257
211.333	0.0585146
211.4	0.0958681
211.467	0.0567434
211.533	0.0763684
211.6	0.049768
211.667	0.0250016
211.733	0.112421
211.8	0.0603173
211.867	0.0377453
211.933	0.119992
212	0.14178
212.067	0.0352216
212.133	0.0572293
212.2	0.0985642
212.267	0.0715876
212.333	0.0912283
212.4	0.0791115
212.467	0.100727
212.533	0.0777635
212.6	0.0989404
212.667	0.0943633
212.733	0.0564926
212.8	0.0696125
212.867	0.0816666
212.933	0.0737664
213	0.059173
213.067	0.0312402
213.133	0.0525582
213.2	0.155684
213.267	0.0439369
213.333	0.166108
213.4	0.0452066
213.467	0.0676531
213.533	0.0596589
213.6	0.0943633
213.667	0.0703963
213.733	0.0849426
213.8	0.0758041
213.867	0.0218352
213.933	0.0449401
214	0.180231
214.067	0.0764938
214.133	0.0389209
214.2	0.0430905
214.267	0.103533
214.333	0.0855383
214.4	0.123628
214.467	0.0995517
214.533	0.12192
214.6	0.026428
214.667	0.0340147
214.733	0.0417111
214.8	0.0240454
214.867	0.0634993
214.933	0.0309737
215	0.0368989
215.067	0.0456455
215.133	0.0431375
215.2	0.0564142
215.267	0.0478243
215.333	0.0716189
215.4	0.0516804
215.467	0.054157
215.533	0.0453633
215.6	0.051022
215.667	0.246332
215.733	0.109897
215.8	0.0532165
215.867	0.0699574
215.933	0.0533733
216	0.0508496
216.067	0.0713054
216.133	0.038388
216.2	0.03646
216.267	0.0571352
216.333	0.0392344
216.4	0.03646
216.467	0.0744091
216.533	0.0492507
216.6	0.0382783
216.667	0.0790018
216.733	0.0533106
216.8	0.0566963
216.867	0.0470249
216.933	0.038435
217	0.0466017
217.067	0.0436234
217.133	0.038388
217.2	0.0359113
217.267	0.0273998
217.333	0.21539
217.4	0.0209574
217.467	0.0347514
217.533	0.015095
217.6	0.036601
217.667	0.0164117
217.733	0.0233714
217.8	0.0320083
217.867	0.0290457
217.933	0.010659
218	0.0231519
218.067	0.0439369
218.133	0.0316948
218.2	0.0405668
218.267	0.0348768
218.333	0.048514
218.4	0.0462725
218.467	0.026522
218.533	0.031397
218.6	0.037761
218.667	0.0617907
218.733	0.0400339
218.8	0.0500345
218.867	0.0524328
218.933	0.0408176
219	0.198508
219.067	0.0846762
219.133	0.0329801
219.2	0.0153771
219.267	0.0129162
219.333	0.0418208
219.4	0.0167879
219.467	0.0141388
219.533	0.015816
219.6	0.0187473
219.667	0.0197191
219.733	0.0297824
219.8	0.0187786
219.867	0.0503166
219.933	0.0277133
220	0.0295473
220.067	0.0282463
220.133	0.0542824
220.2	0.044658
220.267	0.0604113
220.333	0.0337325
220.4	0.0612891
220.467	0.0475892
220.533	0.0609913
220.6	0.0540473
220.667	0.152455
220.733	0.0240297
220.8	0.0518214
220.867	0.0664462
220.933	0.0597059
221	0.0726535
221.067	0.0616183
221.133	0.0661483
221.2	0.0503637
221.267	0.051602
221.333	0.0553326
221.4	0.0569628
221.467	0.0659446
221.533	0.0643457
221.6	0.0732491
221.667	0.0639382
221.733	0.0681391
221.8	0.0858361
221.867	0.0617907
221.933	0.0813374
222	0.0775597
222.067	0.0892846
222.133	0.0665402
222.2	0.0650041
222.267	0.0742366
222.333	0.101245
222.4	0.0866669
222.467	0.0891592
222.533	0.0926234
222.6	0.0954605
222.667	0.101919
222.733	0.0752712
222.8	0.091338
222.867	0.0387485
222.933	0.0658348
223	0.0810709
223.067	0.063562
223.133	0.0705844
223.2	0.0957427
223.267	0.0940341
223.333	0.0603329
223.4	0.062261
223.467	0.0660856
223.533	0.0656781
223.6	0.0795191
223.667	0.0784062
223.733	0.0893159
223.8	0.090037
223.867	0.0788451
223.933	0.0707411
224	0.129083
224.067	0.0726221
224.133	0.0794721
224.2	0.077403
224.267	0.0793937
224.333	0.0622139
224.4	0.0527619
224.467	0.0771051
224.533	0.0639068
224.6	0.0693304
224.667	0.0811963
224.733	0.0421186
224.8	0.0454887
224.867	0.0437802
224.933	0.0445482
225	0.0427613
225.067	0.0517431
225.133	0.0419619
225.2	0.0485767
225.267	0.0566963
225.333	0.0391874
225.4	0.0363659
225.467	0.027008
225.533	0.0375102
225.6	0.0325412
225.667	0.150339
225.733	0.0702709
225.8	0.0387799
225.867	0.0393285
225.933	0.0496426
226	0.0322904
226.067	0.0609286
226.133	0.0346887
226.2	0.0351276
226.267	0.0306132
226.333	0.0382156
226.4	0.0304408
226.467	0.034093
226.533	0.026428
226.6	0.0337325
226.667	0.0345946
226.733	0.0328234
226.8	0.0323218
226.867	0.0445169
226.933	0.0485924
227	0.049768
227.067	0.0494232
227.133	0.0380275
227.2	0.0402533
227.267	0.0430121
227.333	0.345523
227.4	0.0525111
227.467	0.102796
227.533	0.0870431
227.6	0.0589379
227.667	0.0521976
227.733	0.0427143
227.8	0.0777792
227.867	0.0741112
227.933	0.0427143
228	0.0720735
228.067	0.0650354
228.133	0.0527619
228.2	0.0834535
228.267	0.066117
228.333	0.0630917
228.4	0.0848172
228.467	0.0973102
228.533	0.0473541
228.6	0.0584833
228.667	0.110038
228.733	0.120979
228.8	0.0924509
228.867	0.0518058
228.933	0.115901
229	0.2442
229.067	0.0966675
229.133	0.0558185
229.2	0.12772
229.267	0.0803969
229.333	0.0388582
229.4	0.111543
229.467	0.0472443
229.533	0.0481065
229.6	0.0507242
229.667	0.00614459
229.733	0.00971848
229.8	0.00940498
229.867	0.0166782
229.933	0.0114897
230	0.0262869
230.067	0.117578
230.133	0.0937049
230.2	0.0780456
230.267	0.0605837
230.333	0.0606464
230.4	0.0524328
230.467	0.0596589
230.533	0.0628096
230.6	0.0682174
230.667	0.215703
230.733	0.0757414
230.8	0.0348454
230.867	0.0995517
230.933	0.0364756
231	0.0700514
231.067	0.0597216
231.133	0.0405982
231.2	0.0421186
231.267	0.045379
231.333	0.0722146
231.4	0.0564926
231.467	0.0923726
231.533	0.0505988
231.6	0.0371183
231.667	0.0840962
231.733	0.016976
231.8	0.0149382
231.867	0.0249702
231.933	0.0138253
232	0.00534516
232.067	0.0170544
232.133	0.0105963
232.2	0.0182927
232.267	0.01823
232.333	0.159367
232.4	0.0187159
232.467	0.0682645
232.533	0.0281209
232.6	0.0122892
232.667	0.0574174
232.733	0.0333877
232.8	0.0432002
232.867	0.126403
232.933	0.0515079
233	0.0705373
233.067	0.0849583
233.133	0.113016
233.2	0.0184181
233.267	0.0564299
233.333	0.141263
233.4	0.0562888
233.467	0.0507555
233.533	0.0247978
233.6	0.0152204
233.667	0.00764938
233.733	0.015095
233.8	0.0114741
233.867	0.0138567
233.933	0.00658348
234	0.0628566
234.067	0.0550505
234.133	0.012634
234.2	0.0197661
234.267	0.143206
234.333	0.0808044
234.4	0.076823
234.467	0.129475
234.533	0.0423851
234.6	0.123817
234.667	0.0436234
234.733	0.0371026
234.8	0.18393
234.867	0.120258
234.933	0.125635
235	0.07234
235.067	0.0531068
235.133	0.100962
235.2	0.0747696
235.267	0.0433099
235.333	0.0363816
235.4	0.0704433
235.467	0.119302
235.533	0.101966
235.6	0.0109568
235.667	0.177064
235.733	0.0661013
235.8	0.0795975
235.867	0.0388426
235.933	0.106684
236	0.155778
236.067	0.13388
236.133	0.0775754
236.2	0.0253778
236.267	0.0468054
236.333	0.0703179
236.4	0.0912753
236.467	0.132861
236.533	0.0331996
236.6	0.0367891
236.667	0.0412408
236.733	0.0363502
236.8	0.0467584
236.867	0.0676845
236.933	0.0378707
237	0.0494545
237.067	0.0527776
237.133	0.0420403
237.2	0.0645809
237.267	0.0646279
237.333	0.197222
237.4	0.032745
237.467	0.075522
237.533	0.0410214
237.6	0.0555834
237.667	0.0566023
237.733	0.120039
237.8	0.0533889
237.867	0.0719794
237.933	0.0939401
238	0.0742366
238.067	0.0948806
238.133	0.0859302
238.2	0.0937206
238.267	0.119819
238.333	0.0827952
238.4	0.0721989
238.467	0.0838297
238.533	0.0827168
238.6	0.100665
238.667	0.0530911
238.733	0.0382156
238.8	0.0115838
238.867	0.0250799
238.933	0.00981253
239	0.0119443
239.067	0.00780613
239.133	0.0123362
239.2	0.0145934
239.267	0.0268042
239.333	0.0194683
239.4	0.0233243
239.467	0.0218666
239.533	0.0292025
239.6	0.0622139
239.667	0.0209261
239.733	0.0388582
239.8	0.101386
239.867	0.0407549
239.933	0.00800991
240	0.0306132
240.067	0.0219606
240.133	0.0197661
240.2	0.0205185
240.267	0.018183
240.333	0.030284
240.4	0.0432629
240.467	0.0121324
240.533	0.0308013
240.6	0.0203148
240.667	0.0192959
240.733	0.0152988
240.8	0.043404
240.867	0.0277604
240.933	0.0312872
241	0.0201423
241.067	0.0443445
241.133	0.0379021
241.2	0.0429494
241.267	0.161045
241.333	0.0468681
241.4	0.0748323
241.467	0.0557402
241.533	0.0689228
241.6	0.0669634
241.667	0.0605994
241.733	0.0600194
241.8	0.0729043
241.867	0.0524014
241.933	0.0531695
242	0.0647846
242.067	0.0492821
242.133	0.0499248
242.2	0.0458179
242.267	0.0438115
242.333	0.0429494
242.4	0.0376356
242.467	0.0399868
242.533	0.0430748
242.6	0.0380902
242.667	0.0427613
242.733	0.0450812
242.8	0.0561947
242.867	0.0489216
242.933	0.224497
243	0.0529971
243.067	0.0456298
243.133	0.0581541
243.2	0.0808985
243.267	0.0586557
243.333	0.0449871
243.4	0.0716503
243.467	0.0442974
243.533	0.0450185
243.6	0.0516177
243.667	0.0578876
243.733	0.0439212
243.8	0.0461314
243.867	0.0356292
243.933	0.0457866
244	0.0388112
244.067	0.0365854
244.133	0.0385604
244.2	0.0379804
244.267	0.0330585
244.333	0.0439369
244.4	0.011913
244.467	0.0469935
244.533	0.0420716
244.6	0.0967145
244.667	0.0234497
244.733	0.0217725
244.8	0.0287322
244.867	0.0513825
244.933	0.0429337
245	0.0232303
245.067	0.023967
245.133	0.0373064
245.2	0.0305348
245.267	0.0269923
245.333	0.0179165
245.4	0.0245156
245.467	0.0360994
245.533	0.043545
245.6	0.042103
245.667	0.0475735
245.733	0.0324472
245.8	0.0479967
245.867	0.047213
245.933	0.0498934
246	0.0182927
246.067	0.057245
246.133	0.0413349
246.2	0.00705373
246.267	0.133692
246.333	0.0515393
246.4	0.0092639
246.467	0.0205499
246.533	0.0187159
246.6	0.0158631
246.667	0.0153144
246.733	0.0189667
246.8	0.0183554
246.867	0.0264437
246.933	0.0765252
247	0.043357
247.067	0.0195937
247.133	0.0557088
247.2	0.0551602
247.267	0.0751771
247.333	0.0850524
247.4	0.0480281
247.467	0.0838611
247.533	0.0796602
247.6	0.0296727
247.667	0.0654586
247.733	0.0908678
247.8	0.0149069
247.867	0.0792369
247.933	0.253981
248	0.0980155
248.067	0.0866669
248.133	0.0840962
248.2	0.102593
248.267	0.108831
248.333	0.0802558
248.4	0.0840648
248.467	0.101307
248.533	0.10358
248.6	0.0906326
248.667	0.125149
248.733	0.103972
248.8	0.0981566
248.867	0.101041
248.933	0.112734
249	0.115039
249.067	0.0923099
249.133	0.0914321
249.2	0.0967145
249.267	0.110744
249.333	0.12424
249.4	0.117562
249.467	0.126544
249.533	0.105508
249.6	0.380886
249.667	0.117562
249.733	0.127093
249.8	0.154884
249.867	0.126262
249.933	0.100492
250	0.0219136
250.067	0.0668537
250.133	0.128347
250.2	0.140824
250.267	0.10706
250.333	0.102937
250.4	0.01196
250.467	0.0368989
250.533	0.018857
250.6	0.0320553
250.667	0.028309
250.733	0.0140448
250.8	0.0123205
250.867	0.0171641
250.933	0.0154242
251	0.0146561
251.067	0.023246
251.133	0.0256599
251.2	0.0269296
251.267	0.0356135
251.333	0.0283247
251.4	0.0355508
251.467	0.0318515
251.533	0.0318202
251.6	0.0338893
251.667	0.034093
251.733	0.039595
251.8	0.0218822
251.867	0.0209418
251.933	0.0274155
252	0.0308483
252.067	0.0215061
252.133	0.0483259
252.2	0.0445639
252.267	0.0851151
252.333	0.0493134
252.4	0.0356135
252.467	0.0412879
252.533	0.0468054
252.6	0.0281366
252.667	0.0511474
252.733	0.0595962
252.8	0.0346417
252.867	0.0488432
252.933	0.352138
253	0.0848643
253.067	0.0813374
253.133	0.0838611
253.2	0.0580601
253.267	0.0856637
253.333	0.101166
253.4	0.060427
253.467	0.0980626
253.533	0.100414
253.6	0.0660543
253.667	0.115211
253.733	0.121544
253.8	0.111888
253.867	0.127202
253.933	0.0622139
254	0.0132297
254.067	0.0600351
254.133	0.0974356
254.2	0.0211769
254.267	0.0248291
254.333	0.128441
254.4	0.0211455
254.467	0.0764938
254.533	0.0280739
254.6	0.168177
254.667	0.0426359
254.733	0.0594708
254.8	0.0455985
254.867	0.0507869
254.933	0.0352373
255	0.0414289
255.067	0.0288263
255.133	0.0360054
255.2	0.0483416
255.267	0.0353157
255.333	0.0338422
255.4	0.0589065
255.467	0.0249232
255.533	0.0305192
255.6	0.0414446
255.667	0.0453947
255.733	0.0343909
255.8	0.0713211
255.867	0.0305348
255.933	0.042777
256	0.0351276
256.067	0.0242805
256.133	0.030864
256.2	0.0315694
256.267	0.258292
256.333	0.0575428
256.4	0.0763527
256.467	0.0430121
256.533	0.053436
256.6	0.0430435
256.667	0.0595492
256.733	0.041476
256.8	0.0456298
256.867	0.0345476
256.933	0.0473541
257	0.08372
257.067	0.0452223
257.133	0.0596903
257.2	0.0887516
257.267	0.0605524
257.333	0.0633112
257.4	0.0281366
257.467	0.032792
257.533	0.0352687
257.6	0.0129945
257.667	0.0236378
257.733	0.0484983
257.8	0.0145307
257.867	0.0158474
257.933	0.121669
258	0.0197191
258.067	0.0542197
258.133	0.0937206
258.2	0.150056
258.267	0.114333
258.333	0.077403
258.4	0.0824346
258.467	0.0501129
258.533	0.038482
258.6	0.0363502
258.667	0.0479184
258.733	0.0640009
258.8	0.0469465
258.867	0.0378864
258.933	0.0376669
259	0.0675748
259.067	0.0493761
259.133	0.0535457
259.2	0.0632171
259.267	0.037228
259.333	0.0437331
259.4	0.0392031
259.467	0.0477146
259.533	0.0374788
259.6	0.0672142
259.667	0.0457709
259.733	0.0420716
259.8	0.0302057
259.867	0.0463979
259.933	0.0414603
260	0.0249389
260.067	0.0456925
260.133	0.0355038
260.2	0.022619
260.267	0.0266004
260.333	0.0702552
260.4	0.0126497
260.467	0.0388582
260.533	0.0501756
260.6	0.0897862
260.667	0.029563
260.733	0.0621826
260.8	0.0504264
260.867	0.0623393
260.933	0.0524328
261	0.0859615
261.067	0.0681234
261.133	0.0521976
261.2	0.0541727
261.267	0.18009
261.333	0.0580444
261.4	0.0625431
261.467	0.0486081
261.533	0.0450185
261.6	0.0395793
261.667	0.0329801
261.733	0.0502853
261.8	0.0118346
261.867	0.0233087
261.933	0.0228698
262	0.0215531
262.067	0.0355351
262.133	0.0335444
262.2	0.0282149
262.267	0.0280895
262.333	0.0272431
262.4	0.0392971
262.467	0.0316791
262.533	0.0200483
262.6	0.0205029
262.667	0.029563
262.733	0.020205
262.8	0.0129162
262.867	0.0113173
262.933	0.073014
263	0.0143739
263.067	0.0179322
263.133	0.0129475
263.2	0.0642987
263.267	0.045332
263.333	0.0830303
263.4	0.0399085
263.467	0.0763998
263.533	0.0457082
263.6	0.0719167
263.667	0.0369145
263.733	0.0219763
263.8	0.0147188
263.867	0.0255815
263.933	0.029563
264	0.0176657
264.067	0.0300019
264.133	0.0191705
264.2	0.0166468
264.267	0.0148442
264.333	0.0144366
264.4	0.0108157
264.467	0.0151107
264.533	0.0144366
264.6	0.10358
264.667	0.110681
264.733	0.0934541
264.8	0.0738604
264.867	0.110493
264.933	0.0308954
265	0.0600665
265.067	0.0442191
265.133	0.0272744
265.2	0.0103141
265.267	0.0112703
265.333	0.0155966
265.4	0.0175873
265.467	0.0175089
265.533	0.0252524
265.6	0.0193429
265.667	0.0365697
265.733	0.0311932
265.8	0.0161609
265.867	0.0140291
265.933	0.0229481
266	0.0158474
266.067	0.0128848
266.133	0.027776
266.2	0.0339363
266.267	0.187065
266.333	0.137046
266.4	0.159571
266.467	0.0783905
266.533	0.0819487
266.6	0.074268
266.667	0.143442
266.733	0.0226817
266.8	0.0107844
266.867	0.0108628
266.933	0.0108941
267	0.00738291
267.067	0.00507869
267.133	0.0395166
267.2	0.0716503
267.267	0.110336
267.333	0.139147
267.4	0.0153928
267.467	0.0215374
267.533	0.0141858
267.6	0.0129005
267.667	0.0236535
267.733	0.0214277
267.8	0.0134334
267.867	0.00758668
267.933	0.0368518
268	0.0126183
268.067	0.0204558
268.133	0.0126967
268.2	0.0130102
268.267	0.0205029
268.333	0.0203931
268.4	0.0531695
268.467	0.0178538
268.533	0.0215688
268.6	0.0186532
268.667	0.0189354
268.733	0.0152988
268.8	0.0167409
268.867	0.0204872
268.933	0.023873
269	0.0239357
269.067	0.0291398
269.133	0.0205029
269.2	0.023293
269.267	0.021459
269.333	0.0184338
269.4	0.0127908
269.467	0.0141858
269.533	0.0148599
269.6	0.0891592
269.667	0.00851151
269.733	0.0482162
269.8	0.0773403
269.867	0.113299
269.933	0.18357
270	0.101605
270.067	0.0430748
270.133	0.0852718
270.2	0.00587811
270.267	0.0190921
270.333	0.103847
270.4	0.0319769
270.467	0.0621826
270.533	0.0335914
270.6	0.0873879
270.667	0.0205342
270.733	0.0218509
270.8	0.0150009
270.867	0.0280425
270.933	0.0347827
271	0.0144523
271.067	0.0314126
271.133	0.0122735
271.2	0.0134491
271.267	0.1217
271.333	0.0201894
271.4	0.0343125
271.467	0.0112076
271.533	0.00747696
271.6	0.0218352
271.667	0.0351433
271.733	0.0121011
271.8	0.0656154
271.867	0.0332623
271.933	0.00927958
272	0.0194526
272.067	0.00390307
272.133	0.0190294
272.2	0.00990658
272.267	0.0127281
272.333	0.00979685
272.4	0.0152047
272.467	0.0178381
272.533	0.0112389
272.6	0.0116465
272.667	0.0135745
272.733	0.0115054
272.8	0.00746128
272.867	0.0384037
272.933	0.040896
273	0.0530911
273.067	0.148505
273.133	0.0394225
273.2	0.0720892
273.267	0.126042
273.333	0.123111
273.4	0.105869
273.467	0.106966
273.533	0.0731237
273.6	0.0734529
273.667	0.120352
273.733	0.0721048
273.8	0.102985
273.867	0.0568844
273.933	0.0544078
274	0.0570255
274.067	0.100539
274.133	0.025895
274.2	0.025848
274.267	0.0112703
274.333	0.0129005
274.4	0.0261772
274.467	0.0130729
274.533	0.0108001
274.6	0.100633
274.667	0.0136529
274.733	0.03472
274.8	0.0427927
274.867	0.0272901
274.933	0.0267101
275	0.0174306
275.067	0.00329174
275.133	0.0208634
275.2	0.00942065
275.267	0.0138253
275.333	0.0155809
275.4	0.0350492
275.467	0.0171171
275.533	0.0238416
275.6	0.0566963
275.667	0.0107217
275.733	0.112813
275.8	0.10405
275.867	0.0619475
275.933	0.0089504
276	0.104254
276.067	0.213054
276.133	0.213854
276.2	0.220954
276.267	0.246442
276.333	0.1902
276.4	0.218775
276.467	0.153207
276.533	0.151342
276.6	0.188272
276.667	0.183805
276.733	0.208273
276.8	0.213242
276.867	0.202897
276.933	0.166954
277	0.239184
277.067	0.183632
277.133	0.219951
277.2	0.189604
277.267	0.24594
277.333	0.0535614
277.4	0.293702
277.467	0.272635
277.533	0.0536241
277.6	0.27091
277.667	0.274375
277.733	0.0804282
277.8	0.293122
277.867	0.142626
277.933	0.248809
278	0.150903
278.067	0.124114
278.133	0.202285
278.2	0.226252
278.267	0.163521
278.333	0.165167
278.4	0.162863
278.467	0.158991
278.533	0.189855
278.6	0.160715
278.667	0.181594
278.733	0.149445
278.8	0.139805
278.867	0.13098
278.933	0.167126
279	0.158631
279.067	0.201988
279.133	0.204417
279.2	0.20796
279.267	0.220735
279.333	0.15932
279.4	0.0924509
279.467	0.102232
279.533	0.18404
279.6	0.184776
279.667	0.232397
279.733	0.208116
279.8	0.236394
279.867	0.257132
279.933	0.234811
280	0.108643
280.067	0.0169603
280.133	0.0755063
280.2	0.412926
280.267	0.416562
280.333	0.369145
280.4	0.479732
280.467	0.547244
280.533	0.550787
280.6	0.590852
280.667	0.545834
280.733	0.52334
280.8	0.606935
280.867	0.32803
280.933	0.615838
281	0.631952
281.067	0.604913
281.133	0.540191
281.2	0.683883
281.267	0.520174
281.333	0.691282
281.4	0.720296
281.467	0.375619
281.533	0.694526
281.6	0.740031
281.667	0.734215
281.733	0.710154
281.8	0.713697
281.867	0.71249
281.933	0.677974
282	0.71238
282.067	0.715452
282.133	0.658772
282.2	0.660073
282.267	0.663082
282.333	0.698962
282.4	0.680058
282.467	0.659744
282.533	0.708179
282.6	0.744467
282.667	0.757101
282.733	0.68799
282.8	0.741802
282.867	0.736817
282.933	0.666186
283	0.735391
283.067	0.748119
283.133	0.730312
283.2	0.761427
283.267	0.759123
283.333	0.726989
283.4	0.767572
283.467	0.788607
283.533	0.734842
283.6	0.783889
283.667	0.66186
283.733	0.78936
283.8	0.794627
283.867	0.811587
283.933	0.809424
284	0.792996
284.067	0.123237
284.133	0.773293
284.2	0.724121
284.267	0.823171
284.333	0.812057
284.4	0.823782
284.467	0.708226
284.533	0.821023
284.6	0.774688
284.667	0.7666
284.733	0.821086
284.8	0.798436
284.867	0.822309
284.933	0.786993
285	0.819597
285.067	0.7234
285.133	0.808812
285.2	0.826086
285.267	0.654994
285.333	0.826995
285.4	0.83872
285.467	0.78066
285.533	0.793906
285.6	0.766255
285.667	0.710295
285.733	0.817167
285.8	0.824581
285.867	0.834222
285.933	0.841589
286	0.825898
286.067	0.841981
286.133	0.846715
286.2	0.827795
286.267	0.79505
286.333	0.818327
286.4	0.824299
286.467	0.571133
286.533	0.835287
286.6	0.811618
286.667	0.804753
286.733	0.779485
286.8	0.803828
286.867	0.855273
286.933	0.843987
287	0.857091
287.067	0.876842
287.133	0.870305
287.2	0.876528
287.267	0.88225
287.333	0.880275
287.4	0.883849
287.467	0.888347
287.533	0.869882
287.6	0.881403
287.667	0.881905
287.733	0.870431
287.8	0.890134
287.867	0.885745
287.933	0.851589
288	0.869945
288.067	0.868158
288.133	0.854568
288.2	0.877328
288.267	0.869239
288.333	0.842764
288.4	0.861277
288.467	0.859349
288.533	0.828077
288.6	0.851041
288.667	0.86634
288.733	0.844285
288.8	0.858628
288.867	0.859286
288.933	0.837513
289	0.657627
289.067	0.417048
289.133	0.807104
289.2	0.845116
289.267	0.841228
289.333	0.836604
289.4	0.840398
289.467	0.840789
289.533	0.84416
289.6	0.828438
289.667	0.849583
289.733	0.833971
289.8	0.854066
289.867	0.855085
289.933	0.839771
290	0.852499
290.067	0.853956
290.133	0.845304
290.2	0.850179
290.267	0.847608
290.333	0.835554
290.4	0.841965
290.467	0.836714
290.533	0.800191
290.6	0.839802
290.667	0.832309
290.733	0.805583
290.8	0.827262
290.867	0.791272
290.933	0.796429
291	0.816713
291.067	0.812308
291.133	0.785864
291.2	0.810976
291.267	0.707584
291.333	0.794125
291.4	0.80922
291.467	0.81538
291.533	0.809142
291.6	0.799972
291.667	0.818594
291.733	0.786382
291.8	0.806602
291.867	0.780582
291.933	0.795222
292	0.805536
292.067	0.802966
292.133	0.779391
292.2	0.814455
292.267	0.758512
292.333	0.76486
292.4	0.78287
292.467	0.530127
292.533	0.799627
292.6	0.798671
292.667	0.819048
292.733	0.795834
292.8	0.757681
292.867	0.802997
292.933	0.739231
293	0.651828
293.067	0.769249
293.133	0.758762
293.2	0.623519
293.267	0.779563
293.333	0.756725
293.4	0.762336
293.467	0.749765
293.533	0.71981
293.6	0.733008
293.667	0.738886
293.733	0.728039
293.8	0.740454
293.867	0.737147
293.933	0.725202
294	0.739592
294.067	0.723901
294.133	0.724779
294.2	0.722193
294.267	0.713477
294.333	0.706157
294.4	0.712051
294.467	0.718728
294.533	0.705091
294.6	0.724732
294.667	0.728886
294.733	0.723227
294.8	0.724889
294.867	0.719685
294.933	0.731754
295	0.718728
295.067	0.730155
295.133	0.724748
295.2	0.746426
295.267	0.728729
295.333	0.714763
295.4	0.74616
295.467	0.74931
295.533	0.72771
295.6	0.396859
295.667	0.643849
295.733	0.734278
295.8	0.581792
295.867	0.510549
295.933	0.732366
296	0.710577
296.067	0.764656
296.133	0.746332
296.2	0.765377
296.267	0.770127
296.333	0.755392
296.4	0.770236
296.467	0.778622
296.533	0.771349
296.6	0.782526
296.667	0.792275
296.733	0.779798
296.8	0.80563
296.867	0.811603
296.933	0.783466
297	0.801963
297.067	0.801085
297.133	0.792542
297.2	0.751975
297.267	0.80085
297.333	0.798169
297.4	0.798091
297.467	0.799611
297.533	0.781083
297.6	0.794815
297.667	0.798718
297.733	0.781068
297.8	0.798828
297.867	0.801069
297.933	0.800724
298	0.804094
298.067	0.797182
298.133	0.775785
298.2	0.797213
298.267	0.788607
298.333	0.768622
298.4	0.786178
298.467	0.781632
298.533	0.757853
298.6	0.784751
298.667	0.785065
298.733	0.780033
298.8	0.774751
298.867	0.783936
298.933	0.768387
299	0.749436
299.067	0.765487
299.133	0.75163
299.2	0.763716
299.267	0.743542
299.333	0.733902
299.4	0.768496
299.467	0.762712
299.533	0.713681
299.6	0.701345
299.667	0.749624
299.733	0.762038
299.8	0.771302
299.867	0.282353
299.933	0.487711
300	0.762179
300.067	0.776083
300.133	0.707537
300.2	0.784987
300.267	0.783905
300.333	0.757242
300.4	0.76881
300.467	0.750408
300.533	0.76475
300.6	0.753731
300.667	0.765456
300.733	0.724654
300.8	0.748558
300.867	0.754044
300.933	0.760659
301	0.738306
301.067	0.738338
301.133	0.707756
301.2	0.752132
301.267	0.717553
301.333	0.721973
301.4	0.737648
301.467	0.725077
301.533	0.676829
301.6	0.73978
301.667	0.743166
301.733	0.719638
301.8	0.74478
301.867	0.7392
301.933	0.722851
302	0.741927
302.067	0.684902
302.133	0.69067
302.2	0.748621
302.267	0.750125
302.333	0.731692
302.4	0.715609
302.467	0.731848
302.533	0.714888
302.6	0.690357
302.667	0.70158
302.733	0.687504
302.8	0.689463
302.867	0.690404
302.933	0.717161
303	0.679039
303.067	0.685733
303.133	0.687864
303.2	0.688397
303.267	0.692442
303.333	0.688585
303.4	0.705609
303.467	0.720594
303.533	0.709543
303.6	0.735015
303.667	0.725845
303.733	0.724607
303.8	0.733886
303.867	0.738181
303.933	0.737805
304	0.753668
304.067	0.758668
304.133	0.7637
304.2	0.77102
304.267	0.774124
304.333	0.762744
304.4	0.777086
304.467	0.767854
304.533	0.77276
304.6	0.78798
304.667	0.792448
304.733	0.775597
304.8	0.790708
304.867	0.770785
304.933	0.758668
305	0.775926
305.067	0.771553
305.133	0.749749
305.2	0.763998
305.267	0.759123
305.333	0.721362
305.4	0.750784
305.467	0.744435
305.533	0.731989
305.6	0.731723
305.667	0.736175
305.733	0.707176
305.8	0.725281
305.867	0.73246
305.933	0.71401
306	0.710045
306.067	0.73224
306.133	0.725045
306.2	0.737068
306.267	0.746943
306.333	0.706768
306.4	0.691673
306.467	0.707944
306.533	0.701784
306.6	0.727365
306.667	0.699244
306.733	0.677127
306.8	0.697818
306.867	0.702865
306.933	0.680011
307	0.358283
307.067	0.665951
307.133	0.660951
307.2	0.199746
307.267	0.0308327
307.333	0.653285
307.4	0.664728
307.467	0.607483
307.533	0.638598
307.6	0.611794
307.667	0.28378
307.733	0.612578
307.8	0.609819
307.867	0.62181
307.933	0.619616
308	0.590492
308.067	0.608863
308.133	0.588501
308.2	0.595414
308.267	0.574738
308.333	0.589598
308.4	0.58325
308.467	0.582294
308.533	0.568813
308.6	0.571039
308.667	0.564314
308.733	0.558765
308.8	0.558954
308.867	0.566901
308.933	0.555552
309	0.573719
309.067	0.563515
309.133	0.558185
309.2	0.577231
309.267	0.574926
309.333	0.561728
309.4	0.575741
309.467	0.586322
309.533	0.579253
309.6	0.592717
309.667	0.604176
309.733	0.600555
309.8	0.628895
309.867	0.629052
309.933	0.594661
310	0.638614
310.067	0.64388
310.133	0.610916
310.2	0.629679
310.267	0.621779
310.333	0.608957
310.4	0.627343
310.467	0.625792
310.533	0.596244
310.6	0.615869
310.667	0.613706
310.733	0.573343
310.8	0.598831
310.867	0.605681
310.933	0.567293
311	0.602028
311.067	0.47492
311.133	0.555991
311.2	0.265471
311.267	0.582795
311.333	0.542699
311.4	0.582388
311.467	0.491943
311.533	0.544266
311.6	0.572606
311.667	0.442379
311.733	0.0321023
311.8	0.13308
311.867	0.561085
311.933	0.439416
312	0.543075
312.067	0.55737
312.133	0.515001
312.2	0.537918
312.267	0.517415
312.333	0.512806
312.4	0.480751
312.467	0.502242
312.533	0.507007
312.6	0.512054
312.667	0.510016
312.733	0.497257
312.8	0.507837
312.867	0.509656
312.933	0.507571
313	0.499796
313.067	0.486394
313.133	0.332278
313.2	0.475861
313.267	0.480485
313.333	0.510957
313.4	0.451941
313.467	0.509029
313.533	0.513527
313.6	0.538921
313.667	0.537291
313.733	0.537933
313.8	0.563484
313.867	0.545018
313.933	0.536711
314	0.574143
314.067	0.588375
314.133	0.559001
314.2	0.587592
314.267	0.584739
314.333	0.555724
314.4	0.604129
314.467	0.616904
314.533	0.587043
314.6	0.61844
314.667	0.579206
314.733	0.58093
314.8	0.622594
314.867	0.619224
314.933	0.602499
315	0.623817
315.067	0.637767
315.133	0.604709
315.2	0.59093
315.267	0.603126
315.333	0.60264
315.4	0.607013
315.467	0.590492
315.533	0.54563
315.6	0.616637
315.667	0.596746
315.733	0.581651
315.8	0.610665
315.867	0.587153
315.933	0.576431
316	0.609192
316.067	0.583971
316.133	0.55991
316.2	0.587121
316.267	0.572653
316.333	0.556195
316.4	0.56712
316.467	0.561697
316.533	0.523951
316.6	0.557856
316.667	0.5519
316.733	0.512477
316.8	0.542589
316.867	0.540865
316.933	0.485313
317	0.541178
317.067	0.472349
317.133	0.0513669
317.2	0.466628
317.267	0.506411
317.333	0.442097
317.4	0.483526
317.467	0.470845
317.533	0.400746
317.6	0.448978
317.667	0.429604
317.733	0.345774
317.8	0.399806
317.867	0.379397
317.933	0.37645
318	0.365289
318.067	0.337012
318.133	0.288466
318.2	0.302731
318.267	0.291586
318.333	0.263841
318.4	0.251599
318.467	0.24257
318.533	0.219622
318.6	0.220076
318.667	0.199997
318.733	0.177879
318.8	0.175042
318.867	0.155903
318.933	0.143473
319	0.137375
319.067	0.128017
319.133	0.124867
319.2	0.110979
319.267	0.0919023
319.333	0.0797229
319.4	0.0712897
319.467	0.0568688
319.533	0.0495956
319.6	0.0408333
319.667	0.0395636
319.733	0.0358643
319.8	0.0302057
319.867	0.0266004
319.933	0.027149
320	0.0198445
320.067	0.0137783
320.133	0.0366794
320.2	0.0405355
320.267	0.163255
320.333	0.0933131
320.4	0.0670732
320.467	0.129428
320.533	0.0524171
320.6	0.116731
320.667	0.185482
320.733	0.229387
320.8	0.134632
320.867	0.15338
320.933	0.111308
321	0.33825
321.067	0.111841
321.133	0.0709449
321.2	0.0670261
321.267	0.243322
321.333	0.177127
321.4	0.119067
321.467	0.169258
321.533	0.0652862
321.6	0.0834222
321.667	0.149367
321.733	0.11728
321.8	0.0844881
321.867	0.0933758
321.933	0.180168
322	0.0906953
322.067	0.0450655
322.133	0.0329017
322.2	0.162016
322.267	0.0682645
322.333	0.0096401
322.4	0.0222271
322.467	0.0397674
322.533	0.0114114
322.6	0.0430748
322.667	0.155166
322.733	0.0179635
322.8	0.0177911
322.867	0.010079
322.933	0.01254
323	0.0258637
323.067	0.0758355
323.133	0.0408019
323.2	0.0187786
323.267	0.0146561
323.333	0.00862123
323.4	0.0101104
323.467	0.0123362
323.533	0.00366794
323.6	0.0135275
323.667	0.0443445
323.733	0.0544235
323.8	0.00978118
323.867	0.192489
323.933	0.0288106
324	0.0300646
324.067	0.137626
324.133	0.0425262
324.2	0.0260831
324.267	0.00946768
324.333	0.013214
324.4	0.0113173
324.467	0.0482319
324.533	0.0239043
324.6	0.0611951
324.667	0.0502696
324.733	0.0691579
324.8	0.0107374
324.867	0.0898646
324.933	0.0106903
325	0.00321337
325.067	0.071713
325.133	0.0449088
325.2	0.00763371
325.267	0.0255815
325.333	0.00587811
325.4	0.0123362
325.467	0.00608189
325.533	0.279532
325.6	0.137234
325.667	0.0562731
325.733	0.117264
325.8	0.0800364
325.867	0.106747
325.933	0.0357232
326	0.0123989
326.067	0.0164274
326.133	0.0275096
326.2	0.009452
326.267	0.0900056
326.333	0.00645809
326.4	0.00362092
326.467	0.00597216
326.533	0.00694401
326.6	0.00904445
326.667	0.0106276
326.733	0.0111762
326.8	0.0126027
326.867	0.0180889
326.933	0.0143112
327	0.0147345
327.067	0.015189
327.133	0.0159101
327.2	0.0380118
327.267	0.0181359
327.333	0.0103612
327.4	0.00918553
327.467	0.0141075
327.533	0.00858988
327.6	0.00749263
327.667	0.00735156
327.733	0.0144523
327.8	0.0274312
327.867	0.0357232
327.933	0.0476049
328	0.0639852
328.067	0.0664462
328.133	0.083814
328.2	0.0818703
328.267	0.0758982
328.333	0.103141
328.4	0.116982
328.467	0.112484
328.533	0.137752
328.6	0.143018
328.667	0.144946
328.733	0.193993
328.8	0.227914
328.867	0.200859
328.933	0.240705
329	0.224513
329.067	0.189338
329.133	0.25779
329.2	0.243589
329.267	0.205624
329.333	0.237617
329.4	0.23862
329.467	0.207082
329.533	0.258653
329.6	0.270895
329.667	0.227945
329.733	0.285081
329.8	0.283513
329.867	0.231817
329.933	0.294282
330	0.236849
330.067	0.187253
330.133	0.236645
330.2	0.223431
330.267	0.200295
330.333	0.226785
330.4	0.233557
330.467	0.178209
330.533	0.219967
330.6	0.219418
330.667	0.169525
330.733	0.202458
330.8	0.187488
330.867	0.152016
330.933	0.165089
331	0.153113
331.067	0.144539
331.133	0.162283
331.2	0.15943
331.267	0.133284
331.333	0.172879
331.4	0.170747
331.467	0.169243
331.533	0.185466
331.6	0.192081
331.667	0.184557
331.733	0.204151
331.8	0.206784
331.867	0.195514
331.933	0.201596
332	0.206188
332.067	0.193743
332.133	0.234623
332.2	0.227804
332.267	0.191862
332.333	0.231692
332.4	0.231723
332.467	0.214465
332.533	0.237821
332.6	0.251489
332.667	0.213336
332.733	0.25754
332.8	0.256599
332.867	0.237429
332.933	0.278246
333	0.265408
333.067	0.230641
333.133	0.269923
333.2	0.287902
333.267	0.232193
333.333	0.273544
333.4	0.267368
333.467	0.220437
333.533	0.247523
333.6	0.249749
333.667	0.188194
333.733	0.244091
333.8	0.234294
333.867	0.216158
333.933	0.209182
334	0.207866
334.067	0.167362
334.133	0.174306
334.2	0.159618
334.267	0.142407
334.333	0.147893
334.4	0.129068
334.467	0.105195
334.533	0.120211
334.6	0.094379
334.667	0.083767
334.733	0.0834535
334.8	0.082419
334.867	0.0814785
334.933	0.0798953
335	0.073108
335.067	0.0656624
335.133	0.0630447
335.2	0.0599097
335.267	0.0545645
335.333	0.0525582
335.4	0.0449715
335.467	0.0431062
335.533	0.0605524
335.6	0.0587968
335.667	0.0486864
335.733	0.0769014
335.8	0.0621042
335.867	0.056712
335.933	0.102279
336	0.100524
336.067	0.0645182
336.133	0.0977804
336.2	0.111339
336.267	0.0670105
336.333	0.122892
336.4	0.135714
336.467	0.0942065
336.533	0.151984
336.6	0.155558
336.667	0.115368
336.733	0.16581
336.8	0.14479
336.867	0.141106
336.933	0.154759
337	0.154571
337.067	0.154931
337.133	0.160919
337.2	0.190278
337.267	0.172566
337.333	0.180607
337.4	0.191658
337.467	0.189416
337.533	0.207505
337.6	0.213634
337.667	0.211032
337.733	0.22608
337.8	0.239388
337.867	0.237476
337.933	0.269892
338	0.278481
338.067	0.266631
338.133	0.292902
338.2	0.294501
338.267	0.286178
338.333	0.303577
338.4	0.313374
338.467	0.292918
338.533	0.316383
338.6	0.288639
338.667	0.302872
338.733	0.312386
338.8	0.317277
338.867	0.296758
338.933	0.297574
339	0.297072
339.067	0.28113
339.133	0.292589
339.2	0.292056
339.267	0.291946
339.333	0.291178
339.4	0.287306
339.467	0.279281
339.533	0.286852
339.6	0.278622
339.667	0.272055
339.733	0.26243
339.8	0.254295
339.867	0.252963
339.933	0.2558
340	0.24652
340.067	0.208963
340.133	0.251787
340.2	0.249624
340.267	0.17697
340.333	0.231629
340.4	0.188633
340.467	0.164775
340.533	0.184244
340.6	0.166405
340.667	0.134397
340.733	0.165402
340.8	0.14399
340.867	0.102671
340.933	0.108737
341	0.110681
341.067	0.0982507
341.133	0.0979528
341.2	0.076917
341.267	0.0760079
341.333	0.066211
341.4	0.0491253
341.467	0.0500972
341.533	0.0329644
341.6	0.0236535
341.667	0.040849
341.733	0.0191235
341.8	0.0196721
341.867	0.0723243
341.933	0.00786883
342	0.00526679
342.067	0.00998495
342.133	0.0539689
342.2	0.268685
342.267	0.0195937
342.333	0.110007
342.4	0.169713
342.467	0.139664
342.533	0.124663
342.6	0.150699
342.667	0.0860399
342.733	0.101574
342.8	0.188899
342.867	0.111653
342.933	0.174243
343	0.0795348
343.067	0.190796
343.133	0.0637031
343.2	0.0910872
343.267	0.0796602
343.333	0.0961189
343.4	0.113393
343.467	0.0747382
343.533	0.0956643
343.6	0.12203
343.667	0.116716
343.733	0.10369
343.8	0.109881
343.867	0.273826
343.933	0.13573
344	0.16896
344.067	0.0827011
344.133	0.120384
344.2	0.0885792
344.267	0.0804282
344.333	0.0846135
344.4	0.0741269
344.467	0.188836
344.533	0.10532
344.6	0.166123
344.667	0.137156
344.733	0.157408
344.8	0.121622
344.867	0.125368
344.933	0.0537495
345	0.192285
345.067	0.130525
345.133	0.114803
345.2	0.11949
345.267	0.114208
345.333	0.0602702
345.4	0.0579817
345.467	0.0591573
345.533	0.215233
345.6	0.116622
345.667	0.138175
345.733	0.115603
345.8	0.106088
345.867	0.127281
345.933	0.165825
346	0.202959
346.067	0.0829833
346.133	0.103329
346.2	0.0810866
346.267	0.115869
346.333	0.0628566
346.4	0.224027
346.467	0.169368
346.533	0.191329
346.6	0.123409
346.667	0.119098
346.733	0.15015
346.8	0.095727
346.867	0.055991
346.933	0.0515079
347	0.0677629
347.067	0.156467
347.133	0.138802
347.2	0.100853
347.267	0.0960875
347.333	0.0673867
347.4	0.121277
347.467	0.130682
347.533	0.110226
347.6	0.0801774
347.667	0.0916515
347.733	0.125603
347.8	0.0350022
347.867	0.0450655
347.933	0.27276
348	0.07629
348.067	0.0832027
348.133	0.124506
348.2	0.105022
348.267	0.130228
348.333	0.0402533
348.4	0.10949
348.467	0.133269
348.533	0.0742837
348.6	0.0425575
348.667	0.147204
348.733	0.13145
348.8	0.169446
348.867	0.157643
348.933	0.0237005
349	0.127751
349.067	0.118221
349.133	0.0730297
349.2	0.0902251
349.267	0.103517
349.333	0.0721989
349.4	0.0764468
349.467	0.133347
349.533	0.0995203
349.6	0.152455
349.667	0.106386
349.733	0.0935168
349.8	0.0525111
349.867	0.0855696
349.933	0.0584833
350	0.304282
350.067	0.105963
350.133	0.0758512
350.2	0.0907267
350.267	0.109474
350.333	0.0844097
350.4	0.00974983
350.467	0.0140761
350.533	0.02276
350.6	0.0292025
350.667	0.0373534
350.733	0.0464763
350.8	0.0524641
350.867	0.0631544
350.933	0.0682018
351	0.0782024
351.067	0.0827325
351.133	0.0795818
351.2	0.0864945
351.267	0.0935639
351.333	0.0848172
351.4	0.0962756
351.467	0.0934541
351.533	0.0905229
351.6	0.0920277
351.667	0.0937833
351.733	0.0936422
351.8	0.0953978
351.867	0.10612
351.933	0.0958524
352	0.114725
352.067	0.113205
352.133	0.0964481
352.2	0.106355
352.267	0.11496
352.333	0.102812
352.4	0.119631
352.467	0.127202
352.533	0.125541
352.6	0.145746
352.667	0.155668
352.733	0.152894
352.8	0.168302
352.867	0.181955
352.933	0.284407
353	0.19658
353.067	0.20622
353.133	0.209292
353.2	0.214716
353.267	0.219638
353.333	0.232711
353.4	0.22956
353.467	0.231754
353.533	0.231739
353.6	0.22934
353.667	0.237962
353.733	0.234168
353.8	0.234936
353.867	0.242852
353.933	0.219105
354	0.219763
354.067	0.236598
354.133	0.170685
354.2	0.197285
354.267	0.168663
354.333	0.154367
354.4	0.147407
354.467	0.161405
354.533	0.138316
354.6	0.211894
354.667	0.144649
354.733	0.144633
354.8	0.146545
354.867	0.135197
354.933	0.149288
355	0.134021
355.067	0.134099
355.133	0.128691
355.2	0.127155
355.267	0.12576
355.333	0.135071
355.4	0.136027
355.467	0.13888
355.533	0.13888
355.6	0.147846
355.667	0.137344
355.733	0.155558
355.8	0.158396
355.867	0.162847
355.933	0.157392
356	0.165575
356.067	0.162032
356.133	0.161985
356.2	0.159023
356.267	0.190937
356.333	0.164446
356.4	0.163192
356.467	0.162753
356.533	0.159869
356.6	0.176923
356.667	0.184808
356.733	0.187441
356.8	0.189777
356.867	0.172942
356.933	0.153505
357	0.202411
357.067	0.194103
357.133	0.198774
357.2	0.176814
357.267	0.188758
357.333	0.216236
357.4	0.204919
357.467	0.220782
357.533	0.213227
357.6	0.21702
357.667	0.225187
357.733	0.216346
357.8	0.227193
357.867	0.229105
357.933	0.336902
358	0.231441
358.067	0.234247
358.133	0.234027
358.2	0.235516
358.267	0.23909
358.333	0.245235
358.4	0.236614
358.467	0.239137
358.533	0.251019
358.6	0.243714
358.667	0.242241
358.733	0.242962
358.8	0.239686
358.867	0.249545
358.933	0.234795
359	0.261129
359.067	0.26638
359.133	0.27334
359.2	0.273904
359.267	0.283106
359.333	0.263888
359.4	0.271584
359.467	0.289955
359.533	0.281899
359.6	0.279892
359.667	0.269249
359.733	0.251301
359.8	0.246395
359.867	0.21318
359.933	0.19995
360	0.188084
360.067	0.190435
360.133	0.21423
360.2	0.187786
360.267	0.227789
360.333	0.192285
360.4	0.185639
360.467	0.162643
360.533	0.170575
360.6	0.162879
360.667	0.166609
360.733	0.158317
360.8	0.174086
360.867	0.177378
360.933	0.173146
361	0.179557
361.067	0.144868
361.133	0.15385
361.2	0.161107
361.267	0.207051
361.333	0.18009
361.4	0.193147
361.467	0.187206
361.533	0.193821
361.6	0.191015
361.667	0.195404
361.733	0.194432
361.8	0.179964
361.867	0.195388
361.933	0.186125
362	0.201235
362.067	0.208963
362.133	0.211737
362.2	0.215421
362.267	0.226127
362.333	0.237272
362.4	0.237303
362.467	0.244373
362.533	0.243213
362.6	0.247037
362.667	0.256536
362.733	0.263308
362.8	0.259813
362.867	0.268794
362.933	0.391404
363	0.279344
363.067	0.284563
363.133	0.290269
363.2	0.300317
363.267	0.297025
363.333	0.265283
363.4	0.248464
363.467	0.205844
363.533	0.252116
363.6	0.238197
363.667	0.211314
363.733	0.234341
363.8	0.207772
363.867	0.214261
363.933	0.208336
364	0.214292
364.067	0.21064
364.133	0.218086
364.2	0.210013
364.267	0.218478
364.333	0.206345
364.4	0.200702
364.467	0.199229
364.533	0.204449
364.6	0.356527
364.667	0.214841
364.733	0.179478
364.8	0.187128
364.867	0.201157
364.933	0.190843
365	0.181783
365.067	0.102546
365.133	0.142611
365.2	0.129554
365.267	0.127265
365.333	0.124992
365.4	0.121983
365.467	0.122798
365.533	0.129569
365.6	0.126967
365.667	0.127955
365.733	0.128425
365.8	0.13656
365.867	0.141545
365.933	0.146843
366	0.140385
366.067	0.149821
366.133	0.152063
366.2	0.145087
366.267	0.17882
366.333	0.0778262
366.4	0.0648473
366.467	0.0697222
366.533	0.0992225
366.6	0.157549
366.667	0.103314
366.733	0.175638
366.8	0.139162
366.867	0.0792683
366.933	0.0616653
367	0.0605524
367.067	0.142407
367.133	0.0926704
367.2	0.113879
367.267	0.122704
367.333	0.12623
367.4	0.136435
367.467	0.137391
367.533	0.0795348
367.6	0.1354
367.667	0.136153
367.733	0.116277
367.8	0.152204
367.867	0.127343
367.933	0.300034
368	0.165277
368.067	0.157659
368.133	0.125588
368.2	0.157518
368.267	0.162863
368.333	0.0624647
368.4	0.0618534
368.467	0.155825
368.533	0.0676375
368.6	0.102687
368.667	0.103267
368.733	0.0664462
368.8	0.130243
368.867	0.0877014
368.933	0.113079
369	0.0941595
369.067	0.0891278
369.133	0.107342
369.2	0.103455
369.267	0.100226
369.333	0.121936
369.4	0.108048
369.467	0.105728
369.533	0.11612
369.6	0.188585
369.667	0.125243
369.733	0.134507
369.8	0.123158
369.867	0.113377
369.933	0.121685
370	0.119772
370.067	0.121904
370.133	0.129648
370.2	0.12645
370.267	0.131623
370.333	0.137485
370.4	0.139993
370.467	0.141655
370.533	0.152831
370.6	0.141294
370.667	0.145197
370.733	0.163098
370.8	0.156185
370.867	0.16454
370.933	0.199291
371	0.173099
371.067	0.174431
371.133	0.180732
371.2	0.17951
371.267	0.275127
371.333	0.223462
371.4	0.200514
371.467	0.197442
371.533	0.217741
371.6	0.209402
371.667	0.210358
371.733	0.22655
371.8	0.209245
371.867	0.219026
371.933	0.237727
372	0.21807
372.067	0.219967
372.133	0.222146
372.2	0.222067
372.267	0.207693
372.333	0.20274
372.4	0.165841
372.467	0.180137
372.533	0.135197
372.6	0.179337
372.667	0.209151
372.733	0.211283
372.8	0.163991
372.867	0.166249
372.933	0.408552
373	0.171014
373.067	0.126356
373.133	0.146702
373.2	0.126481
373.267	0.140401
373.333	0.17092
373.4	0.141545
373.467	0.145323
373.533	0.159038
373.6	0.0702082
373.667	0.0808985
373.733	0.0889084
373.8	0.0724654
373.867	0.0999592
373.933	0.0999122
374	0.0968556
374.067	0.0909148
374.133	0.118628
374.2	0.101731
374.267	0.108126
374.333	0.108596
374.4	0.118628
374.467	0.114302
374.533	0.0964637
374.6	0.144131
374.667	0.128143
374.733	0.145479
374.8	0.132657
374.867	0.116183
374.933	0.127814
375	0.110775
375.067	0.116073
375.133	0.0891592
375.2	0.0905229
375.267	0.0751458
375.333	0.108659
375.4	0.085601
375.467	0.086996
375.533	0.0899429
375.6	0.102185
375.667	0.104771
375.733	0.0566336
375.8	0.0875917
375.867	0.0956957
375.933	0.143285
376	0.103627
376.067	0.0952097
376.133	0.0719638
376.2	0.092592
376.267	0.281742
376.333	0.130431
376.4	0.118957
376.467	0.120368
376.533	0.0595962
376.6	0.0979215
376.667	0.1001
376.733	0.0520409
376.8	0.137454
376.867	0.104693
376.933	0.0719011
377	0.113581
377.067	0.128927
377.133	0.020738
377.2	0.176155
377.267	0.12576
377.333	0.00865258
377.4	0.106229
377.467	0.125745
377.533	0.0102358
377.6	0.117061
377.667	0.124475
377.733	0.0226033
377.8	0.0935482
377.867	0.0889241
377.933	0.153348
378	0.10858
378.067	0.0555677
378.133	0.0261302
378.2	0.0714308
378.267	0.049768
378.333	0.0217568
378.4	0.0550034
378.467	0.0419619
378.533	0.0224152
378.6	0.02961
378.667	0.0273528
378.733	0.0377453
378.8	0.0277447
378.867	0.039642
378.933	0.0390934
379	0.040943
379.067	0.0343595
379.133	0.0326823
379.2	0.0328704
379.267	0.0255188
379.333	0.0196878
379.4	0.0124146
379.467	0.0215217
379.533	0.0181516
379.6	0.0442034
379.667	0.0168819
379.733	0.015048
379.8	0.0160825
379.867	0.00586244
379.933	0.0319456
380	0.0341714
380.067	0.0374788
380.133	0.0267572
380.2	0.0257383
380.267	0.0330271
380.333	0.0638128
380.4	0.0171327
380.467	0.0319456
380.533	0.0148912
380.6	0.0169603
380.667	0.0240297
380.733	0.0593454
380.8	0.0738448
380.867	0.0504264
380.933	0.204872
381	0.0950216
381.067	0.105587
381.133	0.0843627
381.2	0.102655
381.267	0.165292
381.333	0.151169
381.4	0.103909
381.467	0.176061
381.533	0.141122
381.6	0.125823
381.667	0.0483102
381.733	0.0689698
381.8	0.0807417
381.867	0.0234341
381.933	0.0638128
382	0.0513825
382.067	0.0556775
382.133	0.0602075
382.2	0.0591103
382.267	0.0740799
382.333	0.115587
382.4	0.0596276
