time_sec	dynamic_density
0.0666667	0.12844
0.133333	0.115653
0.2	0.122489
0.266667	0.107364
0.333333	0.103539
0.4	0.110588
0.466667	0.118133
0.533333	0.112288
0.6	0.10361
0.666667	0.0964543
0.733333	0.135844
0.8	0.133506
0.866667	0.119054
0.933333	0.108108
1	0.115122
1.06667	0.120506
1.13333	0.112005
1.2	0.117424
1.26667	0.148666
1.33333	0.122348
1.4	0.118451
1.46667	0.119514
1.53333	0.117176
1.6	0.124048
1.66667	0.129574
1.73333	0.133435
1.8	0.144912
1.86667	0.145797
1.93333	0.139138
2	0.148277
2.06667	0.148383
2.13333	0.148808
2.2	0.151358
2.26667	0.148843
2.33333	0.148985
2.4	0.143743
2.46667	0.146258
2.53333	0.155361
2.6	0.14562
2.66667	0.144805
2.73333	0.145301
2.8	0.141972
2.86667	0.134108
2.93333	0.288406
3	0.151181
3.06667	0.148773
3.13333	0.0968085
3.2	0.124898
3.26667	0.137402
3.33333	0.122348
3.4	0.139953
3.46667	0.131912
3.53333	0.0998193
3.6	0.123198
3.66667	0.0961
3.73333	0.0855088
3.8	0.0935496
3.86667	0.0877404
3.93333	0.0850484
4	0.089547
4.06667	0.0964188
4.13333	0.0699231
4.2	0.0993943
4.26667	0.0483157
4.33333	0.0575608
4.4	0.0497326
4.46667	0.0482803
4.53333	0.045234
4.6	0.210797
4.66667	0.0933371
4.73333	0.0673727
4.8	0.044313
4.86667	0.0510432
4.93333	0.0637597
5	0.0587298
5.06667	0.0902554
5.13333	0.0709504
5.2	0.0948603
5.26667	0.0951436
5.33333	0.120612
5.4	0.0885551
5.46667	0.100457
5.53333	0.104956
5.6	0.0984733
5.66667	0.114519
5.73333	0.112465
5.8	0.134675
5.86667	0.134568
5.93333	0.152563
6	0.140484
6.06667	0.159116
6.13333	0.163402
6.2	0.170628
6.26667	0.247069
6.33333	0.218837
6.4	0.198505
6.46667	0.181113
6.53333	0.207715
6.6	0.183628
6.66667	0.171868
6.73333	0.209663
6.8	0.167582
6.86667	0.178952
6.93333	0.168715
7	0.17332
7.06667	0.196557
7.13333	0.197443
7.2	0.200347
7.26667	0.212674
7.33333	0.171903
7.4	0.208919
7.46667	0.212107
7.53333	0.21356
7.6	0.218377
7.66667	0.233006
7.73333	0.230704
7.8	0.230279
7.86667	0.233502
7.93333	0.402217
8	0.242499
8.06667	0.247423
8.13333	0.250186
8.2	0.251745
8.26667	0.260175
8.33333	0.2736
8.4	0.245971
8.46667	0.256916
8.53333	0.190216
8.6	0.254472
8.66667	0.270377
8.73333	0.255924
8.8	0.250824
8.86667	0.269137
8.93333	0.264461
9	0.255924
9.06667	0.249123
9.13333	0.215756
9.2	0.231766
9.26667	0.260742
9.33333	0.281676
9.4	0.260317
9.46667	0.224399
9.53333	0.238638
9.6	0.341362
9.66667	0.227197
9.73333	0.214551
9.8	0.249159
9.86667	0.219298
9.93333	0.272112
10	0.236761
10.0667	0.225709
10.1333	0.166838
10.2	0.252666
10.2667	0.181361
10.3333	0.191669
10.4	0.228153
10.4667	0.205767
10.5333	0.195317
10.6	0.205448
10.6667	0.213134
10.7333	0.189366
10.8	0.210301
10.8667	0.224859
10.9333	0.158726
11	0.184584
11.0667	0.197761
11.1333	0.164287
11.2	0.175623
11.2667	0.237824
11.3333	0.230491
11.4	0.225391
11.4667	0.201268
11.5333	0.183238
11.6	0.149516
11.6667	0.164429
11.7333	0.0902908
11.8	0.19475
11.8667	0.205377
11.9333	0.126103
12	0.188977
12.0667	0.123552
12.1333	0.179838
12.2	0.150685
12.2667	0.155361
12.3333	0.0992172
12.4	0.148454
12.4667	0.148489
12.5333	0.120754
12.6	0.100244
12.6667	0.142078
12.7333	0.117282
12.8	0.130601
12.8667	0.129786
12.9333	0.476816
13	0.159293
13.0667	0.0856859
13.1333	0.165386
13.2	0.0753427
13.2667	0.0685417
13.3333	0.105097
13.4	0.061599
13.4667	0.0757324
13.5333	0.206369
13.6	0.0936559
13.6667	0.13719
13.7333	0.122277
13.8	0.0565336
13.8667	0.102441
13.9333	0.231944
14	0.0400269
14.0667	0.201304
14.1333	0.178456
14.2	0.0892282
14.2667	0.0563565
14.3333	0.108037
14.4	0.153448
14.4667	0.102263
14.5333	0.217881
14.6	0.464029
14.6667	0.210301
14.7333	0.176437
14.8	0.111261
14.8667	0.125713
14.9333	0.267259
15	0.121816
15.0667	0.221246
15.1333	0.228401
15.2	0.105274
15.2667	0.0952499
15.3333	0.0748114
15.4	0.0551876
15.4667	0.0319507
15.5333	0.0716234
15.6	0.0874571
15.6667	0.0705962
15.7333	0.102193
15.8	0.0449152
15.8667	0.0624137
15.9333	0.0479615
16	0.073855
16.0667	0.0297545
16.1333	0.041125
16.2	0.0357763
16.2667	0.078389
16.3333	0.0465092
16.4	0.0338281
16.4667	0.0269562
16.5333	0.0255747
16.6	0.0323758
16.6667	0.0391768
16.7333	0.0437817
16.8	0.036343
16.8667	0.0374765
16.9333	0.0236619
17	0.0289044
17.0667	0.041798
17.1333	0.0382912
17.2	0.033155
17.2667	0.0604654
17.3333	0.0580213
17.4	0.0644681
17.4667	0.0842336
17.5333	0.0816478
17.6	0.0308526
17.6667	0.056569
17.7333	0.0742092
17.8	0.0451631
17.8667	0.0541957
17.9333	0.280826
18	0.140661
18.0667	0.0963834
18.1333	0.0971273
18.2	0.065212
18.2667	0.0686834
18.3333	0.0481386
18.4	0.0476781
18.4667	0.0422231
18.5333	0.0401332
18.6	0.0448443
18.6667	0.0344302
18.7333	0.0470759
18.8	0.0508661
18.8667	0.058836
18.9333	0.0733237
19	0.0591194
19.0667	0.0723318
19.1333	0.0773972
19.2	0.0631575
19.2667	0.0666997
19.3333	0.0723318
19.4	0.0596507
19.4667	0.0559668
19.5333	0.0481031
19.6	0.13007
19.6667	0.0711275
19.7333	0.068152
19.8	0.0635472
19.8667	0.0547625
19.9333	0.0653537
20	0.0376182
20.0667	0.033651
20.1333	0.0603238
20.2	0.049768
20.2667	0.0505118
20.3333	0.0917431
20.4	0.0394956
20.4667	0.0395664
20.5333	0.0516454
20.6	0.0250434
20.6667	0.0542666
20.7333	0.0562502
20.8	0.0631929
20.8667	0.082923
20.9333	0.0663809
21	0.0894407
21.0667	0.102334
21.1333	0.13935
21.2	0.0388226
21.2667	0.342602
21.3333	0.2216
21.4	0.0718359
21.4667	0.107364
21.5333	0.0845879
21.6	0.117176
21.6667	0.192802
21.7333	0.0542312
21.8	0.161135
21.8667	0.144522
21.9333	0.125075
22	0.237469
22.0667	0.109419
22.1333	0.121108
22.2	0.0752364
22.2667	0.118097
22.3333	0.147037
22.4	0.0472176
22.4667	0.0984733
22.5333	0.124756
22.6	0.139209
22.6667	0.0495555
22.7333	0.0322341
22.8	0.0279126
22.8667	0.0347845
22.9333	0.23375
23	0.0275229
23.0667	0.0492012
23.1333	0.0493783
23.2	0.0393893
23.2667	0.0415501
23.3333	0.0691793
23.4	0.0517516
23.4667	0.051114
23.5333	0.0668414
23.6	0.0431441
23.6667	0.0525663
23.7333	0.0579859
23.8	0.042967
23.8667	0.0444901
23.9333	0.0714817
24	0.0444193
24.0667	0.042719
24.1333	0.0493429
24.2	0.0474301
24.2667	0.0444901
24.3333	0.0547979
24.4	0.0518225
24.4667	0.0434629
24.5333	0.0495555
24.6	0.191067
24.6667	0.0812228
24.7333	0.0773263
24.8	0.0759449
24.8667	0.0643973
24.9333	0.110163
25	0.0559668
25.0667	0.0507598
25.1333	0.0975878
25.2	0.0488116
25.2667	0.0499097
25.3333	0.110269
25.4	0.0466863
25.4667	0.0442776
25.5333	0.0613156
25.6	0.0459424
25.6667	0.0486699
25.7333	0.0687542
25.8	0.0630867
25.8667	0.0704545
25.9333	0.0800893
26	0.069321
26.0667	0.0698169
26.1333	0.0821792
26.2	0.0728986
26.2667	0.166873
26.3333	0.108817
26.4	0.096348
26.4667	0.0761928
26.5333	0.107187
26.6	0.0866069
26.6667	0.0789558
26.7333	0.0952145
26.8	0.0860756
26.8667	0.0920265
26.9333	0.133754
27	0.0951436
27.0667	0.105806
27.1333	0.118451
27.2	0.117495
27.2667	0.123375
27.3333	0.143176
27.4	0.146895
27.4667	0.154865
27.5333	0.1481
27.6	0.163473
27.6667	0.175941
27.7333	0.174064
27.8	0.166732
27.8667	0.171691
27.9333	0.379299
28	0.192696
28.0667	0.195671
28.1333	0.200772
28.2	0.189933
28.2667	0.197336
28.3333	0.233821
28.4	0.198541
28.4667	0.216145
28.5333	0.22911
28.6	0.216075
28.6667	0.217243
28.7333	0.230208
28.8	0.230775
28.8667	0.228543
28.9333	0.232156
29	0.225709
29.0667	0.246254
29.1333	0.25936
29.2	0.264603
29.2667	0.255322
29.3333	0.251815
29.4	0.259396
29.4667	0.261061
29.5333	0.276079
29.6	0.401226
29.6667	0.280861
29.7333	0.294216
29.8	0.29078
29.8667	0.281216
29.9333	0.254082
30	0.295066
30.0667	0.308278
30.1333	0.270518
30.2	0.283695
30.2667	0.287627
30.3333	0.279055
30.4	0.299848
30.4667	0.304275
30.5333	0.213453
30.6	0.301902
30.6667	0.293153
30.7333	0.244306
30.8	0.25642
30.8667	0.304665
30.9333	0.223513
31	0.293011
31.0667	0.306861
31.1333	0.222238
31.2	0.238674
31.2667	0.404591
31.3333	0.197407
31.4	0.277815
31.4667	0.272962
31.5333	0.19174
31.6	0.253693
31.6667	0.248486
31.7333	0.202225
31.8	0.253834
31.8667	0.2312
31.9333	0.180121
32	0.239418
32.0667	0.213524
32.1333	0.207396
32.2	0.228331
32.2667	0.238249
32.3333	0.277921
32.4	0.231093
32.4667	0.218944
32.5333	0.210336
32.6	0.204527
32.6667	0.0444193
32.7333	0.246998
32.8	0.241649
32.8667	0.146718
32.9333	0.26857
33	0.260529
33.0667	0.220609
33.1333	0.132443
33.2	0.0229535
33.2667	0.0408416
33.3333	0.0832772
33.4	0.0450214
33.4667	0.0685063
33.5333	0.0604654
33.6	0.0699586
33.6667	0.0819312
33.7333	0.0979774
33.8	0.102157
33.8667	0.0999256
33.9333	0.114413
34	0.103539
34.0667	0.111048
34.1333	0.120577
34.2	0.10995
34.2667	0.101024
34.3333	0.123481
34.4	0.101236
34.4667	0.106797
34.5333	0.129999
34.6	0.240445
34.6667	0.123977
34.7333	0.143636
34.8	0.12171
34.8667	0.116574
34.9333	0.158124
35	0.103999
35.0667	0.148773
35.1333	0.123906
35.2	0.111509
35.2667	0.115582
35.3333	0.100457
35.4	0.109277
35.4667	0.109844
35.5333	0.152704
35.6	0.122773
35.6667	0.148454
35.7333	0.146045
35.8	0.124154
35.8667	0.127803
35.9333	0.15529
36	0.108569
36.0667	0.115759
36.1333	0.103078
36.2	0.140732
36.2667	0.397506
36.3333	0.108037
36.4	0.181892
36.4667	0.176614
36.5333	0.207006
36.6	0.202685
36.6667	0.202472
36.7333	0.134037
36.8	0.190712
36.8667	0.189473
36.9333	0.123765
37	0.149446
37.0667	0.167546
37.1333	0.152669
37.2	0.237292
37.2667	0.125252
37.3333	0.156176
37.4	0.237753
37.4667	0.248096
37.5333	0.213772
37.6	0.291771
37.6667	0.291594
37.7333	0.233467
37.8	0.269845
37.8667	0.0962417
37.9333	0.464277
38	0.171549
38.0667	0.0891927
38.1333	0.176862
38.2	0.089299
38.2667	0.0874571
38.3333	0.128865
38.4	0.0711275
38.4667	0.088378
38.5333	0.118239
38.6	0.107471
38.6667	0.0706316
38.7333	0.138536
38.8	0.113776
38.8667	0.121179
38.9333	0.124225
39	0.112855
39.0667	0.121321
39.1333	0.135277
39.2	0.142326
39.2667	0.131841
39.3333	0.134427
39.4	0.145124
39.4667	0.126563
39.5333	0.14516
39.6	0.283731
39.6667	0.165279
39.7333	0.177358
39.8	0.173143
39.8667	0.175339
39.9333	0.171018
40	0.171266
40.0667	0.16744
40.1333	0.18508
40.2	0.173178
40.2667	0.16999
40.3333	0.218448
40.4	0.177394
40.4667	0.181644
40.5333	0.193227
40.6	0.174312
40.6667	0.182672
40.7333	0.171089
40.8	0.195494
40.8667	0.204279
40.9333	0.225391
41	0.193759
41.0667	0.209061
41.1333	0.226205
41.2	0.212178
41.2667	0.354752
41.3333	0.166236
41.4	0.216393
41.4667	0.240587
41.5333	0.201268
41.6	0.206936
41.6667	0.237186
41.7333	0.157664
41.8	0.19429
41.8667	0.217846
41.9333	0.194432
42	0.250328
42.0667	0.240587
42.1333	0.167971
42.2	0.210407
42.2667	0.199001
42.3333	0.211009
42.4	0.213772
42.4667	0.167263
42.5333	0.0902908
42.6	0.124119
42.6667	0.18717
42.7333	0.143707
42.8	0.15398
42.8667	0.11034
42.9333	0.399171
43	0.133789
43.0667	0.118203
43.1333	0.0877758
43.2	0.119904
43.2667	0.149304
43.3333	0.0835606
43.4	0.11034
43.4667	0.13719
43.5333	0.0310651
43.6	0.163189
43.6667	0.135277
43.7333	0.0671248
43.8	0.133152
43.8667	0.156353
43.9333	0.116999
44	0.181148
44.0667	0.161985
44.1333	0.14059
44.2	0.151465
44.2667	0.162623
44.3333	0.116149
44.4	0.148029
44.4667	0.154334
44.5333	0.0120081
44.6	0.3861
44.6667	0.212391
44.7333	0.0897241
44.8	0.141865
44.8667	0.129786
44.9333	0.133931
45	0.156318
45.0667	0.139988
45.1333	0.182565
45.2	0.174843
45.2667	0.194821
45.3333	0.069073
45.4	0.161914
45.4667	0.174666
45.5333	0.0201551
45.6	0.132337
45.6667	0.103007
45.7333	0.041798
45.8	0.144735
45.8667	0.0907513
45.9333	0.0414084
46	0.0946123
46.0667	0.136658
46.1333	0.0149481
46.2	0.147462
46.2667	0.237965
46.3333	0.0187383
46.4	0.0182424
46.4667	0.187843
46.5333	0.0260706
46.6	0.129503
46.6667	0.215614
46.7333	0.0222096
46.8	0.0748468
46.8667	0.055896
46.9333	0.157274
47	0.00524246
47.0667	0.178492
47.1333	0.145974
47.2	0.179802
47.2667	0.194786
47.3333	0.0126457
47.4	0.1662
47.4667	0.0908576
47.5333	0.0779994
47.6	0.208671
47.6667	0.218837
47.7333	0.191137
47.8	0.20017
47.8667	0.0701711
47.9333	0.468882
48	0.159541
48.0667	0.157132
48.1333	0.14013
48.2	0.118239
48.2667	0.178811
48.3333	0.124331
48.4	0.188481
48.4667	0.155113
48.5333	0.183026
48.6	0.182636
48.6667	0.0843399
48.7333	0.175977
48.8	0.160356
48.8667	0.141263
48.9333	0.0973044
49	0.0793808
49.0667	0.161702
49.1333	0.0904679
49.2	0.0714109
49.2667	0.097694
49.3333	0.0535227
49.4	0.0421168
49.4667	0.12295
49.5333	0.0590486
49.6	0.260777
49.6667	0.15947
49.7333	0.137827
49.8	0.0854026
49.8667	0.060678
49.9333	0.064291
50	0.0639722
50.0667	0.0823563
50.1333	0.0520704
50.2	0.032482
50.2667	0.0363076
50.3333	0.0769013
50.4	0.0494846
50.4667	0.0614218
50.5333	0.0241933
50.6	0.114519
50.6667	0.0688251
50.7333	0.146258
50.8	0.0355637
50.8667	0.0280543
50.9333	0.0226701
51	0.0389643
51.0667	0.0866778
51.1333	0.0456944
51.2	0.0239453
51.2667	0.397117
51.3333	0.102901
51.4	0.0484574
51.4667	0.135383
51.5333	0.125571
51.6	0.0367681
51.6667	0.0421877
51.7333	0.0909284
51.8	0.022741
51.8667	0.148525
51.9333	0.135277
52	0.0850129
52.0667	0.0943644
52.1333	0.0380787
52.2	0.0273458
52.2667	0.0354929
52.3333	0.0355637
52.4	0.0448443
52.4667	0.0431086
52.5333	0.05455
52.6	0.0413021
52.6667	0.0617052
52.7333	0.0645036
52.8	0.0580213
52.8667	0.0965959
52.9333	0.515745
53	0.0782473
53.0667	0.0754844
53.1333	0.0883072
53.2	0.0976232
53.2667	0.0607488
53.3333	0.0659204
53.4	0.0757678
53.4667	0.103574
53.5333	0.115759
53.6	0.0926641
53.6667	0.0669123
53.7333	0.0539478
53.8	0.0912118
53.8667	0.0771847
53.9333	0.123198
54	0.0731111
54.0667	0.100599
54.1333	0.0935142
54.2	0.108781
54.2667	0.0923453
54.3333	0.140519
54.4	0.106797
54.4667	0.165244
54.5333	0.143034
54.6	0.337749
54.6667	0.209415
54.7333	0.226134
54.8	0.0854026
54.8667	0.0417626
54.9333	0.134356
55	0.155999
55.0667	0.122312
55.1333	0.135171
55.2	0.118628
55.2667	0.0533456
55.3333	0.15947
55.4	0.0523538
55.4667	0.106904
55.5333	0.151642
55.6	0.124509
55.6667	0.193829
55.7333	0.0711629
55.8	0.0926995
55.8667	0.0705607
55.9333	0.0714817
56	0.0580567
56.0667	0.0923453
56.1333	0.0946831
56.2	0.0617052
56.2667	0.354681
56.3333	0.113528
56.4	0.13595
56.4667	0.126776
56.5333	0.109065
56.6	0.126492
56.6667	0.127838
56.7333	0.0349616
56.8	0.159753
56.8667	0.127165
56.9333	0.0459778
57	0.143141
57.0667	0.058411
57.1333	0.0614573
57.2	0.081577
57.2667	0.045659
57.3333	0.0716234
57.4	0.0779639
57.4667	0.159116
57.5333	0.10361
57.6	0.136339
57.6667	0.0635826
57.7333	0.0557897
57.8	0.0884134
57.8667	0.0474656
57.9333	0.361376
58	0.0993234
58.0667	0.0948248
58.1333	0.0992172
58.2	0.0855443
58.2667	0.133506
58.3333	0.231093
58.4	0.11707
58.4667	0.127023
58.5333	0.101909
58.6	0.127661
58.6667	0.0827813
58.7333	0.156743
58.8	0.135985
58.8667	0.067727
58.9333	0.089299
59	0.0920973
59.0667	0.0617406
59.1333	0.0702065
59.2	0.134887
59.2667	0.111615
59.3333	0.134179
59.4	0.112571
59.4667	0.0631575
59.5333	0.0338635
59.6	0.0583401
59.6667	0.0817187
59.7333	0.172753
59.8	0.09316
59.8667	0.0537707
59.9333	0.111119
60	0.0847296
60.0667	0.113457
60.1333	0.0908576
60.2	0.101378
60.2667	0.24048
60.3333	0.159116
60.4	0.20814
60.4667	0.079983
60.5333	0.0669831
60.6	0.100705
60.6667	0.0955333
60.7333	0.157168
60.8	0.0784244
60.8667	0.0660267
60.9333	0.0408771
61	0.0869257
61.0667	0.073607
61.1333	0.0117955
61.2	0.0699231
61.2667	0.116857
61.3333	0.133152
61.4	0.0630513
61.4667	0.113705
61.5333	0.191279
61.6	0.0385746
61.6667	0.113953
61.7333	0.0859339
61.8	0.0389288
61.8667	0.00981191
61.9333	0.282066
62	0.089299
62.0667	0.206086
62.1333	0.118487
62.2	0.10446
62.2667	0.0980128
62.3333	0.0905388
62.4	0.0673727
62.4667	0.0585527
62.5333	0.0944352
62.6	0.0470051
62.6667	0.0575963
62.7333	0.088378
62.8	0.0543729
62.8667	0.0578088
62.9333	0.0766179
63	0.0750948
63.0667	0.0541249
63.1333	0.122525
63.2	0.0746343
63.2667	0.0586943
63.3333	0.11289
63.4	0.0829584
63.4667	0.0737841
63.5333	0.0367327
63.6	0.350218
63.6667	0.0629096
63.7333	0.0626262
63.8	0.0813999
63.8667	0.0323049
63.9333	0.0977294
64	0.0642556
64.0667	0.0884843
64.1333	0.0416918
64.2	0.14013
64.2667	0.0804081
64.3333	0.0527789
64.4	0.148489
64.4667	0.0974106
64.5333	0.052283
64.6	0.0392476
64.6667	0.0327654
64.7333	0.0533102
64.8	0.0926641
64.8667	0.0859693
64.9333	0.0689313
65	0.030215
65.0667	0.123765
65.1333	0.1498
65.2	0.0869966
65.2667	0.2719
65.3333	0.206298
65.4	0.106231
65.4667	0.0901137
65.5333	0.146683
65.6	0.128192
65.6667	0.0993234
65.7333	0.151323
65.8	0.0918494
65.8667	0.102759
65.9333	0.107683
66	0.188304
66.0667	0.0391059
66.1333	0.115051
66.2	0.0564273
66.2667	0.0362013
66.3333	0.110729
66.4	0.0602529
66.4667	0.10237
66.5333	0.136587
66.6	0.083844
66.6667	0.186462
66.7333	0.107718
66.8	0.0714463
66.8667	0.0964543
66.9333	0.350891
67	0.214481
67.0667	0.20814
67.1333	0.192625
67.2	0.117566
67.2667	0.0838794
67.3333	0.0628387
67.4	0.103291
67.4667	0.116113
67.5333	0.0761928
67.6	0.12086
67.6667	0.10577
67.7333	0.0439942
67.8	0.0677624
67.8667	0.0621657
67.9333	0.0597216
68	0.0867132
68.0667	0.150615
68.1333	0.140307
68.2	0.060005
68.2667	0.138146
68.3333	0.0648578
68.4	0.0728277
68.4667	0.0947894
68.5333	0.0872799
68.6	0.168255
68.6667	0.0986504
68.7333	0.0823563
68.8	0.0784598
68.8667	0.0695689
68.9333	0.0664518
69	0.235911
69.0667	0.112607
69.1333	0.200985
69.2	0.141972
69.2667	0.147533
69.3333	0.0946831
69.4	0.0762637
69.4667	0.0928766
69.5333	0.081329
69.6	0.0835606
69.6667	0.112394
69.7333	0.156105
69.8	0.066558
69.8667	0.102051
69.9333	0.0680458
70	0.0950019
70.0667	0.0666289
70.1333	0.0499097
70.2	0.155042
70.2667	0.144097
70.3333	0.069994
70.4	0.0645036
70.4667	0.0628741
70.5333	0.0577734
70.6	0.0616344
70.6667	0.311608
70.7333	0.121604
70.8	0.13262
70.8667	0.102901
70.9333	0.0629804
71	0.0741384
71.0667	0.14523
71.1333	0.0784244
71.2	0.121073
71.2667	0.104743
71.3333	0.0637243
71.4	0.0858276
71.4667	0.15908
71.5333	0.0845879
71.6	0.0783536
71.6667	0.0916369
71.7333	0.0771847
71.8	0.0696043
71.8667	0.103255
71.9333	0.0865007
72	0.0740321
72.0667	0.16241
72.1333	0.0919911
72.2	0.0735362
72.2667	0.0784598
72.3333	0.331798
72.4	0.111154
72.4667	0.132585
72.5333	0.0509723
72.6	0.0485282
72.6667	0.0752364
72.7333	0.0621303
72.8	0.0913181
72.8667	0.0852963
72.9333	0.0836315
73	0.107223
73.0667	0.0867486
73.1333	0.0431795
73.2	0.0567461
73.2667	0.0805852
73.3333	0.0634409
73.4	0.0822146
73.4667	0.0683291
73.5333	0.0598278
73.6	0.0542312
73.6667	0.0567816
73.7333	0.052035
73.8	0.0496971
73.8667	0.0556835
73.9333	0.0540186
74	0.234671
74.0667	0.105947
74.1333	0.0602883
74.2	0.0805498
74.2667	0.108356
74.3333	0.075449
74.4	0.0461549
74.4667	0.0623074
74.5333	0.0496971
74.6	0.0918848
74.6667	0.0882009
74.7333	0.159045
74.8	0.0655308
74.8667	0.0694626
74.9333	0.0542666
75	0.0564273
75.0667	0.0471468
75.1333	0.0401686
75.2	0.0640431
75.2667	0.0332967
75.3333	0.0724027
75.4	0.0742092
75.4667	0.0604654
75.5333	0.072013
75.6	0.0687542
75.6667	0.0581984
75.7333	0.0424356
75.8	0.061599
75.8667	0.0670539
75.9333	0.0559314
76	0.0626616
76.0667	0.0500868
76.1333	0.0677624
76.2	0.0528851
76.2667	0.0410896
76.3333	0.0402749
76.4	0.0458716
76.4667	0.0447381
76.5333	0.0605363
76.6	0.0577734
76.6667	0.0483865
76.7333	0.0551167
76.8	0.0800538
76.8667	0.0926641
76.9333	0.0541603
77	0.0381496
77.0667	0.0438525
77.1333	0.0664872
77.2	0.0790974
77.2667	0.0984379
77.3333	0.259041
77.4	0.0736779
77.4667	0.124792
77.5333	0.103184
77.6	0.108569
77.6667	0.108817
77.7333	0.0890156
77.8	0.123481
77.8667	0.130814
77.9333	0.0994297
78	0.0607842
78.0667	0.114661
78.1333	0.0812228
78.2	0.0672665
78.2667	0.0722964
78.3333	0.0715525
78.4	0.105416
78.4667	0.0792037
78.5333	0.0660976
78.6	0.0726152
78.6667	0.109879
78.7333	0.0623782
78.8	0.0713046
78.8667	0.0780348
78.9333	0.0580567
79	0.0997485
79.0667	0.083596
79.1333	0.070667
79.2	0.0566399
79.2667	0.125713
79.3333	0.0769367
79.4	0.0713754
79.4667	0.0868903
79.5333	0.0598987
79.6	0.0543374
79.6667	0.0608551
79.7333	0.126421
79.8	0.0620949
79.8667	0.103184
79.9333	0.0537353
80	0.0638305
80.0667	0.064291
80.1333	0.0832772
80.2	0.0662392
80.2667	0.0608197
80.3333	0.0432857
80.4	0.0573129
80.4667	0.0760157
80.5333	0.0763699
80.6	0.0237682
80.6667	0.420849
80.7333	0.208919
80.8	0.0850129
80.8667	0.129609
80.9333	0.158832
81	0.139067
81.0667	0.193865
81.1333	0.167298
81.2	0.17286
81.2667	0.106195
81.3333	0.153377
81.4	0.19638
81.4667	0.205448
81.5333	0.0969147
81.6	0.12171
81.6667	0.0997839
81.7333	0.105983
81.8	0.123517
81.8667	0.111438
81.9333	0.0500159
82	0.0649286
82.0667	0.0815061
82.1333	0.0531331
82.2	0.106656
82.2667	0.0507598
82.3333	0.18253
82.4	0.0953916
82.4667	0.123906
82.5333	0.0942227
82.6	0.129503
82.6667	0.135702
82.7333	0.13928
82.8	0.08225
82.8667	0.0727569
82.9333	0.0730049
83	0.110552
83.0667	0.0943998
83.1333	0.0583047
83.2	0.0650349
83.2667	0.130601
83.3333	0.117849
83.4	0.038858
83.4667	0.0357054
83.5333	0.0538061
83.6	0.0418689
83.6667	0.109065
83.7333	0.0589777
83.8	0.0968085
83.8667	0.0461195
83.9333	0.066133
84	0.119549
84.0667	0.0248663
84.1333	0.0403811
84.2	0.0341823
84.2667	0.0830293
84.3333	0.061599
84.4	0.080231
84.4667	0.105806
84.5333	0.0636534
84.6	0.0439588
84.6667	0.0277709
84.7333	0.0556126
84.8	0.0654245
84.8667	0.0788495
84.9333	0.0291878
85	0.04364
85.0667	0.10446
85.1333	0.066558
85.2	0.0517162
85.2667	0.061351
85.3333	0.0929829
85.4	0.0542666
85.4667	0.0646452
85.5333	0.0692501
85.6	0.0509723
85.6667	0.337537
85.7333	0.0596862
85.8	0.102228
85.8667	0.0851192
85.9333	0.0956041
86	0.0598987
86.0667	0.154228
86.1333	0.0820729
86.2	0.0787432
86.2667	0.137083
86.3333	0.0924516
86.4	0.113492
86.4667	0.103184
86.5333	0.0709858
86.6	0.063618
86.6667	0.0448089
86.7333	0.0469696
86.8	0.044986
86.8667	0.0538415
86.9333	0.0737841
87	0.0664872
87.0667	0.120045
87.1333	0.0769721
87.2	0.0903262
87.2667	0.13556
87.3333	0.220113
87.4	0.0850838
87.4667	0.111367
87.5333	0.0466154
87.6	0.0454465
87.6667	0.0639722
87.7333	0.0632638
87.8	0.0792391
87.8667	0.18632
87.9333	0.126492
88	0.149977
88.0667	0.239736
88.1333	0.156176
88.2	0.0851192
88.2667	0.0978711
88.3333	0.0500514
88.4	0.0712692
88.4667	0.108108
88.5333	0.053381
88.6	0.0424002
88.6667	0.0825334
88.7333	0.0496971
88.8	0.119727
88.8667	0.104105
88.9333	0.104672
89	0.415926
89.0667	0.211895
89.1333	0.2329
89.2	0.13262
89.2667	0.103291
89.3333	0.114909
89.4	0.124544
89.4667	0.0963834
89.5333	0.0701002
89.6	0.0683646
89.6667	0.0617052
89.7333	0.0670539
89.8	0.0595445
89.8667	0.094754
89.9333	0.0492721
90	0.0607488
90.0667	0.0840565
90.1333	0.0500868
90.2	0.0740675
90.2667	0.0894407
90.3333	0.0734299
90.4	0.0632638
90.4667	0.104247
90.5333	0.0608197
90.6	0.0509015
90.6667	0.25433
90.7333	0.0855088
90.8	0.0639722
90.8667	0.0813645
90.9333	0.0744572
91	0.0899366
91.0667	0.0863235
91.1333	0.0587298
91.2	0.0682937
91.2667	0.0880946
91.3333	0.0597216
91.4	0.0815061
91.4667	0.056817
91.5333	0.0635472
91.6	0.0684
91.6667	0.0284793
91.7333	0.0651057
91.8	0.0597924
91.8667	0.0451985
91.9333	0.0563565
92	0.0337572
92.0667	0.0434274
92.1333	0.0539832
92.2	0.0631221
92.2667	0.0288336
92.3333	0.0801955
92.4	0.0411604
92.4667	0.0372286
92.5333	0.0319861
92.6	0.0806206
92.6667	0.0404166
92.7333	0.0467217
92.8	0.0404166
92.8667	0.0687896
92.9333	0.0544083
93	0.0410187
93.0667	0.179023
93.1333	0.063866
93.2	0.04364
93.2667	0.0556126
93.3333	0.00761574
93.4	0.0505118
93.4667	0.030888
93.5333	0.0306047
93.6	0.0702419
93.6667	0.10407
93.7333	0.0220325
93.8	0.0388934
93.8667	0.0776097
93.9333	0.076795
94	0.0499097
94.0667	0.0961709
94.1333	0.0772909
94.2	0.0928412
94.2667	0.199816
94.3333	0.0541249
94.4	0.104956
94.4667	0.164465
94.5333	0.0819312
94.6	0.115299
94.6667	0.170416
94.7333	0.111898
94.8	0.0500159
94.8667	0.0599695
94.9333	0.167015
95	0.167192
95.0667	0.218767
95.1333	0.20435
95.2	0.0841628
95.2667	0.059084
95.3333	0.220715
95.4	0.238142
95.4667	0.179023
95.5333	0.163508
95.6	0.136375
95.6667	0.193936
95.7333	0.177748
95.8	0.216783
95.8667	0.0507598
95.9333	0.264886
96	0.228649
96.0667	0.22617
96.1333	0.255003
96.2	0.346073
96.2667	0.246892
96.3333	0.370586
96.4	0.274415
96.4667	0.322305
96.5333	0.362226
96.6	0.304948
96.6667	0.319436
96.7333	0.374447
96.8	0.28203
96.8667	0.220609
96.9333	0.402182
97	0.359676
97.0667	0.346251
97.1333	0.330027
97.2	0.39322
97.2667	0.308136
97.3333	0.428819
97.4	0.435408
97.4667	0.173108
97.5333	0.412702
97.6	0.382452
97.6667	0.199284
97.7333	0.455917
97.8	0.429422
97.8667	0.320145
97.9333	0.445893
98	0.530091
98.0667	0.309482
98.1333	0.544224
98.2	0.617761
98.2667	0.14268
98.3333	0.550919
98.4	0.464985
98.4667	0.344657
98.5333	0.550742
98.6	0.568772
98.6667	0.48847
98.7333	0.564592
98.8	0.538238
98.8667	0.373207
98.9333	0.584039
99	0.614466
99.0667	0.397365
99.1333	0.558287
99.2	0.584145
99.2667	0.463604
99.3333	0.601785
99.4	0.587794
99.4667	0.513868
99.5333	0.578761
99.6	0.568134
99.6667	0.457122
99.7333	0.585633
99.8	0.615246
99.8667	0.357302
99.9333	0.536821
100	0.627254
100.067	0.437108
100.133	0.548085
100.2	0.58875
100.267	0.509936
100.333	0.755198
100.4	0.634196
100.467	0.354114
100.533	0.746768
100.6	0.683894
100.667	0.531543
100.733	0.714286
100.8	0.592823
100.867	0.443449
100.933	0.538096
101	0.81917
101.067	0.384294
101.133	0.791293
101.2	0.708051
101.267	0.542135
101.333	0.807942
101.4	0.706847
101.467	0.600723
101.533	0.753888
101.6	0.407991
101.667	0.614785
101.733	0.826432
101.8	0.766746
101.867	0.707803
101.933	0.818781
102	0.852538
102.067	0.709291
102.133	0.808438
102.2	0.770784
102.267	0.701144
102.333	0.824732
102.4	0.809571
102.467	0.491021
102.533	0.818427
102.6	0.808579
102.667	0.763806
102.733	0.818143
102.8	0.829832
102.867	0.666076
102.933	0.85647
103	0.789522
103.067	0.596826
103.133	0.798803
103.2	0.85484
103.267	0.772449
103.333	0.839857
103.4	0.819348
103.467	0.748397
103.533	0.863129
103.6	0.878432
103.667	0.692041
103.733	0.876802
103.8	0.872197
103.867	0.740994
103.933	0.894903
104	0.874641
104.067	0.636676
104.133	0.818958
104.2	0.887677
104.267	0.439021
104.333	0.869328
104.4	0.860366
104.467	0.782509
104.533	0.886579
104.6	0.882399
104.667	0.793348
104.733	0.891821
104.8	0.897064
104.867	0.766214
104.933	0.892175
105	0.891006
105.067	0.71425
105.133	0.890298
105.2	0.89005
105.267	0.620594
105.333	0.881619
105.4	0.908505
105.467	0.719812
105.533	0.891573
105.6	0.89972
105.667	0.538699
105.733	0.898197
105.8	0.870639
105.867	0.540682
105.933	0.878998
106	0.887606
106.067	0.692041
106.133	0.903227
106.2	0.916971
106.267	0.0560377
106.333	0.922815
106.4	0.754809
106.467	0.80904
106.533	0.911161
106.6	0.908469
106.667	0.832772
106.733	0.919734
106.8	0.914775
106.867	0.792285
106.933	0.912791
107	0.905104
107.067	0.822323
107.133	0.898268
107.2	0.918352
107.267	0.791541
107.333	0.909072
107.4	0.898905
107.467	0.690801
107.533	0.915943
107.6	0.897134
107.667	0.840636
107.733	0.896922
107.8	0.875527
107.867	0.768234
107.933	0.87875
108	0.872374
108.067	0.789806
108.133	0.864511
108.2	0.865715
108.267	0.725054
108.333	0.864546
108.4	0.858383
108.467	0.584216
108.533	0.859693
108.6	0.876271
108.667	0.737841
108.733	0.871701
108.8	0.871843
108.867	0.727038
108.933	0.874039
109	0.872906
109.067	0.820198
109.133	0.885693
109.2	0.885339
109.267	0.642096
109.333	0.877227
109.4	0.875775
109.467	0.716907
109.533	0.869222
109.6	0.883497
109.667	0.684637
109.733	0.852148
109.8	0.857285
109.867	0.769438
109.933	0.866884
110	0.850165
110.067	0.750239
110.133	0.850377
110.2	0.869222
110.267	0.788743
110.333	0.862987
110.4	0.880734
110.467	0.751691
110.533	0.866601
110.6	0.869257
110.667	0.646559
110.733	0.891609
110.8	0.867309
110.867	0.753958
110.933	0.856045
111	0.86359
111.067	0.367539
111.133	0.857107
111.2	0.857143
111.267	0.769898
111.333	0.862704
111.4	0.872374
111.467	0.782402
111.533	0.857887
111.6	0.801282
111.667	0.742553
111.733	0.845808
111.8	0.837696
111.867	0.767844
111.933	0.832064
112	0.538344
112.067	0.750593
112.133	0.82335
112.2	0.82877
112.267	0.778081
112.333	0.815345
112.4	0.82459
112.467	0.75665
112.533	0.111438
112.6	0.830151
112.667	0.682406
112.733	0.847791
112.8	0.827884
112.867	0.74234
112.933	0.826042
113	0.861925
113.067	0.799051
113.133	0.845843
113.2	0.77089
113.267	0.727569
113.333	0.849988
113.4	0.860047
113.467	0.798626
113.533	0.855974
113.6	0.86196
113.667	0.77128
113.733	0.871276
113.8	0.826078
113.867	0.792639
113.933	0.837802
114	0.861252
114.067	0.774149
114.133	0.855265
114.2	0.852148
114.267	0.792179
114.333	0.853884
114.4	0.833623
114.467	0.672311
114.533	0.818143
114.6	0.816726
114.667	0.745599
114.733	0.813255
114.8	0.804931
114.867	0.732209
114.933	0.788707
115	0.808969
115.067	0.732032
115.133	0.807481
115.2	0.75952
115.267	0.680635
115.333	0.800255
115.4	0.798626
115.467	0.683433
115.533	0.798767
115.6	0.801636
115.667	0.691616
115.733	0.785484
115.8	0.79356
115.867	0.707591
115.933	0.820198
116	0.805002
116.067	0.682229
116.133	0.776274
116.2	0.761185
116.267	0.698665
116.333	0.758847
116.4	0.745103
116.467	0.677872
116.533	0.707697
116.6	0.748751
116.667	0.702844
116.733	0.719386
116.8	0.763664
116.867	0.641352
116.933	0.74528
117	0.726931
117.067	0.691722
117.133	0.751443
117.2	0.741561
117.267	0.597676
117.333	0.736956
117.4	0.732528
117.467	0.470936
117.533	0.722964
117.6	0.698665
117.667	0.272644
117.733	0.726081
117.8	0.75495
117.867	0.386844
117.933	0.742907
118	0.736141
118.067	0.50271
118.133	0.735716
118.2	0.74574
118.267	0.569799
118.333	0.750168
118.4	0.7377
118.467	0.606355
118.533	0.724558
118.6	0.726825
118.667	0.60306
118.733	0.710566
118.8	0.704226
118.867	0.481882
118.933	0.697744
119	0.63866
119.067	0.484999
119.133	0.668698
119.2	0.650313
119.267	0.534625
119.333	0.65166
119.4	0.633311
119.467	0.543126
119.533	0.627395
119.6	0.616131
119.667	0.516206
119.733	0.611633
119.8	0.610605
119.867	0.465694
119.933	0.606638
120	0.617158
120.067	0.50023
120.133	0.621267
120.2	0.608445
120.267	0.51865
120.333	0.626014
120.4	0.629662
120.467	0.585775
120.533	0.625979
120.6	0.620842
120.667	0.592823
120.733	0.626191
120.8	0.608551
120.867	0.467359
120.933	0.617336
121	0.612447
121.067	0.540966
121.133	0.617336
121.2	0.605221
121.267	0.517587
121.333	0.597003
121.4	0.595976
121.467	0.567426
121.533	0.603379
121.6	0.610853
121.667	0.537671
121.733	0.60136
121.8	0.598066
121.867	0.566965
121.933	0.608905
122	0.598562
122.067	0.420956
122.133	0.609932
122.2	0.598172
122.267	0.556162
122.333	0.607701
122.4	0.591973
122.467	0.497609
122.533	0.575042
122.6	0.562715
122.667	0.49644
122.733	0.541462
122.8	0.512911
122.867	0.486628
122.933	0.521483
123	0.4935
123.067	0.455811
123.133	0.486168
123.2	0.47129
123.267	0.426977
123.333	0.456165
123.4	0.434345
123.467	0.379547
123.533	0.421841
123.6	0.423612
123.667	0.366441
123.733	0.409231
123.8	0.404874
123.867	0.382381
123.933	0.404378
124	0.421983
124.067	0.390634
124.133	0.406999
124.2	0.39995
124.267	0.384081
124.333	0.351493
124.4	0.355744
124.467	0.37218
124.533	0.358719
124.6	0.359498
124.667	0.377953
124.733	0.380185
124.8	0.390422
124.867	0.379229
124.933	0.414332
125	0.417874
125.067	0.383585
125.133	0.460805
125.2	0.435125
125.267	0.442528
125.333	0.470299
125.4	0.502391
125.467	0.464773
125.533	0.521554
125.6	0.535227
125.667	0.52368
125.733	0.553505
125.8	0.583437
125.867	0.530799
125.933	0.586341
126	0.592753
126.067	0.566753
126.133	0.609366
126.2	0.634586
126.267	0.587333
126.333	0.630052
126.4	0.625518
126.467	0.619142
126.533	0.687046
126.6	0.680351
126.667	0.646346
126.733	0.689278
126.8	0.71758
126.867	0.649215
126.933	0.702774
127	0.704261
127.067	0.701888
127.133	0.698558
127.2	0.729623
127.267	0.681697
127.333	0.705926
127.4	0.659382
127.467	0.662322
127.533	0.678651
127.6	0.670398
127.667	0.586448
127.733	0.654245
127.8	0.629131
127.867	0.602954
127.933	0.586235
128	0.582764
128.067	0.5048
128.133	0.595126
128.2	0.579221
128.267	0.547023
128.333	0.566824
128.4	0.572597
128.467	0.482023
128.533	0.535192
128.6	0.525805
128.667	0.485778
128.733	0.521483
128.8	0.508732
128.867	0.441713
128.933	0.474301
129	0.455882
129.067	0.410683
129.133	0.441996
129.2	0.431724
129.267	0.398286
129.333	0.413517
129.4	0.406787
129.467	0.358436
129.533	0.382133
129.6	0.359853
129.667	0.312989
129.733	0.333817
129.8	0.318905
129.867	0.264355
129.933	0.302788
130	0.296766
130.067	0.238426
130.133	0.27406
130.2	0.269172
130.267	0.217952
130.333	0.223442
130.4	0.233077
130.467	0.155892
130.533	0.176614
130.6	0.166129
130.667	0.178031
130.733	0.18593
130.8	0.185612
130.867	0.134143
130.933	0.186072
131	0.129893
131.067	0.07134
131.133	0.145549
131.2	0.114342
131.267	0.126988
131.333	0.0898303
131.4	0.086784
131.467	0.0392122
131.533	0.071588
131.6	0.0661684
131.667	0.0698169
131.733	0.08225
131.8	0.0582693
131.867	0.0663101
131.933	0.0606426
132	0.0716942
132.067	0.0856151
132.133	0.147143
132.2	0.0769367
132.267	0.0177464
132.333	0.169105
132.4	0.0591194
132.467	0.135419
132.533	0.0505473
132.6	0.0685771
132.667	0.124544
132.733	0.0780348
132.8	0.0526726
132.867	0.0512557
132.933	0.0512911
133	0.0487762
133.067	0.0683646
133.133	0.0465092
133.2	0.0377953
133.267	0.0393539
133.333	0.0466154
133.4	0.0426482
133.467	0.0626262
133.533	0.0592257
133.6	0.0688959
133.667	0.0876342
133.733	0.101768
133.8	0.150827
133.867	0.157699
133.933	0.168042
134	0.189189
134.067	0.192554
134.133	0.207325
134.2	0.239453
134.267	0.243279
134.333	0.2329
134.4	0.251142
134.467	0.337147
134.533	0.279126
134.6	0.306117
134.667	0.371436
134.733	0.341044
134.8	0.398675
134.867	0.428961
134.933	0.435939
135	0.455492
135.067	0.480748
135.133	0.479544
135.2	0.48468
135.267	0.509759
135.333	0.462081
135.4	0.441182
135.467	0.511282
135.533	0.464737
135.6	0.379547
135.667	0.467075
135.733	0.40661
135.8	0.445999
135.867	0.438206
135.933	0.417591
136	0.400269
136.067	0.38146
136.133	0.39825
136.2	0.366122
136.267	0.386986
136.333	0.350678
136.4	0.366618
136.467	0.340902
136.533	0.362686
136.6	0.369346
136.667	0.316531
136.733	0.341291
136.8	0.335447
136.867	0.297758
136.933	0.318586
137	0.304913
137.067	0.237009
137.133	0.240799
137.2	0.266516
137.267	0.193086
137.333	0.233644
137.4	0.20559
137.467	0.15653
137.533	0.189295
137.6	0.1922
137.667	0.152917
137.733	0.165704
137.8	0.140803
137.867	0.137863
137.933	0.133329
138	0.134923
138.067	0.104708
138.133	0.143601
138.2	0.103362
138.267	0.086359
138.333	0.0919911
138.4	0.0681875
138.467	0.0889802
138.533	0.0962771
138.6	0.0639014
138.667	0.0800184
138.733	0.0739967
138.8	0.0956395
138.867	0.0494846
138.933	0.0594382
139	0.0811873
139.067	0.0816478
139.133	0.0419751
139.2	0.0584818
139.267	0.0732528
139.333	0.0611385
139.4	0.0471113
139.467	0.068152
139.533	0.0432149
139.6	0.0684
139.667	0.0659204
139.733	0.0608905
139.8	0.0219263
139.867	0.0399207
139.933	0.0342531
140	0.0733237
140.067	0.0718359
140.133	0.0711275
140.2	0.0756261
140.267	0.0740321
140.333	0.0907159
140.4	0.0849067
140.467	0.130814
140.533	0.1091
140.6	0.131487
140.667	0.308207
140.733	0.147781
140.8	0.151819
140.867	0.176827
140.933	0.182919
141	0.194325
141.067	0.243137
141.133	0.213347
141.2	0.227197
141.267	0.241614
141.333	0.230066
141.4	0.255676
141.467	0.285218
141.533	0.286246
141.6	0.29666
141.667	0.30633
141.733	0.330629
141.8	0.340654
141.867	0.337785
141.933	0.35794
142	0.369629
142.067	0.35624
142.133	0.377635
142.2	0.382594
142.267	0.374163
142.333	0.40498
142.4	0.398569
142.467	0.392724
142.533	0.394389
142.6	0.394318
142.667	0.372321
142.733	0.395381
142.8	0.391485
142.867	0.396833
142.933	0.400198
143	0.401367
143.067	0.385534
143.133	0.394212
143.2	0.388438
143.267	0.367752
143.333	0.383515
143.4	0.367858
143.467	0.360667
143.533	0.380008
143.6	0.390705
143.667	0.388934
143.733	0.389926
143.8	0.404449
143.867	0.387128
143.933	0.417697
144	0.450391
144.067	0.406043
144.133	0.338706
144.2	0.404839
144.267	0.240197
144.333	0.40204
144.4	0.411002
144.467	0.269597
144.533	0.395452
144.6	0.394035
144.667	0.382416
144.733	0.3991
144.8	0.374057
144.867	0.351174
144.933	0.389324
145	0.361765
145.067	0.321243
145.133	0.350678
145.2	0.342425
145.267	0.30176
145.333	0.331621
145.4	0.301335
145.467	0.264496
145.533	0.266055
145.6	0.265417
145.667	0.260104
145.733	0.246325
145.8	0.216181
145.867	0.183486
145.933	0.20226
146	0.196026
146.067	0.174312
146.133	0.153165
146.2	0.161418
146.267	0.131522
146.333	0.135419
146.4	0.122312
146.467	0.0880946
146.533	0.108321
146.6	0.0950374
146.667	0.0825688
146.733	0.0879884
146.8	0.0694981
146.867	0.0659559
146.933	0.0613156
147	0.0612447
147.067	0.0501222
147.133	0.0467217
147.2	0.0383975
147.267	0.0309235
147.333	0.0593674
147.4	0.0228472
147.467	0.0467925
147.533	0.0284439
147.6	0.0184903
147.667	0.0684708
147.733	0.0296128
147.8	0.0206156
147.867	0.0244058
147.933	0.0297545
148	0.0432857
148.067	0.0388226
148.133	0.0311006
148.2	0.0223513
148.267	0.0237328
148.333	0.0259998
148.4	0.0408416
148.467	0.0306047
148.533	0.0374765
148.6	0.0249371
148.667	0.0354929
148.733	0.0325174
148.8	0.0403811
148.867	0.0332259
148.933	0.0441713
149	0.122312
149.067	0.042719
149.133	0.0379016
149.2	0.0338281
149.267	0.0387517
149.333	0.0438879
149.4	0.0403811
149.467	0.0435337
149.533	0.0464029
149.6	0.0481386
149.667	0.0604654
149.733	0.052035
149.8	0.0508661
149.867	0.0487053
149.933	0.0403811
150	0.041373
150.067	0.0455528
150.133	0.0461904
150.2	0.0554709
150.267	0.0579859
150.333	0.0551521
150.4	0.0538769
150.467	0.0589777
150.533	0.0523184
150.6	0.0628387
150.667	0.0703836
150.733	0.0554709
150.8	0.0560023
150.867	0.0618823
150.933	0.0592611
151	0.0676207
151.067	0.0907159
151.133	0.0957104
151.2	0.106089
151.267	0.108604
151.333	0.113492
151.4	0.135808
151.467	0.147037
151.533	0.159753
151.6	0.164287
151.667	0.163756
151.733	0.173781
151.8	0.177181
151.867	0.178244
151.933	0.188693
152	0.194786
152.067	0.189048
152.133	0.195176
152.2	0.196486
152.267	0.189579
152.333	0.2086
152.4	0.212674
152.467	0.179236
152.533	0.200595
152.6	0.198151
152.667	0.186001
152.733	0.200595
152.8	0.212284
152.867	0.194396
152.933	0.198116
153	0.212143
153.067	0.20272
153.133	0.206156
153.2	0.222805
153.267	0.207502
153.333	0.241118
153.4	0.254507
153.467	0.236336
153.533	0.271793
153.6	0.271793
153.667	0.254649
153.733	0.280472
153.8	0.286671
153.867	0.256208
153.933	0.268393
154	0.288194
154.067	0.262796
154.133	0.251107
154.2	0.265417
154.267	0.250186
154.333	0.268145
154.4	0.264744
154.467	0.270483
154.533	0.264213
154.6	0.240126
154.667	0.233006
154.733	0.236053
154.8	0.224611
154.867	0.221423
154.933	0.23917
155	0.210938
155.067	0.209628
155.133	0.208246
155.2	0.205731
155.267	0.182849
155.333	0.180688
155.4	0.170522
155.467	0.168184
155.533	0.164819
155.6	0.185612
155.667	0.202685
155.733	0.160497
155.8	0.164075
155.867	0.128192
155.933	0.139988
156	0.135773
156.067	0.117672
156.133	0.117814
156.2	0.116822
156.267	0.108144
156.333	0.109773
156.4	0.104566
156.467	0.0882009
156.533	0.0892636
156.6	0.0774326
156.667	0.0896532
156.733	0.0941164
156.8	0.0894407
156.867	0.0976586
156.933	0.0741029
157	0.0896178
157.067	0.0943998
157.133	0.0695689
157.2	0.0869966
157.267	0.0803018
157.333	0.114307
157.4	0.0765471
157.467	0.0689313
157.533	0.0805143
157.6	0.0762637
157.667	0.0713754
157.733	0.0730403
157.8	0.0707733
157.867	0.0748822
157.933	0.0739967
158	0.0728986
158.067	0.0785661
158.133	0.0427898
158.2	0.0796288
158.267	0.0651766
158.333	0.0801601
158.4	0.0782119
158.467	0.0781056
158.533	0.0913889
158.6	0.0831356
158.667	0.0760866
158.733	0.0782473
158.8	0.0896886
158.867	0.0896886
158.933	0.102086
159	0.132549
159.067	0.129786
159.133	0.132195
159.2	0.152386
159.267	0.165315
159.333	0.165244
159.4	0.18586
159.467	0.181113
159.533	0.179484
159.6	0.16829
159.667	0.162091
159.733	0.130389
159.8	0.150367
159.867	0.17332
159.933	0.148454
160	0.161454
160.067	0.167653
160.133	0.16574
160.2	0.17247
160.267	0.169707
160.333	0.161241
160.4	0.181751
160.467	0.175268
160.533	0.166023
160.6	0.185824
160.667	0.219404
160.733	0.20102
160.8	0.216677
160.867	0.169459
160.933	0.194928
161	0.178811
161.067	0.140874
161.133	0.144735
161.2	0.132904
161.267	0.109596
161.333	0.116043
161.4	0.0917431
161.467	0.0864298
161.533	0.0822146
161.6	0.0650349
161.667	0.0572066
161.733	0.0499805
161.8	0.0385038
161.867	0.0378308
161.933	0.0329071
162	0.0168609
162.067	0.0278417
162.133	0.0262832
162.2	0.0450569
162.267	0.0543729
162.333	0.0779285
162.4	0.0824271
162.467	0.0854734
162.533	0.103964
162.6	0.098863
162.667	0.101732
162.733	0.109171
162.8	0.109596
162.867	0.115193
162.933	0.112961
163	0.111084
163.067	0.11498
163.133	0.131487
163.2	0.128865
163.267	0.121179
163.333	0.122029
163.4	0.132124
163.467	0.125217
163.533	0.134108
163.6	0.139032
163.667	0.130459
163.733	0.127626
163.8	0.133895
163.867	0.129468
163.933	0.157132
164	0.179129
164.067	0.127626
164.133	0.171443
164.2	0.140944
164.267	0.114165
164.333	0.117991
164.4	0.111084
164.467	0.0970918
164.533	0.0976232
164.6	0.0954624
164.667	0.080904
164.733	0.0763699
164.8	0.0690376
164.867	0.0621657
164.933	0.0592611
165	0.0603946
165.067	0.0578796
165.133	0.067727
165.2	0.0634409
165.267	0.0631575
165.333	0.0521767
165.4	0.0404874
165.467	0.0544437
165.533	0.0477844
165.6	0.0542312
165.667	0.129361
165.733	0.0558252
165.8	0.0558252
165.867	0.0682937
165.933	0.0639722
166	0.0679749
166.067	0.0744926
166.133	0.0677978
166.2	0.0676561
166.267	0.0750593
166.333	0.0750593
166.4	0.0737841
166.467	0.0731465
166.533	0.0771847
166.6	0.0965959
166.667	0.082498
166.733	0.079983
166.8	0.110729
166.867	0.0878821
166.933	0.100174
167	0.101449
167.067	0.0860402
167.133	0.0987921
167.2	0.117389
167.267	0.111402
167.333	0.109277
167.4	0.122596
167.467	0.13556
167.533	0.149091
167.6	0.164606
167.667	0.174383
167.733	0.183274
167.8	0.192058
167.867	0.180971
167.933	0.186107
168	0.183982
168.067	0.184903
168.133	0.187666
168.2	0.18586
168.267	0.18462
168.333	0.191102
168.4	0.193759
168.467	0.196522
168.533	0.220325
168.6	0.218342
168.667	0.204881
168.733	0.252949
168.8	0.245475
168.867	0.21193
168.933	0.240374
169	0.265347
169.067	0.223549
169.133	0.268995
169.2	0.27654
169.267	0.228295
169.333	0.277178
169.4	0.280224
169.467	0.241401
169.533	0.278524
169.6	0.285218
169.667	0.244589
169.733	0.302611
169.8	0.281357
169.867	0.233183
169.933	0.259006
170	0.224044
170.067	0.218944
170.133	0.222557
170.2	0.213595
170.267	0.192448
170.333	0.192909
170.4	0.179448
170.467	0.156743
170.533	0.165102
170.6	0.154369
170.667	0.199887
170.733	0.136906
170.8	0.105487
170.867	0.0888031
170.933	0.0822146
171	0.0711983
171.067	0.058836
171.133	0.0483865
171.2	0.0303567
171.267	0.0268145
171.333	0.0222096
171.4	0.0177819
171.467	0.0284439
171.533	0.0138146
171.6	0.169069
171.667	0.256456
171.733	0.13719
171.8	0.125465
171.867	0.127519
171.933	0.0959583
172	0.14523
172.067	0.139775
172.133	0.0903971
172.2	0.131593
172.267	0.0783536
172.333	0.42007
172.4	0.203889
172.467	0.229995
172.533	0.177606
172.6	0.229889
172.667	0.193617
172.733	0.160356
172.8	0.120152
172.867	0.286458
172.933	0.149587
173	0.135879
173.067	0.210974
173.133	0.163508
173.2	0.244023
173.267	0.316744
173.333	0.160214
173.4	0.174985
173.467	0.143707
173.533	0.294251
173.6	0.161808
173.667	0.0752719
173.733	0.196238
173.8	0.127023
173.867	0.224434
173.933	0.0263894
174	0.335411
174.067	0.198328
174.133	0.181467
174.2	0.191988
174.267	0.171691
174.333	0.0885906
174.4	0.19174
174.467	0.161454
174.533	0.0848004
174.6	0.122525
174.667	0.257058
174.733	0.224895
174.8	0.167759
174.867	0.00758032
174.933	0.0124686
175	0.0237328
175.067	0.0363784
175.133	0.0426482
175.2	0.057242
175.267	0.0668768
175.333	0.0739258
175.4	0.0837023
175.467	0.0885551
175.533	0.100032
175.6	0.0888385
175.667	0.134533
175.733	0.110446
175.8	0.1351
175.867	0.148348
175.933	0.164146
176	0.181715
176.067	0.200949
176.133	0.240764
176.2	0.281145
176.267	0.275584
176.333	0.299281
176.4	0.326981
176.467	0.324537
176.533	0.342602
176.6	0.358223
176.667	0.367823
176.733	0.397967
176.8	0.421274
176.867	0.389749
176.933	0.423896
177	0.444901
177.067	0.418264
177.133	0.473983
177.2	0.487301
177.267	0.440367
177.333	0.519889
177.4	0.510148
177.467	0.451525
177.533	0.528285
177.6	0.525132
177.667	0.443094
177.733	0.537742
177.8	0.481031
177.867	0.44986
177.933	0.510078
178	0.49389
178.067	0.457582
178.133	0.498743
178.2	0.486876
178.267	0.440509
178.333	0.46828
178.4	0.46038
178.467	0.437462
178.533	0.440969
178.6	0.431157
178.667	0.394743
178.733	0.397577
178.8	0.399455
178.867	0.348588
178.933	0.379972
179	0.388367
179.067	0.333959
179.133	0.345082
179.2	0.326025
179.267	0.29588
179.333	0.293543
179.4	0.300592
179.467	0.274096
179.533	0.261131
179.6	0.274273
179.667	0.243385
179.733	0.239701
179.8	0.244731
179.867	0.190925
179.933	0.2199
180	0.210265
180.067	0.174524
180.133	0.193936
180.2	0.181325
180.267	0.154582
180.333	0.161737
180.4	0.14098
180.467	0.124509
180.533	0.134143
180.6	0.125819
180.667	0.28954
180.733	0.115582
180.8	0.117212
180.867	0.0894407
180.933	0.115228
181	0.115759
181.067	0.0929475
181.133	0.10949
181.2	0.109738
181.267	0.0840565
181.333	0.10995
181.4	0.106231
181.467	0.10361
181.533	0.106231
181.6	0.109808
181.667	0.074528
181.733	0.11243
181.8	0.118451
181.867	0.108002
181.933	0.12635
182	0.136092
182.067	0.0827813
182.133	0.146895
182.2	0.105877
182.267	0.154298
182.333	0.168715
182.4	0.164713
182.467	0.153023
182.533	0.160745
182.6	0.16404
182.667	0.139492
182.733	0.167723
182.8	0.177571
182.867	0.125394
182.933	0.139953
183	0.165244
183.067	0.15483
183.133	0.15862
183.2	0.154228
183.267	0.187206
183.333	0.176048
183.4	0.163473
183.467	0.194113
183.533	0.173072
183.6	0.165775
183.667	0.176756
183.733	0.199745
183.8	0.189827
183.867	0.187418
183.933	0.209982
184	0.241012
184.067	0.191208
184.133	0.190996
184.2	0.207609
184.267	0.17332
184.333	0.204633
184.4	0.196415
184.467	0.193723
184.533	0.201622
184.6	0.198718
184.667	0.165244
184.733	0.212178
184.8	0.200347
184.867	0.197655
184.933	0.209805
185	0.203216
185.067	0.177464
185.133	0.214728
185.2	0.18423
185.267	0.209061
185.333	0.23042
185.4	0.231979
185.467	0.198895
185.533	0.240445
185.6	0.229181
185.667	0.299423
185.733	0.223867
185.8	0.252595
185.867	0.21363
185.933	0.241968
186	0.262832
186.067	0.19847
186.133	0.257766
186.2	0.2346
186.267	0.224718
186.333	0.231519
186.4	0.255499
186.467	0.211222
186.533	0.186816
186.6	0.174666
186.667	0.117707
186.733	0.191421
186.8	0.142113
186.867	0.165031
186.933	0.1758
187	0.13935
187.067	0.0549042
187.133	0.101378
187.2	0.148418
187.267	0.0977294
187.333	0.264213
187.4	0.0533102
187.467	0.0864652
187.533	0.112996
187.6	0.0873508
187.667	0.0985796
187.733	0.129007
187.8	0.0694272
187.867	0.0697106
187.933	0.0571712
188	0.0796642
188.067	0.0674082
188.133	0.0840565
188.2	0.0828522
188.267	0.111154
188.333	0.0633346
188.4	0.107152
188.467	0.0473593
188.533	0.0339343
188.6	0.0874216
188.667	0.16705
188.733	0.168219
188.8	0.0652474
188.867	0.0857568
188.933	0.0666289
189	0.183167
189.067	0.0639368
189.133	0.0860402
189.2	0.0980482
189.267	0.0783536
189.333	0.112217
189.4	0.0848004
189.467	0.11746
189.533	0.0740321
189.6	0.082923
189.667	0.113563
189.733	0.060678
189.8	0.0547271
189.867	0.0417272
189.933	0.0617052
190	0.0632992
190.067	0.0677624
190.133	0.0662747
190.2	0.0767242
190.267	0.0754136
190.333	0.0634409
190.4	0.0753781
190.467	0.0804081
190.533	0.0572775
190.6	0.0559314
190.667	0.150969
190.733	0.0641848
190.8	0.121568
190.867	0.0796996
190.933	0.0786015
191	0.0867132
191.067	0.0900074
191.133	0.114413
191.2	0.110056
191.267	0.0627325
191.333	0.0727923
191.4	0.0696043
191.467	0.110729
191.533	0.0528143
191.6	0.0648578
191.667	0.0744572
191.733	0.0576671
191.8	0.0571004
191.867	0.0553647
191.933	0.0482094
192	0.0569587
192.067	0.0648224
192.133	0.0635117
192.2	0.0873508
192.267	0.0897241
192.333	0.154298
192.4	0.0917431
192.467	0.119727
192.533	0.0955687
192.6	0.102086
192.667	0.13177
192.733	0.107541
192.8	0.0968793
192.867	0.112642
192.933	0.0967731
193	0.0862527
193.067	0.0812228
193.133	0.074776
193.2	0.0753073
193.267	0.0794871
193.333	0.113563
193.4	0.0976586
193.467	0.0918494
193.533	0.106762
193.6	0.0776451
193.667	0.0930537
193.733	0.0869257
193.8	0.101059
193.867	0.0941164
193.933	0.121746
194	0.243066
194.067	0.12844
194.133	0.104637
194.2	0.101909
194.267	0.0822854
194.333	0.0981545
194.4	0.106514
194.467	0.071588
194.533	0.125855
194.6	0.114165
194.667	0.124792
194.733	0.11746
194.8	0.0860047
194.867	0.0860756
194.933	0.1108
195	0.0920973
195.067	0.102936
195.133	0.0910347
195.2	0.0993589
195.267	0.136056
195.333	0.0979066
195.4	0.0717297
195.467	0.0441005
195.533	0.0989692
195.6	0.0969856
195.667	0.147214
195.733	0.0951791
195.8	0.128086
195.867	0.139527
195.933	0.0888739
196	0.0554355
196.067	0.0997485
196.133	0.0897241
196.2	0.0692855
196.267	0.0968439
196.333	0.098367
196.4	0.0856505
196.467	0.102582
196.533	0.106089
196.6	0.105558
196.667	0.112005
196.733	0.112359
196.8	0.135808
196.867	0.169636
196.933	0.141015
197	0.124686
197.067	0.149233
197.133	0.139527
197.2	0.148064
197.267	0.157593
197.333	0.28157
197.4	0.139067
197.467	0.161454
197.533	0.159683
197.6	0.183415
197.667	0.178279
197.733	0.160568
197.8	0.186922
197.867	0.196522
197.933	0.187489
198	0.183734
198.067	0.255074
198.133	0.193794
198.2	0.216075
198.267	0.271935
198.333	0.242393
198.4	0.223974
198.467	0.251178
198.533	0.203889
198.6	0.224718
198.667	0.221884
198.733	0.228472
198.8	0.249548
198.867	0.250894
198.933	0.231058
199	0.388155
199.067	0.309093
199.133	0.245262
199.2	0.294499
199.267	0.285041
199.333	0.267755
199.4	0.285821
199.467	0.291169
199.533	0.297899
199.6	0.304842
199.667	0.310085
199.733	0.314796
199.8	0.314512
199.867	0.306401
199.933	0.337785
200	0.318338
200.067	0.323793
200.133	0.335836
200.2	0.357904
200.267	0.365378
200.333	0.36846
200.4	0.365449
200.467	0.399207
200.533	0.399525
200.6	0.379158
200.667	0.492508
200.733	0.356098
200.8	0.388226
200.867	0.380043
200.933	0.374234
201	0.399525
201.067	0.36212
201.133	0.401509
201.2	0.427898
201.267	0.32606
201.333	0.384188
201.4	0.301265
201.467	0.314973
201.533	0.290284
201.6	0.336084
201.667	0.300556
201.733	0.312068
201.8	0.274238
201.867	0.314902
201.933	0.280153
202	0.257235
202.067	0.29085
202.133	0.299529
202.2	0.263894
202.267	0.239418
202.333	0.416705
202.4	0.294464
202.467	0.214162
202.533	0.274308
202.6	0.30339
202.667	0.222946
202.733	0.277355
202.8	0.306436
202.867	0.193369
202.933	0.27112
203	0.260175
203.067	0.244589
203.133	0.252559
203.2	0.267189
203.267	0.20814
203.333	0.246608
203.4	0.272537
203.467	0.238993
203.533	0.264744
203.6	0.234813
203.667	0.176969
203.733	0.216641
203.8	0.207998
203.867	0.196026
203.933	0.211895
204	0.249655
204.067	0.233254
204.133	0.190641
204.2	0.211505
204.267	0.235238
204.333	0.213418
204.4	0.225497
204.467	0.246077
204.533	0.223974
204.6	0.272537
204.667	0.243279
204.733	0.255358
204.8	0.254897
204.867	0.248202
204.933	0.279267
205	0.285927
205.067	0.258404
205.133	0.238709
205.2	0.233467
205.267	0.235415
205.333	0.232758
205.4	0.210265
205.467	0.160604
205.533	0.215472
205.6	0.21356
205.667	0.352024
205.733	0.226347
205.8	0.201162
205.867	0.197868
205.933	0.255853
206	0.244412
206.067	0.236053
206.133	0.223867
206.2	0.236584
206.267	0.241012
206.333	0.248273
206.4	0.219971
206.467	0.218554
206.533	0.239453
206.6	0.222557
206.667	0.137083
206.733	0.24211
206.8	0.233715
206.867	0.203358
206.933	0.200524
207	0.209769
207.067	0.134462
207.133	0.104708
207.2	0.145372
207.267	0.146293
207.333	0.321916
207.4	0.166732
207.467	0.108462
207.533	0.215897
207.6	0.122312
207.667	0.115157
207.733	0.149587
207.8	0.140767
207.867	0.191492
207.933	0.142326
208	0.130353
208.067	0.192625
208.133	0.112465
208.2	0.140236
208.267	0.0809748
208.333	0.121073
208.4	0.135666
208.467	0.101342
208.533	0.111615
208.6	0.171939
208.667	0.163437
208.733	0.157026
208.8	0.0933017
208.867	0.123517
208.933	0.160391
209	0.207644
209.067	0.114236
209.133	0.12125
209.2	0.106727
209.267	0.0578088
209.333	0.112182
209.4	0.116751
209.467	0.121037
209.533	0.126953
209.6	0.128228
209.667	0.136339
209.733	0.107435
209.8	0.112146
209.867	0.140838
209.933	0.146329
210	0.13262
210.067	0.147143
210.133	0.119833
210.2	0.138784
210.267	0.103326
210.333	0.129255
210.4	0.125855
210.467	0.126421
210.533	0.144522
210.6	0.101732
210.667	0.22663
210.733	0.0569232
210.8	0.0748822
210.867	0.0871737
210.933	0.140059
211	0.134816
211.067	0.0459424
211.133	0.0348907
211.2	0.0450214
211.267	0.0969856
211.333	0.0920619
211.4	0.103432
211.467	0.110623
211.533	0.158301
211.6	0.122808
211.667	0.0412667
211.733	0.129786
211.8	0.107258
211.867	0.0466863
211.933	0.141936
212	0.136658
212.067	0.0555064
212.133	0.109312
212.2	0.11668
212.267	0.0557189
212.333	0.123835
212.4	0.120718
212.467	0.177606
212.533	0.0842691
212.6	0.169211
212.667	0.138004
212.733	0.0840565
212.8	0.121923
212.867	0.0949665
212.933	0.0759095
213	0.041798
213.067	0.0432857
213.133	0.0635117
213.2	0.137544
213.267	0.160781
213.333	0.165031
213.4	0.0705607
213.467	0.12713
213.533	0.108498
213.6	0.160887
213.667	0.0625553
213.733	0.121816
213.8	0.126882
213.867	0.0459424
213.933	0.0831356
214	0.110942
214.067	0.165386
214.133	0.07428
214.2	0.136552
214.267	0.139988
214.333	0.14059
214.4	0.0950019
214.467	0.284014
214.533	0.156849
214.6	0.0337926
214.667	0.0339343
214.733	0.0426836
214.8	0.0437817
214.867	0.138677
214.933	0.0519642
215	0.0482803
215.067	0.0438525
215.133	0.0499097
215.2	0.0518933
215.267	0.0662747
215.333	0.116503
215.4	0.0744572
215.467	0.0692855
215.533	0.0627679
215.6	0.108037
215.667	0.294605
215.733	0.146612
215.8	0.0687542
215.867	0.0551521
215.933	0.0749885
216	0.0635117
216.067	0.0959229
216.133	0.0429315
216.2	0.126032
216.267	0.0536644
216.333	0.0425065
216.4	0.0404874
216.467	0.141263
216.533	0.0567816
216.6	0.0789912
216.667	0.0933017
216.733	0.128299
216.8	0.0666643
216.867	0.0540186
216.933	0.0554001
217	0.0768304
217.067	0.0380079
217.133	0.0337218
217.2	0.030215
217.267	0.0467217
217.333	0.177323
217.4	0.0211115
217.467	0.0277
217.533	0.0434274
217.6	0.0245475
217.667	0.0230243
217.733	0.0221388
217.8	0.0305692
217.867	0.0401686
217.933	0.0191988
218	0.0229889
218.067	0.0240516
218.133	0.0497326
218.2	0.0304984
218.267	0.0325174
218.333	0.0609259
218.4	0.0657433
218.467	0.0393893
218.533	0.0293295
218.6	0.0424356
218.667	0.072013
218.733	0.0464383
218.8	0.0437817
218.867	0.0673019
218.933	0.0540895
219	0.417166
219.067	0.18802
219.133	0.030215
219.2	0.0242995
219.267	0.0261769
219.333	0.11165
219.4	0.0392122
219.467	0.0319861
219.533	0.0194113
219.6	0.0269916
219.667	0.0227764
219.733	0.0561085
219.8	0.0237328
219.867	0.0636534
219.933	0.0365556
220	0.0470051
220.067	0.0442421
220.133	0.0977649
220.2	0.0730403
220.267	0.0718359
220.333	0.0413375
220.4	0.0589069
220.467	0.0670894
220.533	0.100067
220.6	0.0792391
220.667	0.197797
220.733	0.0467217
220.8	0.0873154
220.867	0.0837732
220.933	0.0827105
221	0.0867132
221.067	0.0851192
221.133	0.101768
221.2	0.0680812
221.267	0.0709504
221.333	0.0902908
221.4	0.0680812
221.467	0.0634055
221.533	0.0874571
221.6	0.0839148
221.667	0.0803726
221.733	0.0918494
221.8	0.0775743
221.867	0.0767242
221.933	0.0899012
222	0.0743863
222.067	0.110623
222.133	0.109773
222.2	0.0996422
222.267	0.0936913
222.333	0.105381
222.4	0.0889802
222.467	0.0734653
222.533	0.0862173
222.6	0.0951436
222.667	0.110658
222.733	0.0671956
222.8	0.11243
222.867	0.107116
222.933	0.084517
223	0.0829584
223.067	0.0812228
223.133	0.0804789
223.2	0.12883
223.267	0.135135
223.333	0.0613156
223.4	0.0784598
223.467	0.0810457
223.533	0.0958521
223.6	0.0872799
223.667	0.0869257
223.733	0.127838
223.8	0.119301
223.867	0.0942227
223.933	0.085438
224	0.122489
224.067	0.10028
224.133	0.0981191
224.2	0.0961709
224.267	0.0999256
224.333	0.0725444
224.4	0.0861464
224.467	0.0990401
224.533	0.0880238
224.6	0.0923453
224.667	0.0720839
224.733	0.0560731
224.8	0.051787
224.867	0.0612447
224.933	0.0592965
225	0.039531
225.067	0.0413021
225.133	0.0529914
225.2	0.0517162
225.267	0.0490595
225.333	0.0526726
225.4	0.0562856
225.467	0.0237682
225.533	0.0547271
225.6	0.0402749
225.667	0.124154
225.733	0.0494846
225.8	0.0323403
225.867	0.12295
225.933	0.0725444
226	0.0414438
226.067	0.0732528
226.133	0.0379724
226.2	0.034749
226.267	0.0707024
226.333	0.0653891
226.4	0.0652474
226.467	0.0471822
226.533	0.0476072
226.6	0.0397081
226.667	0.0833835
226.733	0.0460132
226.8	0.0484574
226.867	0.09022
226.933	0.0440296
227	0.0574546
227.067	0.079062
227.133	0.0428607
227.2	0.0475364
227.267	0.0349261
227.333	0.312706
227.4	0.0663809
227.467	0.149375
227.533	0.130743
227.6	0.169565
227.667	0.115015
227.733	0.111154
227.8	0.155609
227.867	0.0872091
227.933	0.120683
228	0.0865007
228.067	0.115936
228.133	0.0635826
228.2	0.134108
228.267	0.255606
228.333	0.106479
228.4	0.145833
228.467	0.0739258
228.533	0.0776451
228.6	0.0335801
228.667	0.222557
228.733	0.271864
228.8	0.162481
228.867	0.180192
228.933	0.146541
229	0.233892
229.067	0.227516
229.133	0.244908
229.2	0.0446318
229.267	0.119479
229.333	0.0843399
229.4	0.125961
229.467	0.104283
229.533	0.088626
229.6	0.0156211
229.667	0.0164713
229.733	0.0199426
229.8	0.0108037
229.867	0.0249017
229.933	0.0162233
230	0.0158337
230.067	0.0978357
230.133	0.0536998
230.2	0.0539832
230.267	0.225851
230.333	0.120683
230.4	0.153838
230.467	0.0432149
230.533	0.128582
230.6	0.10028
230.667	0.24505
230.733	0.105912
230.8	0.107718
230.867	0.23035
230.933	0.0833835
231	0.0882009
231.067	0.0912826
231.133	0.0529914
231.2	0.105416
231.267	0.0308526
231.333	0.0689313
231.4	0.162446
231.467	0.225391
231.533	0.11537
231.6	0.0883072
231.667	0.156743
231.733	0.0544437
231.8	0.0206511
231.867	0.0434983
231.933	0.0907159
232	0.0133541
232.067	0.041373
232.133	0.0458361
232.2	0.00892636
232.267	0.0149481
232.333	0.148489
232.4	0.0701357
232.467	0.152598
232.533	0.0989338
232.6	0.0958521
232.667	0.120081
232.733	0.0306401
232.8	0.0819666
232.867	0.189225
232.933	0.0788141
233	0.10152
233.067	0.232085
233.133	0.226453
233.2	0.0641493
233.267	0.0812582
233.333	0.0684354
233.4	0.167971
233.467	0.220113
233.533	0.101909
233.6	0.0129645
233.667	0.015019
233.733	0.0324466
233.8	0.0277709
233.867	0.0681875
233.933	0.020899
234	0.351281
234.067	0.0830647
234.133	0.00959938
234.2	0.0371577
234.267	0.187843
234.333	0.220857
234.4	0.106797
234.467	0.301194
234.533	0.267826
234.6	0.151571
234.667	0.0542312
234.733	0.176827
234.8	0.234565
234.867	0.381531
234.933	0.142786
235	0.0787078
235.067	0.0767596
235.133	0.168999
235.2	0.115299
235.267	0.104353
235.333	0.0896178
235.4	0.0549396
235.467	0.0905388
235.533	0.136729
235.6	0.0426482
235.667	0.353512
235.733	0.0428961
235.8	0.184974
235.867	0.110623
235.933	0.159753
236	0.228579
236.067	0.286529
236.133	0.17626
236.2	0.149233
236.267	0.0933371
236.333	0.102582
236.4	0.192873
236.467	0.195919
236.533	0.0852255
236.6	0.0534873
236.667	0.135702
236.733	0.199072
236.8	0.0664164
236.867	0.116184
236.933	0.0974815
237	0.0959938
237.067	0.0882718
237.133	0.120116
237.2	0.0523184
237.267	0.16365
237.333	0.262194
237.4	0.0669831
237.467	0.160533
237.533	0.0461195
237.6	0.114272
237.667	0.139953
237.733	0.118416
237.8	0.128086
237.867	0.129964
237.933	0.11583
238	0.134462
238.067	0.169388
238.133	0.102689
238.2	0.0406291
238.267	0.281889
238.333	0.209238
238.4	0.166944
238.467	0.181042
238.533	0.179979
238.6	0.211186
238.667	0.0909993
238.733	0.04658
238.8	0.0214658
238.867	0.0139209
238.933	0.0246183
239	0.012929
239.067	0.0129999
239.133	0.018632
239.2	0.0167546
239.267	0.0268499
239.333	0.0775035
239.4	0.0236619
239.467	0.0127874
239.533	0.0333322
239.6	0.154865
239.667	0.17711
239.733	0.0425773
239.8	0.139953
239.867	0.089972
239.933	0.117353
240	0.0542312
240.067	0.116397
240.133	0.17456
240.2	0.189685
240.267	0.117353
240.333	0.15738
240.4	0.189508
240.467	0.0142751
240.533	0.101307
240.6	0.083596
240.667	0.0140626
240.733	0.0296128
240.8	0.153873
240.867	0.0314548
240.933	0.0405583
241	0.0511494
241.067	0.0465446
241.133	0.0399561
241.2	0.0492012
241.267	0.207998
241.333	0.0863235
241.4	0.069746
241.467	0.0614927
241.533	0.055896
241.6	0.0583047
241.667	0.0762283
241.733	0.0662747
241.8	0.125217
241.867	0.0708441
241.933	0.0567816
242	0.0643973
242.067	0.0487407
242.133	0.0446318
242.2	0.0538061
242.267	0.0503702
242.333	0.0525663
242.4	0.0375828
242.467	0.0559314
242.533	0.0432503
242.6	0.0483865
242.667	0.0521058
242.733	0.0596862
242.8	0.0550104
242.867	0.0501931
242.933	0.220538
243	0.0630158
243.067	0.0495909
243.133	0.047253
243.2	0.0781411
243.267	0.0442067
243.333	0.0431795
243.4	0.103432
243.467	0.046332
243.533	0.0443838
243.6	0.0346073
243.667	0.0644327
243.733	0.0464029
243.8	0.0502993
243.867	0.0301442
243.933	0.0419043
244	0.0366972
244.067	0.0293649
244.133	0.0329425
244.2	0.0426127
244.267	0.030463
244.333	0.0721547
244.4	0.0313485
244.467	0.0342885
244.533	0.042471
244.6	0.154653
244.667	0.0399561
244.733	0.0514682
244.8	0.0447381
244.867	0.0548688
244.933	0.0355283
245	0.030215
245.067	0.0367327
245.133	0.0336155
245.2	0.0458361
245.267	0.0419751
245.333	0.0514328
245.4	0.0425065
245.467	0.0291524
245.533	0.0645036
245.6	0.0333322
245.667	0.0779639
245.733	0.0246892
245.8	0.0526726
245.867	0.0476072
245.933	0.0541249
246	0.0535936
246.067	0.062697
246.133	0.119054
246.2	0.0294357
246.267	0.31476
246.333	0.0665226
246.4	0.0568878
246.467	0.0323403
246.533	0.0256456
246.6	0.0643973
246.667	0.0439942
246.733	0.0415855
246.8	0.0271687
246.867	0.0510078
246.933	0.0866069
247	0.0612093
247.067	0.0811165
247.133	0.0730403
247.2	0.0362722
247.267	0.0974461
247.333	0.0910701
247.4	0.0493429
247.467	0.0877758
247.533	0.0840211
247.6	0.0721193
247.667	0.0979066
247.733	0.108533
247.8	0.0313131
247.867	0.0748822
247.933	0.319153
248	0.0806914
248.067	0.0769721
248.133	0.121356
248.2	0.0414792
248.267	0.120152
248.333	0.0965251
248.4	0.0743863
248.467	0.129964
248.533	0.116326
248.6	0.0961355
248.667	0.160852
248.733	0.107152
248.8	0.0896532
248.867	0.114945
248.933	0.100351
249	0.0911055
249.067	0.129503
249.133	0.0982962
249.2	0.111686
249.267	0.0812582
249.333	0.106797
249.4	0.125146
249.467	0.11707
249.533	0.114519
249.6	0.265913
249.667	0.104991
249.733	0.141688
249.8	0.118416
249.867	0.0701357
249.933	0.15189
250	0.0803372
250.067	0.0857214
250.133	0.0600758
250.2	0.0775035
250.267	0.114024
250.333	0.0841982
250.4	0.0844108
250.467	0.0845879
250.533	0.0766533
250.6	0.0975169
250.667	0.0474656
250.733	0.0218908
250.8	0.0155857
250.867	0.0462258
250.933	0.0179236
251	0.0229535
251.067	0.0274521
251.133	0.0252205
251.2	0.0385392
251.267	0.0613156
251.333	0.0228826
251.4	0.0517516
251.467	0.0328717
251.533	0.0343948
251.6	0.0623782
251.667	0.0370869
251.733	0.0345719
251.8	0.0220679
251.867	0.0165067
251.933	0.0382912
252	0.0400623
252.067	0.0671602
252.133	0.0557189
252.2	0.0471468
252.267	0.0773263
252.333	0.0942581
252.4	0.0370869
252.467	0.0555064
252.533	0.0735008
252.6	0.0710212
252.667	0.0888031
252.733	0.0727215
252.8	0.0544791
252.867	0.0810811
252.933	0.244908
253	0.191137
253.067	0.133399
253.133	0.134675
253.2	0.129149
253.267	0.139917
253.333	0.1498
253.4	0.132408
253.467	0.121037
253.533	0.131203
253.6	0.173816
253.667	0.158514
253.733	0.135419
253.8	0.147285
253.867	0.123871
253.933	0.1125
254	0.061103
254.067	0.109738
254.133	0.161064
254.2	0.0325174
254.267	0.104814
254.333	0.100174
254.4	0.0592257
254.467	0.118133
254.533	0.0397435
254.6	0.194467
254.667	0.16156
254.733	0.091814
254.8	0.0416563
254.867	0.0451985
254.933	0.038858
255	0.0631221
255.067	0.0457299
255.133	0.0554355
255.2	0.0573129
255.267	0.0505827
255.333	0.0555418
255.4	0.0858276
255.467	0.0305692
255.533	0.0434274
255.6	0.03273
255.667	0.0595799
255.733	0.0301442
255.8	0.105806
255.867	0.0296128
255.933	0.0504056
256	0.0295066
256.067	0.0294711
256.133	0.0463675
256.2	0.0360597
256.267	0.399384
256.333	0.0850484
256.4	0.118558
256.467	0.0730403
256.533	0.0588006
256.6	0.104389
256.667	0.0872091
256.733	0.0672665
256.8	0.104105
256.867	0.0524601
256.933	0.0554355
257	0.165031
257.067	0.0546917
257.133	0.0764054
257.2	0.13726
257.267	0.0704899
257.333	0.0971273
257.4	0.0289752
257.467	0.0416563
257.533	0.0540186
257.6	0.0259998
257.667	0.0481031
257.733	0.0619177
257.8	0.0133895
257.867	0.0281605
257.933	0.0667351
258	0.0124331
258.067	0.0532393
258.133	0.104035
258.2	0.116007
258.267	0.121639
258.333	0.164571
258.4	0.0927704
258.467	0.0639014
258.533	0.0421522
258.6	0.044986
258.667	0.0623074
258.733	0.0725798
258.8	0.0579151
258.867	0.0364847
258.933	0.0666643
259	0.159293
259.067	0.0567816
259.133	0.141794
259.2	0.0688959
259.267	0.0462966
259.333	0.0659913
259.4	0.0296837
259.467	0.0827105
259.533	0.047253
259.6	0.101449
259.667	0.0459424
259.733	0.0287627
259.8	0.0477135
259.867	0.0586235
259.933	0.0285502
260	0.031809
260.067	0.0436045
260.133	0.048174
260.2	0.0479969
260.267	0.0309943
260.333	0.062272
260.4	0.0275584
260.467	0.0546917
260.533	0.052035
260.6	0.126846
260.667	0.0237328
260.733	0.0449506
260.8	0.0688251
260.867	0.072261
260.933	0.0933017
261	0.102228
261.067	0.0832772
261.133	0.0929829
261.2	0.0821083
261.267	0.251603
261.333	0.0766887
261.4	0.0341469
261.467	0.0590131
261.533	0.07428
261.6	0.0565336
261.667	0.0532039
261.733	0.0500159
261.8	0.0142042
261.867	0.034749
261.933	0.0398144
262	0.0241933
262.067	0.0415146
262.133	0.0421168
262.2	0.0507244
262.267	0.0207927
262.333	0.0444193
262.4	0.0399561
262.467	0.0495909
262.533	0.0230598
262.6	0.0118664
262.667	0.0257873
262.733	0.0300733
262.8	0.0220679
262.867	0.0178527
262.933	0.0378308
263	0.092487
263.067	0.0502639
263.133	0.0992172
263.2	0.0687896
263.267	0.123871
263.333	0.101378
263.4	0.0557543
263.467	0.085438
263.533	0.0372994
263.6	0.0535227
263.667	0.0468634
263.733	0.0512557
263.8	0.0196238
263.867	0.0324112
263.933	0.0347845
264	0.0204385
264.067	0.0155149
264.133	0.017038
264.2	0.0143105
264.267	0.017711
264.333	0.0220679
264.4	0.0230952
264.467	0.0250434
264.533	0.0185966
264.6	0.273175
264.667	0.191421
264.733	0.220325
264.8	0.0356346
264.867	0.198682
264.933	0.0765116
265	0.0596153
265.067	0.02476
265.133	0.0272396
265.2	0.0151961
265.267	0.0121852
265.333	0.0131062
265.4	0.0201906
265.467	0.0186674
265.533	0.0304984
265.6	0.0284439
265.667	0.0467571
265.733	0.0300379
265.8	0.0262477
265.867	0.015692
265.933	0.047926
266	0.0171089
266.067	0.0261769
266.133	0.0403811
266.2	0.0376182
266.267	0.153909
266.333	0.151394
266.4	0.268322
266.467	0.0695689
266.533	0.0831356
266.6	0.173568
266.667	0.0942581
266.733	0.0918494
266.8	0.0382558
266.867	0.0280543
266.933	0.0223867
267	0.0519287
267.067	0.0151606
267.133	0.0575608
267.2	0.155574
267.267	0.134887
267.333	0.123835
267.4	0.0086784
267.467	0.0212178
267.533	0.0321278
267.6	0.0117601
267.667	0.0311714
267.733	0.0210407
267.8	0.0139917
267.867	0.012256
267.933	0.0532748
268	0.0149481
268.067	0.0132833
268.133	0.0212532
268.2	0.0215366
268.267	0.0218554
268.333	0.0182069
268.4	0.0373703
268.467	0.0125394
268.533	0.0201197
268.6	0.0182778
268.667	0.0430732
268.733	0.0212887
268.8	0.0183486
268.867	0.0217846
268.933	0.026354
269	0.0204031
269.067	0.0294357
269.133	0.0245829
269.2	0.0222096
269.267	0.0236974
269.333	0.0408062
269.4	0.0363076
269.467	0.0184195
269.533	0.0528497
269.6	0.110765
269.667	0.0206865
269.733	0.137013
269.8	0.171478
269.867	0.214906
269.933	0.117176
270	0.162977
270.067	0.0838086
270.133	0.219333
270.2	0.106443
270.267	0.106018
270.333	0.0839148
270.4	0.0784244
270.467	0.0834189
270.533	0.067479
270.6	0.091566
270.667	0.0481031
270.733	0.0377953
270.8	0.0205094
270.867	0.0678687
270.933	0.0285856
271	0.0198009
271.067	0.0232723
271.133	0.0099536
271.2	0.0195176
271.267	0.162339
271.333	0.0641493
271.4	0.0793808
271.467	0.0512557
271.533	0.0410896
271.6	0.0415855
271.667	0.0233077
271.733	0.11746
271.8	0.0540186
271.867	0.0419751
271.933	0.0363076
272	0.0425773
272.067	0.00414438
272.133	0.0355992
272.2	0.0145585
272.267	0.0260706
272.333	0.00761574
272.4	0.0170026
272.467	0.0211115
272.533	0.0251851
272.6	0.0217137
272.667	0.0336155
272.733	0.01091
272.8	0.00889094
272.867	0.0570295
272.933	0.0542666
273	0.089547
273.067	0.227587
273.133	0.0626616
273.2	0.107931
273.267	0.146931
273.333	0.108073
273.4	0.146576
273.467	0.0724735
273.533	0.193121
273.6	0.068152
273.667	0.187808
273.733	0.079735
273.8	0.0470759
273.867	0.118451
273.933	0.0261769
274	0.0402749
274.067	0.10453
274.133	0.220042
274.2	0.0580213
274.267	0.0223513
274.333	0.0150898
274.4	0.0409125
274.467	0.0352449
274.533	0.00959938
274.6	0.198434
274.667	0.0143459
274.733	0.0178527
274.8	0.055896
274.867	0.0578442
274.933	0.0406291
275	0.0536998
275.067	0.0204385
275.133	0.0500868
275.2	0.0236619
275.267	0.0735716
275.333	0.0603946
275.4	0.0818604
275.467	0.0233786
275.533	0.0246537
275.6	0.13556
275.667	0.0178881
275.733	0.0114413
275.8	0.107364
275.867	0.0437108
275.933	0.0338281
276	0.213595
276.067	0.112607
276.133	0.0980837
276.2	0.243385
276.267	0.297226
276.333	0.226312
276.4	0.207396
276.467	0.237469
276.533	0.0358825
276.6	0.226807
276.667	0.189968
276.733	0.065885
276.8	0.184761
276.867	0.208778
276.933	0.107081
277	0.227268
277.067	0.242322
277.133	0.124686
277.2	0.264249
277.267	0.236867
277.333	0.0579151
277.4	0.142928
277.467	0.26563
277.533	0.0748114
277.6	0.273529
277.667	0.258121
277.733	0.124934
277.8	0.299671
277.867	0.239559
277.933	0.347703
278	0.183911
278.067	0.212568
278.133	0.169211
278.2	0.228189
278.267	0.21611
278.333	0.20899
278.4	0.234104
278.467	0.219475
278.533	0.202154
278.6	0.197797
278.667	0.232085
278.733	0.144168
278.8	0.23251
278.867	0.215827
278.933	0.136871
279	0.22029
279.067	0.227197
279.133	0.1611
279.2	0.277107
279.267	0.223371
279.333	0.186249
279.4	0.23623
279.467	0.273883
279.533	0.108887
279.6	0.2329
279.667	0.272041
279.733	0.127909
279.8	0.288229
279.867	0.306224
279.933	0.162623
280	0.185647
280.067	0.117176
280.133	0.209238
280.2	0.311927
280.267	0.395806
280.333	0.32776
280.4	0.473345
280.467	0.47841
280.533	0.250576
280.6	0.584074
280.667	0.552017
280.733	0.345648
280.8	0.468705
280.867	0.574262
280.933	0.310368
281	0.600793
281.067	0.615954
281.133	0.332755
281.2	0.755021
281.267	0.697425
281.333	0.367362
281.4	0.754206
281.467	0.696398
281.533	0.387765
281.6	0.700471
281.667	0.766321
281.733	0.626049
281.8	0.741915
281.867	0.676136
281.933	0.432787
282	0.691616
282.067	0.747866
282.133	0.478481
282.2	0.738444
282.267	0.704793
282.333	0.568418
282.4	0.741206
282.467	0.548971
282.533	0.440934
282.6	0.677234
282.667	0.745599
282.733	0.590061
282.8	0.784917
282.867	0.697567
282.933	0.434168
283	0.768765
283.067	0.78513
283.133	0.695122
283.2	0.792568
283.267	0.795615
283.333	0.541249
283.4	0.813432
283.467	0.786157
283.533	0.742375
283.6	0.831426
283.667	0.787184
283.733	0.719528
283.8	0.814743
283.867	0.809323
283.933	0.80192
284	0.875739
284.067	0.837909
284.133	0.675782
284.2	0.863767
284.267	0.85778
284.333	0.54426
284.4	0.882859
284.467	0.87326
284.533	0.647055
284.6	0.884241
284.667	0.873295
284.733	0.777975
284.8	0.896816
284.867	0.883213
284.933	0.73561
285	0.874818
285.067	0.881301
285.133	0.522971
285.2	0.90011
285.267	0.915412
285.333	0.844958
285.4	0.907159
285.467	0.909638
285.533	0.719422
285.6	0.811555
285.667	0.184691
285.733	0.54008
285.8	0.888279
285.867	0.926676
285.933	0.78304
286	0.92317
286.067	0.925685
286.133	0.874252
286.2	0.917431
286.267	0.893805
286.333	0.791187
286.4	0.700719
286.467	0.923028
286.533	0.840813
286.6	0.926216
286.667	0.881053
286.733	0.839007
286.8	0.901562
286.867	0.893273
286.933	0.879671
287	0.910347
287.067	0.913181
287.133	0.83759
287.2	0.927916
287.267	0.920477
287.333	0.886791
287.4	0.931919
287.467	0.923347
287.533	0.867592
287.6	0.934115
287.667	0.932344
287.733	0.825511
287.8	0.932946
287.867	0.912118
287.933	0.827743
288	0.923843
288.067	0.920336
288.133	0.637384
288.2	0.908576
288.267	0.91226
288.333	0.840742
288.4	0.899012
288.467	0.902023
288.533	0.524636
288.6	0.915235
288.667	0.917077
288.733	0.84262
288.8	0.915412
288.867	0.917998
288.933	0.764691
289	0.90266
289.067	0.895434
289.133	0.707697
289.2	0.898339
289.267	0.902306
289.333	0.635401
289.4	0.893557
289.467	0.903192
289.533	0.678757
289.6	0.905919
289.667	0.909886
289.733	0.768659
289.8	0.900004
289.867	0.905317
289.933	0.875421
290	0.907159
290.067	0.910347
290.133	0.813503
290.2	0.904998
290.267	0.900004
290.333	0.825546
290.4	0.899437
290.467	0.900641
290.533	0.757961
290.6	0.874712
290.667	0.896072
290.733	0.777585
290.8	0.88541
290.867	0.882009
290.933	0.770855
291	0.862492
291.067	0.879494
291.133	0.764018
291.2	0.861535
291.267	0.879069
291.333	0.820764
291.4	0.903085
291.467	0.902448
291.533	0.821119
291.6	0.886862
291.667	0.887004
291.733	0.585137
291.8	0.902944
291.867	0.858347
291.933	0.779356
292	0.895292
292.067	0.888456
292.133	0.809004
292.2	0.895965
292.267	0.893486
292.333	0.82838
292.4	0.909072
292.467	0.896532
292.533	0.735504
292.6	0.906627
292.667	0.909922
292.733	0.769332
292.8	0.86614
292.867	0.885941
292.933	0.673054
293	0.872729
293.067	0.869789
293.133	0.75743
293.2	0.841805
293.267	0.841699
293.333	0.741986
293.4	0.821508
293.467	0.828486
293.533	0.728313
293.6	0.800893
293.667	0.80316
293.733	0.742198
293.8	0.817293
293.867	0.81538
293.933	0.704226
294	0.820729
294.067	0.81244
294.133	0.709433
294.2	0.810032
294.267	0.811696
294.333	0.671283
294.4	0.80362
294.467	0.805781
294.533	0.713754
294.6	0.806206
294.667	0.809146
294.733	0.752471
294.8	0.830045
294.867	0.826113
294.933	0.782119
295	0.826751
295.067	0.832347
295.133	0.77337
295.2	0.8338
295.267	0.810457
295.333	0.804116
295.4	0.729057
295.467	0.846197
295.533	0.769934
295.6	0.845949
295.667	0.847898
295.733	0.747582
295.8	0.824873
295.867	0.803443
295.933	0.769438
296	0.812901
296.067	0.822181
296.133	0.774609
296.2	0.837944
296.267	0.84262
296.333	0.656654
296.4	0.847933
296.467	0.841168
296.533	0.718961
296.6	0.850342
296.667	0.853919
296.733	0.786228
296.8	0.853034
296.867	0.847118
296.933	0.793489
297	0.847898
297.067	0.85562
297.133	0.798661
297.2	0.837377
297.267	0.856753
297.333	0.799405
297.4	0.86862
297.467	0.875669
297.533	0.805498
297.6	0.853388
297.667	0.856718
297.733	0.79898
297.8	0.858879
297.867	0.86947
297.933	0.83805
298	0.867203
298.067	0.863129
298.133	0.812015
298.2	0.862881
298.267	0.849208
298.333	0.779887
298.4	0.833162
298.467	0.842301
298.533	0.732174
298.6	0.8502
298.667	0.851617
298.733	0.781942
298.8	0.853034
298.867	0.851936
298.933	0.801318
299	0.840424
299.067	0.831745
299.133	0.766214
299.2	0.80656
299.267	0.816195
299.333	0.741879
299.4	0.840069
299.467	0.837377
299.533	0.703553
299.6	0.827211
299.667	0.839432
299.733	0.798201
299.8	0.83589
299.867	0.799299
299.933	0.589954
300	0.781269
300.067	0.813361
300.133	0.809111
300.2	0.837448
300.267	0.838475
300.333	0.80695
300.4	0.755588
300.467	0.845737
300.533	0.754738
300.6	0.846729
300.667	0.835146
300.733	0.784811
300.8	0.81917
300.867	0.857603
300.933	0.77592
301	0.830718
301.067	0.840424
301.133	0.813538
301.2	0.850306
301.267	0.870674
301.333	0.797173
301.4	0.835323
301.467	0.829372
301.533	0.800751
301.6	0.827424
301.667	0.827778
301.733	0.7558
301.8	0.837554
301.867	0.829939
301.933	0.788849
302	0.804931
302.067	0.821933
302.133	0.771103
302.2	0.808721
302.267	0.823634
302.333	0.732103
302.4	0.794517
302.467	0.8225
302.533	0.614218
302.6	0.805462
302.667	0.79271
302.733	0.747405
302.8	0.777054
302.867	0.771138
302.933	0.772378
303	0.789416
303.067	0.792852
303.133	0.748787
303.2	0.801707
303.267	0.798696
303.333	0.773582
303.4	0.819843
303.467	0.830187
303.533	0.81538
303.6	0.828416
303.667	0.848783
303.733	0.797598
303.8	0.8485
303.867	0.82877
303.933	0.774964
304	0.851015
304.067	0.865148
304.133	0.797492
304.2	0.870072
304.267	0.863944
304.333	0.830576
304.4	0.86784
304.467	0.865432
304.533	0.823563
304.6	0.876767
304.667	0.880876
304.733	0.829407
304.8	0.880946
304.867	0.871595
304.933	0.780064
305	0.866778
305.067	0.867592
305.133	0.691332
305.2	0.856186
305.267	0.847508
305.333	0.737168
305.4	0.826219
305.467	0.840601
305.533	0.789699
305.6	0.834579
305.667	0.82923
305.733	0.734441
305.8	0.832879
305.867	0.80153
305.933	0.733272
306	0.835429
306.067	0.837661
306.133	0.774751
306.2	0.831993
306.267	0.837165
306.333	0.727852
306.4	0.811484
306.467	0.819206
306.533	0.758209
306.6	0.818887
306.667	0.800716
306.733	0.729269
306.8	0.777089
306.867	0.787007
306.933	0.691828
307	0.765223
307.067	0.770678
307.133	0.669123
307.2	0.48135
307.267	0.752046
307.333	0.683964
307.4	0.73685
307.467	0.746024
307.533	0.32482
307.6	0.663172
307.667	0.694662
307.733	0.619319
307.8	0.693032
307.867	0.697708
307.933	0.603273
308	0.688357
308.067	0.690553
308.133	0.574369
308.2	0.687471
308.267	0.682689
308.333	0.607453
308.4	0.653254
308.467	0.658709
308.533	0.580461
308.6	0.66257
308.667	0.639014
308.733	0.53459
308.8	0.636393
308.867	0.651837
308.933	0.596968
309	0.651341
309.067	0.66767
309.133	0.598066
309.2	0.658461
309.267	0.670433
309.333	0.609543
309.4	0.645
309.467	0.682052
309.533	0.648861
309.6	0.701534
309.667	0.713117
309.733	0.634551
309.8	0.719103
309.867	0.707874
309.933	0.650703
310	0.722256
310.067	0.729978
310.133	0.66342
310.2	0.713117
310.267	0.720166
310.333	0.658354
310.4	0.719953
310.467	0.713294
310.533	0.675924
310.6	0.722858
310.667	0.701817
310.733	0.651766
310.8	0.696964
310.867	0.695477
310.933	0.662605
311	0.708299
311.067	0.668025
311.133	0.639049
311.2	0.699763
311.267	0.687932
311.333	0.588289
311.4	0.683929
311.467	0.687896
311.533	0.587794
311.6	0.670646
311.667	0.645602
311.733	0.592717
311.8	0.504304
311.867	0.655556
311.933	0.499593
312	0.641493
312.067	0.637703
312.133	0.561617
312.2	0.642662
312.267	0.642627
312.333	0.530339
312.4	0.620736
312.467	0.609507
312.533	0.584358
312.6	0.604088
312.667	0.602139
312.733	0.555524
312.8	0.599518
312.867	0.595586
312.933	0.61096
313	0.594028
313.067	0.583933
313.133	0.0646807
313.2	0.590061
313.267	0.601006
313.333	0.55393
313.4	0.617584
313.467	0.609649
313.533	0.545181
313.6	0.621232
313.667	0.619107
313.733	0.596614
313.8	0.634586
313.867	0.639829
313.933	0.563246
314	0.645957
314.067	0.691403
314.133	0.612412
314.2	0.653891
314.267	0.651624
314.333	0.626545
314.4	0.727144
314.467	0.724062
314.533	0.645709
314.6	0.745988
314.667	0.725656
314.733	0.665332
314.8	0.740073
314.867	0.724346
314.933	0.655556
315	0.722539
315.067	0.734016
315.133	0.681379
315.2	0.624385
315.267	0.697744
315.333	0.637916
315.4	0.714852
315.467	0.689597
315.533	0.659275
315.6	0.679395
315.667	0.695193
315.733	0.633453
315.8	0.683646
315.867	0.660763
315.933	0.574121
316	0.651553
316.067	0.651943
316.133	0.593744
316.2	0.678155
316.267	0.603308
316.333	0.582445
316.4	0.622365
316.467	0.632071
316.533	0.605186
316.6	0.608693
316.667	0.619673
316.733	0.587298
316.8	0.604796
316.867	0.607205
316.933	0.516454
317	0.570153
317.067	0.565549
317.133	0.337926
317.2	0.560058
317.267	0.532677
317.333	0.493642
317.4	0.521802
317.467	0.491021
317.533	0.438065
317.6	0.46162
317.667	0.454217
317.733	0.394673
317.8	0.410294
317.867	0.407531
317.933	0.323403
318	0.393929
318.067	0.355035
318.133	0.3013
318.2	0.320676
318.267	0.309128
318.333	0.252595
318.4	0.278913
318.467	0.267082
318.533	0.247069
318.6	0.236974
318.667	0.222167
318.733	0.186285
318.8	0.20141
318.867	0.18586
318.933	0.167936
319	0.170947
319.067	0.158726
319.133	0.145443
319.2	0.138854
319.267	0.123481
319.333	0.0968793
319.4	0.0975878
319.467	0.0848712
319.533	0.0487762
319.6	0.105168
319.667	0.0580213
319.733	0.0554355
319.8	0.0399561
319.867	0.0417272
319.933	0.044986
320	0.0330842
320.067	0.0241224
320.133	0.0839857
320.2	0.107045
320.267	0.150473
320.333	0.181857
320.4	0.141547
320.467	0.238568
320.533	0.189508
320.6	0.294605
320.667	0.294995
320.733	0.301017
320.8	0.410223
320.867	0.395275
320.933	0.211505
321	0.324962
321.067	0.098615
321.133	0.228897
321.2	0.169565
321.267	0.388013
321.333	0.198399
321.4	0.278842
321.467	0.200489
321.533	0.173214
321.6	0.157132
321.667	0.209273
321.733	0.295278
321.8	0.255783
321.867	0.0977294
321.933	0.256349
322	0.163189
322.067	0.141157
322.133	0.172683
322.2	0.241437
322.267	0.123694
322.333	0.0189154
322.4	0.146364
322.467	0.139953
322.533	0.0602529
322.6	0.217846
322.667	0.263717
322.733	0.0267791
322.8	0.073855
322.867	0.0430378
322.933	0.132762
323	0.114449
323.067	0.192909
323.133	0.058836
323.2	0.101413
323.267	0.00981191
323.333	0.0413375
323.4	0.0106266
323.467	0.0282314
323.533	0.0112288
323.6	0.190181
323.667	0.0728277
323.733	0.0762991
323.8	0.0111934
323.867	0.141121
323.933	0.083844
324	0.0730403
324.067	0.2442
324.133	0.0236265
324.2	0.112713
324.267	0.103893
324.333	0.0255747
324.4	0.0876342
324.467	0.165492
324.533	0.0747051
324.6	0.183982
324.667	0.171726
324.733	0.179554
324.8	0.0873154
324.867	0.115263
324.933	0.0871383
325	0.0391414
325.067	0.126457
325.133	0.167228
325.2	0.0352095
325.267	0.0389643
325.333	0.0883426
325.4	0.0421522
325.467	0.0322341
325.533	0.318692
325.6	0.203818
325.667	0.140165
325.733	0.190181
325.8	0.126103
325.867	0.0947894
325.933	0.169388
326	0.159364
326.067	0.0482094
326.133	0.120648
326.2	0.0200843
326.267	0.168361
326.333	0.0550459
326.4	0.00591548
326.467	0.0096348
326.533	0.00991818
326.6	0.0153732
326.667	0.0152315
326.733	0.0153732
326.8	0.0174277
326.867	0.0247954
326.933	0.0200135
327	0.019553
327.067	0.0201551
327.133	0.0207219
327.2	0.106691
327.267	0.0366972
327.333	0.019553
327.4	0.0169672
327.467	0.0257164
327.533	0.0126457
327.6	0.00984733
327.667	0.00988275
327.733	0.0161525
327.8	0.034324
327.867	0.0471468
327.933	0.0583047
328	0.0697814
328.067	0.0865715
328.133	0.0855088
328.2	0.0875987
328.267	0.102689
328.333	0.108391
328.4	0.139138
328.467	0.153413
328.533	0.133399
328.6	0.172824
328.667	0.192767
328.733	0.218979
328.8	0.230916
328.867	0.247529
328.933	0.263221
329	0.252666
329.067	0.237009
329.133	0.251638
329.2	0.25224
329.267	0.249371
329.333	0.276257
329.4	0.261875
329.467	0.259289
329.533	0.290319
329.6	0.2849
329.667	0.267401
329.733	0.329673
329.8	0.309801
329.867	0.253339
329.933	0.232262
330	0.231554
330.067	0.238993
330.133	0.219156
330.2	0.253126
330.267	0.237151
330.333	0.245794
330.4	0.259077
330.467	0.212355
330.533	0.265913
330.6	0.249832
330.667	0.209521
330.733	0.241082
330.8	0.22284
330.867	0.168574
330.933	0.184407
331	0.180369
331.067	0.165031
331.133	0.177819
331.2	0.164394
331.267	0.156884
331.333	0.172116
331.4	0.194361
331.467	0.213914
331.533	0.23375
331.6	0.239063
331.667	0.233786
331.733	0.254401
331.8	0.252878
331.867	0.244023
331.933	0.264071
332	0.266905
332.067	0.249548
332.133	0.253445
332.2	0.24629
332.267	0.233998
332.333	0.231235
332.4	0.242747
332.467	0.254578
332.533	0.250824
332.6	0.270908
332.667	0.265453
332.733	0.27987
332.8	0.285006
332.867	0.254897
332.933	0.285502
333	0.277532
333.067	0.282916
333.133	0.298218
333.2	0.294109
333.267	0.279197
333.333	0.309093
333.4	0.306578
333.467	0.261344
333.533	0.282314
333.6	0.254366
333.667	0.23708
333.733	0.258758
333.8	0.236088
333.867	0.26439
333.933	0.222628
334	0.22238
334.067	0.19259
334.133	0.189898
334.2	0.173993
334.267	0.168148
334.333	0.157416
334.4	0.141121
334.467	0.119018
334.533	0.122419
334.6	0.112607
334.667	0.100563
334.733	0.106018
334.8	0.106266
334.867	0.104389
334.933	0.0989338
335	0.0831001
335.067	0.0942227
335.133	0.0920619
335.2	0.0871737
335.267	0.0818249
335.333	0.0787786
335.4	0.0623074
335.467	0.0634055
335.533	0.0835606
335.6	0.0695335
335.667	0.0672665
335.733	0.070419
335.8	0.0842336
335.867	0.0701002
335.933	0.0789558
336	0.0873508
336.067	0.076122
336.133	0.0961
336.2	0.0891219
336.267	0.0857568
336.333	0.116468
336.4	0.1204
336.467	0.121533
336.533	0.140732
336.6	0.144309
336.667	0.145939
336.733	0.161595
336.8	0.16574
336.867	0.176189
336.933	0.189083
337	0.18299
337.067	0.181113
337.133	0.200205
337.2	0.232262
337.267	0.195707
337.333	0.223407
337.4	0.225532
337.467	0.230314
337.533	0.239595
337.6	0.251709
337.667	0.255358
337.733	0.261238
337.8	0.256172
337.867	0.271723
337.933	0.297368
338	0.321916
338.067	0.313485
338.133	0.343771
338.2	0.349616
338.267	0.33024
338.333	0.358755
338.4	0.350395
338.467	0.350997
338.533	0.369735
338.6	0.343558
338.667	0.360349
338.733	0.35415
338.8	0.352485
338.867	0.383196
338.933	0.355885
339	0.33697
339.067	0.33449
339.133	0.327867
339.2	0.324749
339.267	0.306047
339.333	0.327016
339.4	0.316779
339.467	0.309199
339.533	0.314017
339.6	0.316284
339.667	0.298112
339.733	0.305161
339.8	0.297439
339.867	0.267047
339.933	0.294003
340	0.293684
340.067	0.242393
340.133	0.27987
340.2	0.255039
340.267	0.229641
340.333	0.239701
340.4	0.204952
340.467	0.175658
340.533	0.209167
340.6	0.191279
340.667	0.15862
340.733	0.177677
340.8	0.163048
340.867	0.115653
340.933	0.130991
341	0.132337
341.067	0.115511
341.133	0.115653
341.2	0.115901
341.267	0.0970564
341.333	0.10492
341.4	0.0794162
341.467	0.0663101
341.533	0.0628033
341.6	0.0439942
341.667	0.0509369
341.733	0.0405583
341.8	0.0346782
341.867	0.0873154
341.933	0.0664518
342	0.027275
342.067	0.0779639
342.133	0.118239
342.2	0.333676
342.267	0.0884489
342.333	0.0723318
342.4	0.242995
342.467	0.297722
342.533	0.168538
342.6	0.226312
342.667	0.161525
342.733	0.270412
342.8	0.224505
342.867	0.214374
342.933	0.136517
343	0.26733
343.067	0.157628
343.133	0.172009
343.2	0.173072
343.267	0.323545
343.333	0.188339
343.4	0.236442
343.467	0.131664
343.533	0.266763
343.6	0.161843
343.667	0.18005
343.733	0.203181
343.8	0.13262
343.867	0.391662
343.933	0.0998902
344	0.256172
344.067	0.219192
344.133	0.199639
344.2	0.124013
344.267	0.146683
344.333	0.243704
344.4	0.121533
344.467	0.198753
344.533	0.17208
344.6	0.23708
344.667	0.175835
344.733	0.185116
344.8	0.191988
344.867	0.279197
344.933	0.0298254
345	0.235982
345.067	0.168396
345.133	0.193404
345.2	0.155609
345.267	0.11707
345.333	0.182424
345.4	0.0757678
345.467	0.126988
345.533	0.327406
345.6	0.240551
345.667	0.278878
345.733	0.237469
345.8	0.152244
345.867	0.0933725
345.933	0.155999
346	0.139598
346.067	0.155715
346.133	0.140165
346.2	0.0476781
346.267	0.319542
346.333	0.192094
346.4	0.19808
346.467	0.153873
346.533	0.112713
346.6	0.280684
346.667	0.146506
346.733	0.205412
346.8	0.172541
346.867	0.167688
346.933	0.163827
347	0.131451
347.067	0.369877
347.133	0.185753
347.2	0.184584
347.267	0.12635
347.333	0.182459
347.4	0.126811
347.467	0.226064
347.533	0.175835
347.6	0.201197
347.667	0.156282
347.733	0.210761
347.8	0.0843045
347.867	0.0965605
347.933	0.358932
348	0.178669
348.067	0.138181
348.133	0.236761
348.2	0.155715
348.267	0.129716
348.333	0.109667
348.4	0.2459
348.467	0.0735008
348.533	0.133435
348.6	0.0789203
348.667	0.254153
348.733	0.155255
348.8	0.254578
348.867	0.210761
348.933	0.163189
349	0.0967731
349.067	0.233963
349.133	0.281889
349.2	0.223336
349.267	0.245864
349.333	0.0633701
349.4	0.241685
349.467	0.229499
349.533	0.123694
349.6	0.193369
349.667	0.212284
349.733	0.289788
349.8	0.266268
349.867	0.148206
349.933	0.161135
350	0.44352
350.067	0.153767
350.133	0.239063
350.2	0.0811873
350.267	0.124225
350.333	0.141476
350.4	0.0127519
350.467	0.021572
350.533	0.0326591
350.6	0.0389288
350.667	0.0512557
350.733	0.0612447
350.8	0.0688605
350.867	0.0816124
350.933	0.0911764
351	0.101838
351.067	0.109029
351.133	0.108002
351.2	0.112819
351.267	0.11622
351.333	0.113669
351.4	0.122773
351.467	0.122312
351.533	0.124048
351.6	0.125748
351.667	0.126705
351.733	0.12968
351.8	0.129857
351.867	0.14144
351.933	0.129574
352	0.143814
352.067	0.144628
352.133	0.124721
352.2	0.135064
352.267	0.133293
352.333	0.136446
352.4	0.149233
352.467	0.155715
352.533	0.156282
352.6	0.181892
352.667	0.198186
352.733	0.197088
352.8	0.215897
352.867	0.232227
352.933	0.388438
353	0.257235
353.067	0.26393
353.133	0.270377
353.2	0.275159
353.267	0.287946
353.333	0.299139
353.4	0.302327
353.467	0.304453
353.533	0.274025
353.6	0.31554
353.667	0.312918
353.733	0.310085
353.8	0.296341
353.867	0.313308
353.933	0.24335
354	0.281924
354.067	0.281747
354.133	0.236619
354.2	0.240976
354.267	0.223371
354.333	0.210336
354.4	0.210124
354.467	0.207006
354.533	0.181148
354.6	0.272785
354.667	0.192165
354.733	0.200489
354.8	0.189543
354.867	0.175056
354.933	0.190464
355	0.16698
355.067	0.167865
355.133	0.176898
355.2	0.166625
355.267	0.160781
355.333	0.17711
355.4	0.149127
355.467	0.173037
355.533	0.174454
355.6	0.178173
355.667	0.190925
355.733	0.169636
355.8	0.196203
355.867	0.198895
355.933	0.169565
356	0.201764
356.067	0.204987
356.133	0.191562
356.2	0.184513
356.267	0.223974
356.333	0.19305
356.4	0.177535
356.467	0.189473
356.533	0.173922
356.6	0.213878
356.667	0.21402
356.733	0.1645
356.8	0.215827
356.867	0.210017
356.933	0.225249
357	0.232475
357.067	0.256208
357.133	0.262229
357.2	0.257447
357.267	0.281853
357.333	0.320499
357.4	0.297439
357.467	0.296872
357.533	0.288406
357.6	0.292586
357.667	0.326273
357.733	0.28072
357.8	0.305196
357.867	0.307251
357.933	0.453154
358	0.314619
358.067	0.30718
358.133	0.297616
358.2	0.315008
358.267	0.313025
358.333	0.30339
358.4	0.304205
358.467	0.300379
358.533	0.304559
358.6	0.301087
358.667	0.307747
358.733	0.282526
358.8	0.295951
358.867	0.325812
358.933	0.272537
359	0.31561
359.067	0.327548
359.133	0.265559
359.2	0.334313
359.267	0.292161
359.333	0.31809
359.4	0.320003
359.467	0.32606
359.533	0.331869
359.6	0.344338
359.667	0.314194
359.733	0.284793
359.8	0.268357
359.867	0.268783
359.933	0.261273
360	0.275902
360.067	0.264107
360.133	0.266445
360.2	0.24133
360.267	0.274733
360.333	0.171053
360.4	0.216004
360.467	0.21069
360.533	0.204952
360.6	0.223053
360.667	0.205483
360.733	0.176402
360.8	0.205412
360.867	0.21951
360.933	0.207254
361	0.215437
361.067	0.186178
361.133	0.199993
361.2	0.18802
361.267	0.265524
361.333	0.209769
361.4	0.225851
361.467	0.226453
361.533	0.222238
361.6	0.2182
361.667	0.246573
361.733	0.215154
361.8	0.234423
361.867	0.234565
361.933	0.237717
362	0.250824
362.067	0.261982
362.133	0.243597
362.2	0.25348
362.267	0.271227
362.333	0.265949
362.4	0.271971
362.467	0.271333
362.533	0.27027
362.6	0.26315
362.667	0.290638
362.733	0.270837
362.8	0.289327
362.867	0.309164
362.933	0.463427
363	0.313521
363.067	0.316071
363.133	0.327371
363.2	0.290107
363.267	0.307038
363.333	0.314087
363.4	0.306649
363.467	0.282172
363.533	0.266445
363.6	0.260777
363.667	0.246006
363.733	0.250682
363.8	0.283235
363.867	0.230173
363.933	0.202791
364	0.222663
364.067	0.210407
364.133	0.26269
364.2	0.217421
364.267	0.21951
364.333	0.177039
364.4	0.18632
364.467	0.192696
364.533	0.198647
364.6	0.315079
364.667	0.207821
364.733	0.158337
364.8	0.15607
364.867	0.188552
364.933	0.147958
365	0.187454
365.067	0.0856151
365.133	0.159683
365.2	0.170026
365.267	0.169317
365.333	0.161312
365.4	0.156424
365.467	0.138677
365.533	0.153625
365.6	0.152209
365.667	0.131203
365.733	0.162658
365.8	0.164606
365.867	0.171726
365.933	0.123623
366	0.141121
366.067	0.150827
366.133	0.158159
366.2	0.157841
366.267	0.187737
366.333	0.147533
366.4	0.0775743
366.467	0.0805143
366.533	0.126669
366.6	0.172257
366.667	0.127555
366.733	0.22245
366.8	0.112323
366.867	0.131097
366.933	0.0226701
367	0.129574
367.067	0.135596
367.133	0.131593
367.2	0.121887
367.267	0.127378
367.333	0.151713
367.4	0.147179
367.467	0.15614
367.533	0.146576
367.6	0.141192
367.667	0.165881
367.733	0.167511
367.8	0.157628
367.867	0.103255
367.933	0.305019
368	0.178952
368.067	0.169672
368.133	0.10616
368.2	0.162198
368.267	0.152811
368.333	0.171018
368.4	0.0951791
368.467	0.113138
368.533	0.145266
368.6	0.100315
368.667	0.129078
368.733	0.146045
368.8	0.140909
368.867	0.0936913
368.933	0.148525
369	0.111048
369.067	0.123021
369.133	0.144132
369.2	0.11753
369.267	0.139209
369.333	0.163296
369.4	0.12628
369.467	0.131274
369.533	0.140874
369.6	0.244341
369.667	0.163119
369.733	0.15607
369.8	0.149871
369.867	0.148914
369.933	0.150331
370	0.157309
370.067	0.161737
370.133	0.187524
370.2	0.167263
370.267	0.175268
370.333	0.198399
370.4	0.179236
370.467	0.180227
370.533	0.205306
370.6	0.187843
370.667	0.192554
370.733	0.186462
370.8	0.199851
370.867	0.202827
370.933	0.213737
371	0.21108
371.067	0.21278
371.133	0.22075
371.2	0.214622
371.267	0.271687
371.333	0.127413
371.4	0.239134
371.467	0.236832
371.533	0.183415
371.6	0.238178
371.667	0.240055
371.733	0.219475
371.8	0.23329
371.867	0.24342
371.933	0.230987
372	0.248911
372.067	0.246006
372.133	0.0937622
372.2	0.184336
372.267	0.233679
372.333	0.181999
372.4	0.206829
372.467	0.192023
372.533	0.153448
372.6	0.175906
372.667	0.20559
372.733	0.118841
372.8	0.097021
372.867	0.181361
372.933	0.451489
373	0.128051
373.067	0.229004
373.133	0.117495
373.2	0.160391
373.267	0.199107
373.333	0.145443
373.4	0.181361
373.467	0.162871
373.533	0.127059
373.6	0.083171
373.667	0.0921682
373.733	0.109454
373.8	0.103397
373.867	0.123871
373.933	0.102334
374	0.106939
374.067	0.106691
374.133	0.15398
374.2	0.0980128
374.267	0.126244
374.333	0.145868
374.4	0.11622
374.467	0.14144
374.533	0.141936
374.6	0.362828
374.667	0.148985
374.733	0.156778
374.8	0.164748
374.867	0.136056
374.933	0.163756
375	0.14732
375.067	0.124261
375.133	0.166059
375.2	0.122029
375.267	0.10662
375.333	0.17711
375.4	0.122808
375.467	0.113705
375.533	0.133541
375.6	0.128051
375.667	0.113528
375.733	0.118203
375.8	0.107223
375.867	0.11544
375.933	0.166059
376	0.140059
376.067	0.127519
376.133	0.189898
376.2	0.127767
376.267	0.175587
376.333	0.170345
376.4	0.153307
376.467	0.151784
376.533	0.13928
376.6	0.108356
376.667	0.132089
376.733	0.213878
376.8	0.14516
376.867	0.129397
376.933	0.0215366
377	0.0977294
377.067	0.0588715
377.133	0.0367681
377.2	0.0779994
377.267	0.101626
377.333	0.0242641
377.4	0.0854026
377.467	0.0693564
377.533	0.0406645
377.6	0.0686834
377.667	0.131735
377.733	0.0488824
377.8	0.0993589
377.867	0.0852255
377.933	0.289575
378	0.145301
378.067	0.103822
378.133	0.0369098
378.2	0.087032
378.267	0.101697
378.333	0.0643264
378.4	0.0943289
378.467	0.0428253
378.533	0.0690022
378.6	0.0410187
378.667	0.07134
378.733	0.0757324
378.8	0.055896
378.867	0.0631221
378.933	0.0560023
379	0.0445255
379.067	0.0428961
379.133	0.0489179
379.2	0.0479969
379.267	0.0383267
379.333	0.0412667
379.4	0.017959
379.467	0.0273458
379.533	0.0294357
379.6	0.07134
379.667	0.0198009
379.733	0.0217846
379.8	0.114201
379.867	0.159683
379.933	0.141015
380	0.179873
380.067	0.0301442
380.133	0.0880238
380.2	0.0869611
380.267	0.04952
380.333	0.0294357
380.4	0.0355283
380.467	0.0732882
380.533	0.0146293
380.6	0.0327654
380.667	0.0837023
380.733	0.0399915
380.8	0.0689667
380.867	0.0661684
380.933	0.116078
381	0.169069
381.067	0.0684708
381.133	0.168786
381.2	0.049095
381.267	0.205306
381.333	0.15986
381.4	0.0453402
381.467	0.265099
381.533	0.257447
381.6	0.046332
381.667	0.0767596
381.733	0.127449
381.8	0.0766887
381.867	0.0933371
381.933	0.0834544
382	0.071588
382.067	0.086111
382.133	0.0638305
382.2	0.0691084
382.267	0.132443
382.333	0.0565336
382.4	0.0807269
