time_sec	dynamic_density
0.0666667	0.201408
0.133333	0.171423
0.2	0.160674
0.266667	0.12918
0.333333	0.120945
0.4	0.109253
0.466667	0.123837
0.533333	0.116797
0.6	0.124089
0.666667	0.126163
0.733333	0.140558
0.8	0.136598
0.866667	0.136346
0.933333	0.125471
1	0.143576
1.06667	0.138484
1.13333	0.136284
1.2	0.139804
1.26667	0.172303
1.33333	0.143827
1.4	0.142821
1.46667	0.145399
1.53333	0.140684
1.6	0.155142
1.66667	0.160611
1.73333	0.163125
1.8	0.170417
1.86667	0.173686
1.93333	0.182738
2	0.175383
2.06667	0.188962
2.13333	0.183933
2.2	0.187516
2.26667	0.188019
2.33333	0.189087
2.4	0.184561
2.46667	0.183807
2.53333	0.192859
2.6	0.181481
2.66667	0.184687
2.73333	0.168532
2.8	0.179281
2.86667	0.179784
2.93333	0.334423
3	0.191036
3.06667	0.18695
3.13333	0.145336
3.2	0.150302
3.26667	0.182801
3.33333	0.183367
3.4	0.119311
3.46667	0.154262
3.53333	0.145399
3.6	0.132072
3.66667	0.105167
3.73333	0.098001
3.8	0.157908
3.86667	0.120694
3.93333	0.0813427
4	0.0866859
4.06667	0.0809656
4.13333	0.11051
4.2	0.136787
4.26667	0.0556952
4.33333	0.0944808
4.4	0.0688333
4.46667	0.0469575
4.53333	0.0465803
4.6	0.295826
4.66667	0.103973
4.73333	0.0604099
4.8	0.0507292
4.86667	0.054878
4.93333	0.0971209
5	0.0709077
5.06667	0.0649987
5.13333	0.0524265
5.2	0.126289
5.26667	0.104539
5.33333	0.10127
5.4	0.0932864
5.46667	0.105984
5.53333	0.105356
5.6	0.110762
5.66667	0.125471
5.73333	0.122768
5.8	0.135215
5.86667	0.161302
5.93333	0.150365
6	0.174378
6.06667	0.174441
6.13333	0.18387
6.2	0.198642
6.26667	0.365979
6.33333	0.232022
6.4	0.235479
6.46667	0.189904
6.53333	0.216809
6.6	0.211152
6.66667	0.217815
6.73333	0.235542
6.8	0.215615
6.86667	0.22913
6.93333	0.228124
7	0.219324
7.06667	0.223975
7.13333	0.233342
7.2	0.247046
7.26667	0.254589
7.33333	0.239691
7.4	0.240885
7.46667	0.269047
7.53333	0.236045
7.6	0.268544
7.66667	0.269298
7.73333	0.264207
7.8	0.27131
7.86667	0.291489
7.93333	0.450151
8	0.306701
8.06667	0.298089
8.13333	0.310913
8.2	0.305758
8.26667	0.316885
8.33333	0.300478
8.4	0.292557
8.46667	0.300855
8.53333	0.301484
8.6	0.310976
8.66667	0.325622
8.73333	0.275585
8.8	0.295512
8.86667	0.285454
8.93333	0.290231
9	0.300541
9.06667	0.30777
9.13333	0.263264
9.2	0.308273
9.26667	0.27439
9.33333	0.332411
9.4	0.318205
9.46667	0.285768
9.53333	0.288031
9.6	0.377546
9.66667	0.271561
9.73333	0.212786
9.8	0.283568
9.86667	0.303432
9.93333	0.297649
10	0.309027
10.0667	0.291111
10.1333	0.251697
10.2	0.310033
10.2667	0.231204
10.3333	0.271059
10.4	0.247486
10.4667	0.233279
10.5333	0.268293
10.6	0.264081
10.6667	0.28602
10.7333	0.245223
10.8	0.23529
10.8667	0.24736
10.9333	0.304124
11	0.255532
11.0667	0.253897
11.1333	0.241262
11.2	0.231959
11.2667	0.426955
11.3333	0.267664
11.4	0.264647
11.4667	0.199397
11.5333	0.334549
11.6	0.204677
11.6667	0.191413
11.7333	0.22253
11.8	0.252703
11.8667	0.223032
11.9333	0.214483
12	0.21046
12.0667	0.138987
12.1333	0.1239
12.2	0.167463
12.2667	0.255595
12.3333	0.180915
12.4	0.162434
12.4667	0.233656
12.5333	0.149547
12.6	0.218318
12.6667	0.150867
12.7333	0.0611642
12.8	0.0971209
12.8667	0.085743
12.9333	0.509618
13	0.0509806
13.0667	0.0870003
13.1333	0.163377
13.2	0.197699
13.2667	0.0918406
13.3333	0.147662
13.4	0.101647
13.4667	0.161428
13.5333	0.269173
13.6	0.179532
13.6667	0.109002
13.7333	0.141187
13.8	0.110636
13.8667	0.109127
13.9333	0.138547
14	0.133141
14.0667	0.19179
14.1333	0.299283
14.2	0.131506
14.2667	0.171989
14.3333	0.139678
14.4	0.14697
14.4667	0.107179
14.5333	0.159354
14.6	0.394016
14.6667	0.161554
14.7333	0.269613
14.8	0.157091
14.8667	0.159417
14.9333	0.109945
15	0.111076
15.0667	0.18695
15.1333	0.167023
15.2	0.197636
15.2667	0.121134
15.3333	0.133769
15.4	0.0661931
15.4667	0.048529
15.5333	0.124969
15.6	0.0820342
15.6667	0.0597812
15.7333	0.0402313
15.8	0.0514207
15.8667	0.0515464
15.9333	0.132386
16	0.0791426
16.0667	0.0389112
16.1333	0.0707191
16.2	0.0413
16.2667	0.0396656
16.3333	0.0483405
16.4	0.0336937
16.4667	0.0383455
16.5333	0.0374026
16.6	0.0419915
16.6667	0.0500377
16.7333	0.0564496
16.8	0.0506035
16.8667	0.0602213
16.9333	0.0307393
17	0.048089
17.0667	0.0343224
17.1333	0.12126
17.2	0.0340709
17.2667	0.0720392
17.3333	0.134461
17.4	0.109505
17.4667	0.0819713
17.5333	0.139615
17.6	0.0534951
17.6667	0.0778853
17.7333	0.099384
17.8	0.0335052
17.8667	0.0861202
17.9333	0.5
18	0.134209
18.0667	0.0664446
18.1333	0.153508
18.2	0.0698391
18.2667	0.0660045
18.3333	0.0432487
18.4	0.0593412
18.4667	0.051735
18.5333	0.056261
18.6	0.0542494
18.6667	0.037214
18.7333	0.0512321
18.8	0.0664446
18.8667	0.0610385
18.9333	0.084863
19	0.0754337
19.0667	0.0747423
19.1333	0.10171
19.2	0.0783254
19.2667	0.0745537
19.3333	0.0922806
19.4	0.0812799
19.4667	0.0980639
19.5333	0.0699019
19.6	0.134712
19.6667	0.0909605
19.7333	0.109693
19.8	0.0710334
19.8667	0.0753709
19.9333	0.0803369
20	0.0648102
20.0667	0.0612271
20.1333	0.0881318
20.2	0.0670732
20.2667	0.0739251
20.3333	0.109002
20.4	0.0631758
20.4667	0.0363968
20.5333	0.104224
20.6	0.0619185
20.6667	0.0770681
20.7333	0.107305
20.8	0.0936636
20.8667	0.118557
20.9333	0.0685818
21	0.0831028
21.0667	0.177018
21.1333	0.202477
21.2	0.14213
21.2667	0.30865
21.3333	0.31525
21.4	0.140621
21.4667	0.171612
21.5333	0.124214
21.6	0.190344
21.6667	0.169977
21.7333	0.21354
21.8	0.216055
21.8667	0.184813
21.9333	0.117865
22	0.166897
22.0667	0.147159
22.1333	0.192607
22.2	0.106864
22.2667	0.148982
22.3333	0.0545009
22.4	0.144267
22.4667	0.16476
22.5333	0.143764
22.6	0.12962
22.6667	0.049912
22.7333	0.0411114
22.8	0.0461403
22.8667	0.0346995
22.9333	0.34907
23	0.036774
23.0667	0.044443
23.1333	0.0606613
23.2	0.0443173
23.2667	0.0472718
23.3333	0.0627986
23.4	0.0641187
23.4667	0.0524893
23.5333	0.102338
23.6	0.0743651
23.6667	0.0865602
23.7333	0.0864974
23.8	0.0585869
23.8667	0.0561981
23.9333	0.125974
24	0.0655016
24.0667	0.0719764
24.1333	0.0874403
24.2	0.0653759
24.2667	0.0631129
24.3333	0.0758738
24.4	0.0500377
24.4667	0.0700277
24.5333	0.0598441
24.6	0.180161
24.6667	0.0900176
24.7333	0.075308
24.8	0.0699019
24.8667	0.0709706
24.9333	0.0983153
25	0.0711592
25.0667	0.0706563
25.1333	0.121763
25.2	0.0614156
25.2667	0.0649359
25.3333	0.168783
25.4	0.0490948
25.4667	0.0467061
25.5333	0.0439402
25.6	0.0592784
25.6667	0.0719764
25.7333	0.0787025
25.8	0.0756223
25.8667	0.0858687
25.9333	0.104287
26	0.0764395
26.0667	0.0825999
26.1333	0.0811541
26.2	0.0866231
26.2667	0.155016
26.3333	0.129746
26.4	0.0888232
26.4667	0.088006
26.5333	0.124717
26.6	0.0927835
26.6667	0.103093
26.7333	0.114534
26.8	0.106236
26.8667	0.112019
26.9333	0.169726
27	0.124906
27.0667	0.137855
27.1333	0.14169
27.2	0.14521
27.2667	0.165137
27.3333	0.180852
27.4	0.172115
27.4667	0.173749
27.5333	0.191476
27.6	0.179344
27.6667	0.187201
27.7333	0.209329
27.8	0.189276
27.8667	0.190282
27.9333	0.45166
28	0.202665
28.0667	0.224918
28.1333	0.265464
28.2	0.216683
28.2667	0.227307
28.3333	0.241262
28.4	0.232273
28.4667	0.243148
28.5333	0.267035
28.6	0.244154
28.6667	0.248051
28.7333	0.262949
28.8	0.260749
28.8667	0.25572
28.9333	0.251823
29	0.258612
29.0667	0.271499
29.1333	0.309718
29.2	0.279105
29.2667	0.281871
29.3333	0.317639
29.4	0.292557
29.4667	0.290546
29.5333	0.300855
29.6	0.443739
29.6667	0.346807
29.7333	0.304815
29.8	0.321348
29.8667	0.303558
29.9333	0.321662
30	0.311101
30.0667	0.297335
30.1333	0.290294
30.2	0.297649
30.2667	0.323674
30.3333	0.318142
30.4	0.323925
30.4667	0.385592
30.5333	0.206563
30.6	0.320216
30.6667	0.292746
30.7333	0.216055
30.8	0.334171
30.8667	0.243902
30.9333	0.195436
31	0.322039
31.0667	0.369311
31.1333	0.206311
31.2	0.302175
31.2667	0.497046
31.3333	0.146216
31.4	0.306261
31.4667	0.315439
31.5333	0.25308
31.6	0.314056
31.6667	0.31261
31.7333	0.202414
31.8	0.272442
31.8667	0.300352
31.9333	0.243651
32	0.318268
32.0667	0.246857
32.1333	0.328011
32.2	0.291426
32.2667	0.224855
32.3333	0.267098
32.4	0.313427
32.4667	0.211026
32.5333	0.251697
32.6	0.232525
32.6667	0.171423
32.7333	0.334297
32.8	0.306575
32.8667	0.315502
32.9333	0.310284
33	0.285202
33.0667	0.398416
33.1333	0.287465
33.2	0.0215615
33.2667	0.0381569
33.3333	0.0510435
33.4	0.0534951
33.4667	0.0704677
33.5333	0.0645587
33.6	0.0759995
33.6667	0.108122
33.7333	0.0959894
33.8	0.110825
33.8667	0.0971209
33.9333	0.0997611
34	0.11862
34.0667	0.111768
34.1333	0.12742
34.2	0.129809
34.2667	0.114722
34.3333	0.141375
34.4	0.135152
34.4667	0.129306
34.5333	0.171675
34.6	0.295449
34.6667	0.140495
34.7333	0.158537
34.8	0.139992
34.8667	0.134901
34.9333	0.145524
35	0.159291
35.0667	0.159165
35.1333	0.140747
35.2	0.127672
35.2667	0.122328
35.3333	0.143764
35.4	0.145147
35.4667	0.158662
35.5333	0.158097
35.6	0.145399
35.6667	0.152628
35.7333	0.122454
35.8	0.119562
35.8667	0.172115
35.9333	0.146907
36	0.168972
36.0667	0.17004
36.1333	0.176264
36.2	0.192607
36.2667	0.389804
36.3333	0.303621
36.4	0.203168
36.4667	0.191099
36.5333	0.162811
36.6	0.197888
36.6667	0.209454
36.7333	0.157908
36.8	0.212849
36.8667	0.198328
36.9333	0.2544
37	0.165326
37.0667	0.209769
37.1333	0.143198
37.2	0.14301
37.2667	0.17312
37.3333	0.295952
37.4	0.181544
37.4667	0.278162
37.5333	0.227936
37.6	0.35655
37.6667	0.331971
37.7333	0.314622
37.8	0.155834
37.8667	0.0570153
37.9333	0.453671
38	0.108562
38.0667	0.129369
38.1333	0.0853659
38.2	0.073485
38.2667	0.0828514
38.3333	0.0681418
38.4	0.093475
38.4667	0.100578
38.5333	0.119625
38.6	0.135529
38.6667	0.0885089
38.7333	0.147536
38.8	0.144141
38.8667	0.137667
38.9333	0.186761
39	0.149547
39.0667	0.158097
39.1333	0.165766
39.2	0.187139
39.2667	0.156336
39.3333	0.173875
39.4	0.162874
39.4667	0.171675
39.5333	0.168783
39.6	0.313427
39.6667	0.186447
39.7333	0.204928
39.8	0.19443
39.8667	0.182738
39.9333	0.202037
40	0.209014
40.0667	0.20474
40.1333	0.166331
40.2	0.203357
40.2667	0.190596
40.3333	0.220644
40.4	0.186699
40.4667	0.235165
40.5333	0.249434
40.6	0.21046
40.6667	0.26471
40.7333	0.258361
40.8	0.237428
40.8667	0.244845
40.9333	0.259303
41	0.246605
41.0667	0.268984
41.1333	0.229821
41.2	0.22605
41.2667	0.494217
41.3333	0.242645
41.4	0.256663
41.4667	0.249434
41.5333	0.278036
41.6	0.256789
41.6667	0.225484
41.7333	0.22957
41.8	0.235542
41.8667	0.267475
41.9333	0.263704
42	0.268418
42.0667	0.213477
42.1333	0.310598
42.2	0.25616
42.2667	0.269864
42.3333	0.2869
42.4	0.219449
42.4667	0.206123
42.5333	0.206688
42.6	0.198894
42.6667	0.213603
42.7333	0.209517
42.8	0.170543
42.8667	0.162434
42.9333	0.413251
43	0.181418
43.0667	0.143261
43.1333	0.022693
43.2	0.154953
43.2667	0.158159
43.3333	0.101961
43.4	0.0825371
43.4667	0.109002
43.5333	0.016344
43.6	0.137164
43.6667	0.14565
43.7333	0.0418029
43.8	0.132009
43.8667	0.133078
43.9333	0.0863716
44	0.158914
44.0667	0.127923
44.1333	0.0604099
44.2	0.175069
44.2667	0.131443
44.3333	0.0846744
44.4	0.142318
44.4667	0.210837
44.5333	0.20342
44.6	0.300666
44.6667	0.259115
44.7333	0.157594
44.8	0.152879
44.8667	0.195876
44.9333	0.292746
45	0.168154
45.0667	0.235542
45.1333	0.178841
45.2	0.16476
45.2667	0.218758
45.3333	0.183995
45.4	0.236988
45.4667	0.17312
45.5333	0.208323
45.6	0.184561
45.6667	0.156399
45.7333	0.190219
45.8	0.153885
45.8667	0.149296
45.9333	0.136221
46	0.156022
46.0667	0.106487
46.1333	0.154388
46.2	0.144644
46.2667	0.586875
46.3333	0.192607
46.4	0.221398
46.4667	0.242519
46.5333	0.279105
46.6	0.123774
46.6667	0.203231
46.7333	0.269864
46.8	0.121134
46.8667	0.227936
46.9333	0.216621
47	0.23133
47.0667	0.246103
47.1333	0.26647
47.2	0.220832
47.2667	0.229444
47.3333	0.33744
47.4	0.241514
47.4667	0.265464
47.5333	0.272442
47.6	0.23045
47.6667	0.217752
47.7333	0.31921
47.8	0.340206
47.8667	0.195185
47.9333	0.340206
48	0.375786
48.0667	0.234662
48.1333	0.160485
48.2	0.170669
48.2667	0.284511
48.3333	0.246605
48.4	0.258109
48.4667	0.228753
48.5333	0.255846
48.6	0.113025
48.6667	0.169223
48.7333	0.177395
48.8	0.128992
48.8667	0.240445
48.9333	0.115288
49	0.250126
49.0667	0.193739
49.1333	0.0655645
49.2	0.079394
49.2667	0.13905
49.3333	0.248051
49.4	0.136158
49.4667	0.181481
49.5333	0.0467689
49.6	0.300101
49.6667	0.157279
49.7333	0.0781368
49.8	0.0905834
49.8667	0.111893
49.9333	0.138987
50	0.346178
50.0667	0.0416771
50.1333	0.0814056
50.2	0.138044
50.2667	0.0580211
50.3333	0.164383
50.4	0.0270304
50.4667	0.115854
50.5333	0.121323
50.6	0.0558838
50.6667	0.089389
50.7333	0.144644
50.8	0.0973724
50.8667	0.0767538
50.9333	0.0702791
51	0.0686447
51.0667	0.17048
51.1333	0.0632386
51.2	0.0433744
51.2667	0.389364
51.3333	0.232525
51.4	0.111831
51.4667	0.164446
51.5333	0.0947951
51.6	0.0770053
51.6667	0.104853
51.7333	0.113654
51.8	0.0205557
51.8667	0.113339
51.9333	0.120505
52	0.104853
52.0667	0.0744908
52.1333	0.0482776
52.2	0.0313679
52.2667	0.0468318
52.3333	0.0448202
52.4	0.0450088
52.4667	0.0636787
52.5333	0.0480262
52.6	0.0585869
52.6667	0.0594041
52.7333	0.0897033
52.8	0.080777
52.8667	0.067136
52.9333	0.332034
53	0.0836057
53.0667	0.0905834
53.1333	0.112773
53.2	0.10039
53.2667	0.0710963
53.3333	0.117865
53.4	0.0976867
53.4667	0.0923435
53.5333	0.0952351
53.6	0.0972467
53.6667	0.136409
53.7333	0.113151
53.8	0.105733
53.8667	0.145524
53.9333	0.128426
54	0.156902
54.0667	0.137101
54.1333	0.121071
54.2	0.14917
54.2667	0.114408
54.3333	0.0895776
54.4	0.181418
54.4667	0.180412
54.5333	0.103659
54.6	0.546517
54.6667	0.2153
54.7333	0.210146
54.8	0.0952351
54.8667	0.151873
54.9333	0.177395
55	0.165703
55.0667	0.125849
55.1333	0.0712849
55.2	0.151433
55.2667	0.0591526
55.3333	0.118054
55.4	0.0346995
55.4667	0.153759
55.5333	0.118808
55.6	0.131946
55.6667	0.104099
55.7333	0.0692733
55.8	0.118808
55.8667	0.167211
55.9333	0.130186
56	0.113402
56.0667	0.120443
56.1333	0.0792054
56.2	0.0952351
56.2667	0.317765
56.3333	0.148667
56.4	0.12302
56.4667	0.108562
56.5333	0.130312
56.6	0.136221
56.6667	0.155205
56.7333	0.184058
56.8	0.256852
56.8667	0.143701
56.9333	0.127986
57	0.127043
57.0667	0.130312
57.1333	0.125597
57.2	0.0335052
57.2667	0.0638044
57.3333	0.209203
57.4	0.135529
57.4667	0.234913
57.5333	0.0754966
57.6	0.166646
57.6667	0.076691
57.7333	0.0572039
57.8	0.13094
57.8667	0.0827257
57.9333	0.435253
58	0.190407
58.0667	0.154576
58.1333	0.265527
58.2	0.254337
58.2667	0.271436
58.3333	0.153256
58.4	0.186887
58.4667	0.217061
58.5333	0.147159
58.6	0.163628
58.6667	0.154953
58.7333	0.352087
58.8	0.10787
58.8667	0.146153
58.9333	0.106802
59	0.112836
59.0667	0.0775082
59.1333	0.127672
59.2	0.161365
59.2667	0.123774
59.3333	0.133895
59.4	0.104539
59.4667	0.115036
59.5333	0.161868
59.6	0.160674
59.6667	0.13226
59.7333	0.199711
59.8	0.111831
59.8667	0.126352
59.9333	0.121825
60	0.0668846
60.0667	0.123146
60.1333	0.322605
60.2	0.0718506
60.2667	0.307958
60.3333	0.174252
60.4	0.169915
60.4667	0.0676389
60.5333	0.19399
60.6	0.187767
60.6667	0.0753709
60.7333	0.0903319
60.8	0.0985039
60.8667	0.11774
60.9333	0.0910862
61	0.155268
61.0667	0.117865
61.1333	0.170103
61.2	0.134461
61.2667	0.118494
61.3333	0.157719
61.4	0.274579
61.4667	0.14037
61.5333	0.119185
61.6	0.187076
61.6667	0.0717249
61.7333	0.0629872
61.8	0.186384
61.8667	0.058084
61.9333	0.346367
62	0.250566
62.0667	0.10743
62.1333	0.148102
62.2	0.167086
62.2667	0.0976867
62.3333	0.0910234
62.4	0.0663817
62.4667	0.0961152
62.5333	0.0516721
62.6	0.0586497
62.6667	0.0700905
62.7333	0.0595298
62.8	0.0568896
62.8667	0.0842343
62.9333	0.0776339
63	0.0640558
63.0667	0.0477118
63.1333	0.108059
63.2	0.0426829
63.2667	0.075308
63.3333	0.115854
63.4	0.0971209
63.4667	0.154828
63.5333	0.0641187
63.6	0.308461
63.6667	0.0912748
63.7333	0.107556
63.8	0.071222
63.8667	0.0358939
63.9333	0.211843
64	0.115099
64.0667	0.136284
64.1333	0.200151
64.2	0.0539351
64.2667	0.138484
64.3333	0.169726
64.4	0.111893
64.4667	0.117299
64.5333	0.132072
64.6	0.119122
64.6667	0.0797712
64.7333	0.159605
64.8	0.0620443
64.8667	0.0815942
64.9333	0.078514
65	0.105167
65.0667	0.106487
65.1333	0.105356
65.2	0.0878175
65.2667	0.406274
65.3333	0.162685
65.4	0.0669474
65.4667	0.0927206
65.5333	0.126603
65.6	0.104287
65.6667	0.126226
65.7333	0.211717
65.8	0.146341
65.8667	0.0531808
65.9333	0.10083
66	0.262761
66.0667	0.194682
66.1333	0.106362
66.2	0.146027
66.2667	0.128677
66.3333	0.158725
66.4	0.0969324
66.4667	0.0887604
66.5333	0.186321
66.6	0.109065
66.6667	0.158977
66.7333	0.0936636
66.8	0.163754
66.8667	0.0963037
66.9333	0.364031
67	0.195248
67.0667	0.127734
67.1333	0.214232
67.2	0.157719
67.2667	0.137981
67.3333	0.0565124
67.4	0.105104
67.4667	0.14609
67.5333	0.0666331
67.6	0.138169
67.6667	0.159102
67.7333	0.0658159
67.8	0.0677646
67.8667	0.104224
67.9333	0.0515464
68	0.093035
68.0667	0.143198
68.1333	0.106864
68.2	0.0924063
68.2667	0.109568
68.3333	0.0516093
68.4	0.0918406
68.4667	0.0947951
68.5333	0.106173
68.6	0.143073
68.6667	0.078954
68.7333	0.08392
68.8	0.113276
68.8667	0.0714106
68.9333	0.0559467
69	0.521813
69.0667	0.204677
69.1333	0.161868
69.2	0.0968066
69.2667	0.219261
69.3333	0.136787
69.4	0.0577697
69.4667	0.109253
69.5333	0.0899547
69.6	0.0705306
69.6667	0.116168
69.7333	0.120443
69.8	0.101081
69.8667	0.221147
69.9333	0.0804627
70	0.0705934
70.0667	0.104539
70.1333	0.0575811
70.2	0.106299
70.2667	0.131255
70.3333	0.0928464
70.4	0.119374
70.4667	0.11095
70.5333	0.0914634
70.6	0.0777596
70.6667	0.271561
70.7333	0.0859945
70.8	0.126792
70.8667	0.165577
70.9333	0.068519
71	0.0861831
71.0667	0.113213
71.1333	0.138547
71.2	0.0971838
71.2667	0.123648
71.3333	0.0826628
71.4	0.14873
71.4667	0.153759
71.5333	0.141061
71.6	0.122643
71.6667	0.111013
71.7333	0.167651
71.8	0.0851144
71.8667	0.0866859
71.9333	0.0918406
72	0.0983153
72.0667	0.0956123
72.1333	0.128552
72.2	0.0924692
72.2667	0.107556
72.3333	0.35171
72.4	0.133141
72.4667	0.218695
72.5333	0.10963
72.6	0.0492834
72.6667	0.142318
72.7333	0.0698391
72.8	0.0836686
72.8667	0.149359
72.9333	0.0687076
73	0.0707191
73.0667	0.0909605
73.1333	0.0760624
73.2	0.0679532
73.2667	0.0713477
73.3333	0.0778853
73.4	0.106613
73.4667	0.164634
73.5333	0.0678904
73.6	0.0737365
73.6667	0.0384712
73.7333	0.0345109
73.8	0.0666331
73.8667	0.0947322
73.9333	0.0708449
74	0.215426
74.0667	0.119814
74.1333	0.0670732
74.2	0.125534
74.2667	0.121951
74.3333	0.163377
74.4	0.0536208
74.4667	0.0595298
74.5333	0.0587126
74.6	0.11862
74.6667	0.0709706
74.7333	0.208826
74.8	0.0790797
74.8667	0.107053
74.9333	0.0573925
75	0.0625471
75.0667	0.0850515
75.1333	0.0698391
75.2	0.0614156
75.2667	0.0810284
75.3333	0.0595298
75.4	0.0773196
75.4667	0.069399
75.5333	0.0837943
75.6	0.0629243
75.6667	0.132449
75.7333	0.0783254
75.8	0.0779482
75.8667	0.0634901
75.9333	0.0756852
76	0.0873774
76.0667	0.10699
76.1333	0.0682675
76.2	0.0687704
76.2667	0.0962409
76.3333	0.0548152
76.4	0.0614785
76.4667	0.0754966
76.5333	0.0583983
76.6	0.0728564
76.6667	0.0637415
76.7333	0.0780739
76.8	0.0888232
76.8667	0.0471461
76.9333	0.0493462
77	0.0855544
77.0667	0.0805255
77.1333	0.099384
77.2	0.095738
77.2667	0.0792683
77.3333	0.282185
77.4	0.0595298
77.4667	0.161805
77.5333	0.113968
77.6	0.102024
77.6667	0.0944808
77.7333	0.143136
77.8	0.0810284
77.8667	0.148353
77.9333	0.122768
78	0.0955494
78.0667	0.247926
78.1333	0.0974353
78.2	0.101898
78.2667	0.129557
78.3333	0.0881318
78.4	0.0779482
78.4667	0.0450717
78.5333	0.0931607
78.6	0.0666331
78.6667	0.11095
78.7333	0.0793312
78.8	0.0811541
78.8667	0.0978753
78.9333	0.0512321
79	0.283568
79.0667	0.0910234
79.1333	0.074428
79.2	0.0798969
79.2667	0.0910862
79.3333	0.0837943
79.4	0.109505
79.4667	0.0756223
79.5333	0.0970581
79.6	0.0526779
79.6667	0.0923435
79.7333	0.0992582
79.8	0.0927835
79.8667	0.115288
79.9333	0.0508549
80	0.0536208
80.0667	0.114785
80.1333	0.0802741
80.2	0.103407
80.2667	0.0729193
80.3333	0.088006
80.4	0.0528036
80.4667	0.0561353
80.5333	0.0895776
80.6	0.0676389
80.6667	0.32864
80.7333	0.165514
80.8	0.127672
80.8667	0.318142
80.9333	0.158034
81	0.0947951
81.0667	0.0894518
81.1333	0.136472
81.2	0.108122
81.2667	0.112396
81.3333	0.131192
81.4	0.199648
81.4667	0.133392
81.5333	0.0695248
81.6	0.164006
81.6667	0.105733
81.7333	0.132072
81.8	0.161428
81.8667	0.127609
81.9333	0.0878803
82	0.100201
82.0667	0.120694
82.1333	0.159731
82.2	0.0841086
82.2667	0.102401
82.3333	0.159417
82.4	0.194179
82.4667	0.144707
82.5333	0.099824
82.6	0.15992
82.6667	0.107619
82.7333	0.154262
82.8	0.158285
82.8667	0.179407
82.9333	0.0820971
83	0.174001
83.0667	0.169034
83.1333	0.131255
83.2	0.0932864
83.2667	0.125471
83.3333	0.096178
83.4	0.114785
83.4667	0.0634272
83.5333	0.12126
83.6	0.111516
83.6667	0.196631
83.7333	0.0690219
83.8	0.088949
83.8667	0.0764395
83.9333	0.0714106
84	0.195185
84.0667	0.12258
84.1333	0.112459
84.2	0.0732336
84.2667	0.0516721
84.3333	0.0409857
84.4	0.121323
84.4667	0.225547
84.5333	0.108059
84.6	0.0697134
84.6667	0.071222
84.7333	0.048089
84.8	0.0720392
84.8667	0.132135
84.9333	0.0527408
85	0.0912748
85.0667	0.116419
85.1333	0.0738622
85.2	0.103093
85.2667	0.0809656
85.3333	0.0819085
85.4	0.0987553
85.4667	0.0907719
85.5333	0.0875031
85.6	0.0687704
85.6667	0.221775
85.7333	0.0479004
85.8	0.0749309
85.8667	0.101898
85.9333	0.084863
86	0.0886346
86.0667	0.132072
86.1333	0.0797083
86.2	0.101333
86.2667	0.11007
86.3333	0.0991954
86.4	0.149359
86.4667	0.116294
86.5333	0.0891375
86.6	0.0731079
86.6667	0.0605356
86.7333	0.066256
86.8	0.0490319
86.8667	0.126289
86.9333	0.052615
87	0.104979
87.0667	0.0841086
87.1333	0.140307
87.2	0.172869
87.2667	0.132009
87.3333	0.37786
87.4	0.104099
87.4667	0.0944808
87.5333	0.0720392
87.6	0.0446945
87.6667	0.0868117
87.7333	0.0937264
87.8	0.0713477
87.8667	0.0895147
87.9333	0.10655
88	0.105984
88.0667	0.112333
88.1333	0.171549
88.2	0.100955
88.2667	0.0818456
88.3333	0.0970581
88.4	0.115539
88.4667	0.0798969
88.5333	0.133078
88.6	0.0788283
88.6667	0.0925321
88.7333	0.0799598
88.8	0.153571
88.8667	0.130752
88.9333	0.107619
89	0.372957
89.0667	0.162183
89.1333	0.18475
89.2	0.17356
89.2667	0.117865
89.3333	0.158034
89.4	0.157342
89.4667	0.218695
89.5333	0.116859
89.6	0.103156
89.6667	0.160737
89.7333	0.0977496
89.8	0.0965552
89.8667	0.0995725
89.9333	0.0848001
90	0.0745537
90.0667	0.153633
90.1333	0.105796
90.2	0.095298
90.2667	0.158034
90.3333	0.0931607
90.4	0.0982525
90.4667	0.129997
90.5333	0.0751194
90.6	0.0981267
90.6667	0.351836
90.7333	0.108059
90.8	0.100955
90.8667	0.176326
90.9333	0.112962
91	0.091652
91.0667	0.0788283
91.1333	0.0804627
91.2	0.0849258
91.2667	0.103344
91.3333	0.0841086
91.4	0.0942922
91.4667	0.085743
91.5333	0.0727307
91.6	0.0864345
91.6667	0.100075
91.7333	0.0807141
91.8	0.0844229
91.8667	0.0575811
91.9333	0.0717878
92	0.0805255
92.0667	0.0645587
92.1333	0.067136
92.2	0.0858687
92.2667	0.0650616
92.3333	0.202414
92.4	0.0655645
92.4667	0.0915891
92.5333	0.0592784
92.6	0.0895776
92.6667	0.0903319
92.7333	0.0938521
92.8	0.0563239
92.8667	0.0597812
92.9333	0.0719135
93	0.131758
93.0667	0.0623586
93.1333	0.0318079
93.2	0.0892633
93.2667	0.1261
93.3333	0.0691476
93.4	0.0589012
93.4667	0.0556324
93.5333	0.0572039
93.6	0.0314307
93.6667	0.136032
93.7333	0.0519236
93.8	0.0680161
93.8667	0.0862459
93.9333	0.0416143
94	0.151119
94.0667	0.229319
94.1333	0.109127
94.2	0.0928464
94.2667	0.200779
94.3333	0.160611
94.4	0.0750566
94.4667	0.0752452
94.5333	0.143513
94.6	0.148479
94.6667	0.0773196
94.7333	0.154828
94.8	0.219135
94.8667	0.0973095
94.9333	0.218255
95	0.132198
95.0667	0.290106
95.1333	0.135341
95.2	0.231204
95.2667	0.12522
95.3333	0.175886
95.4	0.220644
95.4667	0.23045
95.5333	0.279671
95.6	0.249623
95.6667	0.261692
95.7333	0.281179
95.8	0.391375
95.8667	0.283002
95.9333	0.208574
96	0.293123
96.0667	0.242457
96.1333	0.341652
96.2	0.340332
96.2667	0.339703
96.3333	0.359819
96.4	0.346681
96.4667	0.310473
96.5333	0.323108
96.6	0.309844
96.6667	0.214735
96.7333	0.408159
96.8	0.393764
96.8667	0.155582
96.9333	0.385529
97	0.36862
97.0667	0.375723
97.1333	0.317953
97.2	0.409731
97.2667	0.39653
97.3333	0.361139
97.4	0.449271
97.4667	0.267413
97.5333	0.412434
97.6	0.425886
97.6667	0.370757
97.7333	0.39521
97.8	0.370631
97.8667	0.427584
97.9333	0.500503
98	0.514647
98.0667	0.498994
98.1333	0.465363
98.2	0.540294
98.2667	0.545889
98.3333	0.392695
98.4	0.522442
98.4667	0.348944
98.5333	0.581908
98.6	0.575182
98.6667	0.337
98.7333	0.592909
98.8	0.550603
98.8667	0.344544
98.9333	0.579268
99	0.577194
99.0667	0.508926
99.1333	0.56481
99.2	0.563176
99.2667	0.371071
99.3333	0.590835
99.4	0.608562
99.4667	0.516847
99.5333	0.551546
99.6	0.625031
99.6667	0.326125
99.7333	0.599573
99.8	0.656211
99.8667	0.522693
99.9333	0.690973
100	0.725295
100.067	0.475358
100.133	0.598315
100.2	0.653131
100.267	0.593538
100.333	0.723472
100.4	0.785265
100.467	0.68475
100.533	0.678149
100.6	0.819462
100.667	0.565376
100.733	0.767413
100.8	0.866985
100.867	0.318519
100.933	0.874843
101	0.882952
101.067	0.641061
101.133	0.824742
101.2	0.713792
101.267	0.736422
101.333	0.860322
101.4	0.806387
101.467	0.621008
101.533	0.842155
101.6	0.559781
101.667	0.754212
101.733	0.882763
101.8	0.894581
101.867	0.570845
101.933	0.901433
102	0.827194
102.067	0.778979
102.133	0.910611
102.2	0.883895
102.267	0.701534
102.333	0.878112
102.4	0.880815
102.467	0.81261
102.533	0.70386
102.6	0.876603
102.667	0.468066
102.733	0.735228
102.8	0.843726
102.867	0.856864
102.933	0.799598
103	0.902565
103.067	0.493462
103.133	0.871071
103.2	0.891375
103.267	0.769927
103.333	0.890873
103.4	0.915577
103.467	0.772316
103.533	0.896027
103.6	0.920229
103.667	0.525459
103.733	0.907405
103.8	0.923435
103.867	0.330651
103.933	0.915954
104	0.925321
104.067	0.595675
104.133	0.93387
104.2	0.857556
104.267	0.623774
104.333	0.942922
104.4	0.904702
104.467	0.655959
104.533	0.90049
104.6	0.903759
104.667	0.794946
104.733	0.942293
104.8	0.91652
104.867	0.692482
104.933	0.952037
105	0.915954
105.067	0.864785
105.133	0.952225
105.2	0.951534
105.267	0.816193
105.333	0.94003
105.4	0.955117
105.467	0.841275
105.533	0.948831
105.6	0.935378
105.667	0.841338
105.733	0.948328
105.8	0.937956
105.867	0.838195
105.933	0.936196
106	0.916646
106.067	0.843035
106.133	0.955431
106.2	0.963163
106.267	0.885969
106.333	0.643073
106.4	0.813239
106.467	0.799472
106.533	0.960397
106.6	0.95298
106.667	0.874026
106.733	0.948139
106.8	0.95958
106.867	0.864282
106.933	0.955243
107	0.956751
107.067	0.902188
107.133	0.944682
107.2	0.941036
107.267	0.796895
107.333	0.951157
107.4	0.946316
107.467	0.833354
107.533	0.948642
107.6	0.921297
107.667	0.876289
107.733	0.940596
107.8	0.931858
107.867	0.844292
107.933	0.93387
108	0.913377
108.067	0.85919
108.133	0.924818
108.2	0.907971
108.267	0.849761
108.333	0.890432
108.4	0.935127
108.467	0.870757
108.533	0.931104
108.6	0.922429
108.667	0.848252
108.733	0.913377
108.8	0.935253
108.867	0.749309
108.933	0.939402
109	0.93783
109.067	0.884838
109.133	0.93607
109.2	0.932927
109.267	0.88006
109.333	0.956688
109.4	0.943802
109.467	0.913
109.533	0.933304
109.6	0.929721
109.667	0.903319
109.733	0.931167
109.8	0.939527
109.867	0.826125
109.933	0.898039
110	0.914446
110.067	0.798152
110.133	0.93123
110.2	0.89873
110.267	0.820845
110.333	0.946002
110.4	0.909354
110.467	0.801924
110.533	0.931104
110.6	0.879683
110.667	0.810096
110.733	0.88949
110.8	0.952791
110.867	0.879935
110.933	0.893513
111	0.869562
111.067	0.837566
111.133	0.906839
111.2	0.925823
111.267	0.845927
111.333	0.892695
111.4	0.905896
111.467	0.85831
111.533	0.920795
111.6	0.91916
111.667	0.813679
111.733	0.888232
111.8	0.894707
111.867	0.843412
111.933	0.851584
112	0.896844
112.067	0.793249
112.133	0.852967
112.2	0.848944
112.267	0.80865
112.333	0.873208
112.4	0.86007
112.467	0.794506
112.533	0.858059
112.6	0.886787
112.667	0.771121
112.733	0.89521
112.8	0.896404
112.867	0.78646
112.933	0.904513
113	0.867802
113.067	0.849384
113.133	0.896279
113.2	0.881255
113.267	0.811793
113.333	0.910611
113.4	0.899296
113.467	0.87346
113.533	0.913628
113.6	0.886975
113.667	0.898479
113.733	0.909731
113.8	0.903445
113.867	0.865917
113.933	0.924378
114	0.916709
114.067	0.855356
114.133	0.926326
114.2	0.903633
114.267	0.845801
114.333	0.907845
114.4	0.900113
114.467	0.836183
114.533	0.889427
114.6	0.889741
114.667	0.831971
114.733	0.875031
114.8	0.887038
114.867	0.762132
114.933	0.853533
115	0.846555
115.067	0.769173
115.133	0.831154
115.2	0.870317
115.267	0.749686
115.333	0.865917
115.4	0.785642
115.467	0.801986
115.533	0.847121
115.6	0.866608
115.667	0.75704
115.733	0.845989
115.8	0.795575
115.867	0.778916
115.933	0.879997
116	0.876352
116.067	0.808398
116.133	0.86994
116.2	0.83788
116.267	0.74956
116.333	0.843035
116.4	0.727118
116.467	0.688081
116.533	0.789288
116.6	0.820405
116.667	0.641564
116.733	0.795449
116.8	0.828137
116.867	0.734159
116.933	0.812421
117	0.814684
117.067	0.70914
117.133	0.810536
117.2	0.796769
117.267	0.384209
117.333	0.778225
117.4	0.795449
117.467	0.500189
117.533	0.772882
117.6	0.791111
117.667	0.606299
117.733	0.783191
117.8	0.755595
117.867	0.670795
117.933	0.788723
118	0.735416
118.067	0.582223
118.133	0.77659
118.2	0.782877
118.267	0.671172
118.333	0.815187
118.4	0.76779
118.467	0.735542
118.533	0.78558
118.6	0.777345
118.667	0.537214
118.733	0.750189
118.8	0.736673
118.867	0.675069
118.933	0.760875
119	0.742268
119.067	0.668972
119.133	0.726427
119.2	0.709203
119.267	0.642758
119.333	0.712597
119.4	0.674755
119.467	0.61862
119.533	0.674126
119.6	0.66388
119.667	0.634272
119.733	0.650176
119.8	0.665137
119.867	0.602841
119.933	0.662623
120	0.692482
120.067	0.562359
120.133	0.7131
120.2	0.697134
120.267	0.635969
120.333	0.70122
120.4	0.691476
120.467	0.486736
120.533	0.700654
120.6	0.691287
120.667	0.623146
120.733	0.692419
120.8	0.680287
120.867	0.613905
120.933	0.669977
121	0.679029
121.067	0.639427
121.133	0.681041
121.2	0.67268
121.267	0.501132
121.333	0.670166
121.4	0.65005
121.467	0.613465
121.533	0.660737
121.6	0.674566
121.667	0.47561
121.733	0.664257
121.8	0.65269
121.867	0.54658
121.933	0.670857
122	0.668594
122.067	0.604853
122.133	0.664383
122.2	0.661554
122.267	0.617991
122.333	0.661868
122.4	0.644959
122.467	0.564559
122.533	0.620757
122.6	0.627986
122.667	0.533442
122.733	0.605419
122.8	0.594418
122.867	0.519487
122.933	0.570593
123	0.561101
123.067	0.426264
123.133	0.54086
123.2	0.527282
123.267	0.455746
123.333	0.507418
123.4	0.471209
123.467	0.4218
123.533	0.459203
123.6	0.460586
123.667	0.440156
123.733	0.466495
123.8	0.451785
123.867	0.430224
123.933	0.464295
124	0.477998
124.067	0.426075
124.133	0.455494
124.2	0.457254
124.267	0.415703
124.333	0.452351
124.4	0.447448
124.467	0.430978
124.533	0.451597
124.6	0.441853
124.667	0.392507
124.733	0.441665
124.8	0.449899
124.867	0.443739
124.933	0.477056
125	0.501257
125.067	0.428589
125.133	0.534448
125.2	0.542054
125.267	0.514458
125.333	0.545386
125.4	0.573359
125.467	0.513389
125.533	0.58524
125.6	0.592155
125.667	0.640558
125.733	0.611831
125.8	0.62434
125.867	0.561919
125.933	0.64565
126	0.652439
126.067	0.634021
126.133	0.669286
126.2	0.683933
126.267	0.622328
126.333	0.68123
126.4	0.677144
126.467	0.64257
126.533	0.718192
126.6	0.729947
126.667	0.672995
126.733	0.743525
126.8	0.754715
126.867	0.737428
126.933	0.775333
127	0.783505
127.067	0.704677
127.133	0.775647
127.2	0.780551
127.267	0.71398
127.333	0.767916
127.4	0.743651
127.467	0.711717
127.533	0.720644
127.6	0.727181
127.667	0.655394
127.733	0.705368
127.8	0.687516
127.867	0.616545
127.933	0.654199
128	0.656211
128.067	0.594229
128.133	0.605104
128.2	0.632575
128.267	0.548906
128.333	0.626352
128.4	0.607493
128.467	0.269487
128.533	0.584612
128.6	0.566759
128.667	0.530488
128.733	0.557707
128.8	0.549283
128.867	0.46178
128.933	0.508046
129	0.514458
129.067	0.444996
129.133	0.485165
129.2	0.456248
129.267	0.448956
129.333	0.448579
129.4	0.458574
129.467	0.381129
129.533	0.415514
129.6	0.404953
129.667	0.341401
129.733	0.385592
129.8	0.368934
129.867	0.296203
129.933	0.357305
130	0.345864
130.067	0.273384
130.133	0.331657
130.2	0.304187
130.267	0.221901
130.333	0.286711
130.4	0.257606
130.467	0.216998
130.533	0.225421
130.6	0.22825
130.667	0.194368
130.733	0.198328
130.8	0.194493
130.867	0.147662
130.933	0.19311
131	0.161554
131.067	0.14873
131.133	0.150993
131.2	0.147662
131.267	0.0992582
131.333	0.123586
131.4	0.126226
131.467	0.0683304
131.533	0.0936007
131.6	0.0658788
131.667	0.0942293
131.733	0.0912748
131.8	0.112899
131.867	0.100767
131.933	0.126037
132	0.0510435
132.067	0.128049
132.133	0.109568
132.2	0.053558
132.267	0.116231
132.333	0.39037
132.4	0.113905
132.467	0.106864
132.533	0.0729821
132.6	0.0964923
132.667	0.0883832
132.733	0.111453
132.8	0.0618557
132.867	0.0547523
132.933	0.0800226
133	0.0588383
133.067	0.0601584
133.133	0.129495
133.2	0.0524893
133.267	0.117488
133.333	0.0513578
133.4	0.0646216
133.467	0.0747423
133.533	0.0769424
133.6	0.0990697
133.667	0.104601
133.733	0.128803
133.8	0.158348
133.867	0.191602
133.933	0.186761
134	0.220895
134.067	0.231079
134.133	0.23045
134.2	0.250629
134.267	0.283379
134.333	0.317953
134.4	0.331531
134.467	0.348504
134.533	0.371134
134.6	0.385466
134.667	0.407405
134.733	0.429092
134.8	0.45694
134.867	0.467941
134.933	0.505783
135	0.527848
135.067	0.529922
135.133	0.54438
135.2	0.545386
135.267	0.555758
135.333	0.528853
135.4	0.5457
135.467	0.527785
135.533	0.550163
135.6	0.511504
135.667	0.496668
135.733	0.516344
135.8	0.497548
135.867	0.492834
135.933	0.502263
136	0.503269
136.067	0.454048
136.133	0.480513
136.2	0.458826
136.267	0.421172
136.333	0.433933
136.4	0.435567
136.467	0.39301
136.533	0.41564
136.6	0.398793
136.667	0.347687
136.733	0.387604
136.8	0.379243
136.867	0.326817
136.933	0.343664
137	0.327445
137.067	0.270807
137.133	0.325622
137.2	0.308398
137.267	0.243085
137.333	0.254903
137.4	0.220455
137.467	0.198265
137.533	0.241577
137.6	0.215992
137.667	0.171989
137.733	0.200214
137.8	0.162685
137.867	0.16388
137.933	0.152062
138	0.151182
138.067	0.11051
138.133	0.169097
138.2	0.120631
138.267	0.0804627
138.333	0.115979
138.4	0.0890118
138.467	0.123586
138.533	0.0992582
138.6	0.0626729
138.667	0.0899547
138.733	0.0893261
138.8	0.0880689
138.867	0.102716
138.933	0.0893261
139	0.12082
139.067	0.0951094
139.133	0.0722278
139.2	0.0624214
139.267	0.108876
139.333	0.0546895
139.4	0.0841086
139.467	0.0698391
139.533	0.0721021
139.6	0.0745537
139.667	0.133455
139.733	0.0697762
139.8	0.0328137
139.867	0.0483405
139.933	0.0424315
140	0.0751194
140.067	0.0951094
140.133	0.0839829
140.2	0.0843601
140.267	0.0973095
140.333	0.106487
140.4	0.103659
140.467	0.142318
140.533	0.132512
140.6	0.154702
140.667	0.310284
140.733	0.153508
140.8	0.175698
140.867	0.187516
140.933	0.219261
141	0.225735
141.067	0.264081
141.133	0.230199
141.2	0.260686
141.267	0.299409
141.333	0.285202
141.4	0.278979
141.467	0.352401
141.533	0.314559
141.6	0.303244
141.667	0.346869
141.733	0.335932
141.8	0.375157
141.867	0.410422
141.933	0.38138
142	0.400805
142.067	0.42136
142.133	0.42048
142.2	0.428212
142.267	0.418217
142.333	0.46178
142.4	0.444305
142.467	0.444871
142.533	0.449208
142.6	0.448516
142.667	0.429721
142.733	0.444619
142.8	0.442985
142.867	0.433744
142.933	0.444682
143	0.441476
143.067	0.404576
143.133	0.43343
143.2	0.422618
143.267	0.372328
143.333	0.42312
143.4	0.398416
143.467	0.384838
143.533	0.428212
143.6	0.433995
143.667	0.425949
143.733	0.439842
143.8	0.466746
143.867	0.458637
143.933	0.464546
144	0.492582
144.067	0.428212
144.133	0.486233
144.2	0.445185
144.267	0.438144
144.333	0.491891
144.4	0.477621
144.467	0.419915
144.533	0.473598
144.6	0.450402
144.667	0.402879
144.733	0.468255
144.8	0.45298
144.867	0.408411
144.933	0.428904
145	0.417777
145.067	0.35963
145.133	0.395461
145.2	0.385089
145.267	0.33304
145.333	0.363402
145.4	0.34052
145.467	0.305381
145.533	0.318268
145.6	0.306638
145.667	0.395461
145.733	0.287277
145.8	0.266344
145.867	0.230324
145.933	0.239188
146	0.222907
146.067	0.193299
146.133	0.199271
146.2	0.188521
146.267	0.106236
146.333	0.152879
146.4	0.148919
146.467	0.0849258
146.533	0.134083
146.6	0.121951
146.667	0.118117
146.733	0.103533
146.8	0.0894518
146.867	0.076691
146.933	0.0763138
147	0.0698391
147.067	0.0596555
147.133	0.0604727
147.2	0.0534322
147.267	0.0481519
147.333	0.109882
147.4	0.029042
147.467	0.0274076
147.533	0.0240131
147.6	0.0265275
147.667	0.0803369
147.733	0.0517978
147.8	0.0318708
147.867	0.0304249
147.933	0.0397913
148	0.0404828
148.067	0.0641187
148.133	0.0441916
148.2	0.0394141
148.267	0.0418029
148.333	0.0203042
148.4	0.0605356
148.467	0.052615
148.533	0.043123
148.6	0.0389112
148.667	0.0370883
148.733	0.0520493
148.8	0.0543123
148.867	0.0551295
148.933	0.0573925
149	0.129495
149.067	0.0514207
149.133	0.0534322
149.2	0.0478376
149.267	0.0781996
149.333	0.0550666
149.4	0.053998
149.467	0.0528036
149.533	0.0593412
149.6	0.0641815
149.667	0.0561981
149.733	0.0710334
149.8	0.0680161
149.867	0.0616671
149.933	0.0553809
150	0.0633015
150.067	0.0570782
150.133	0.0708449
150.2	0.0713477
150.267	0.0556324
150.333	0.0697134
150.4	0.0651873
150.467	0.0547523
150.533	0.071222
150.6	0.0817828
150.667	0.0636158
150.733	0.0721021
150.8	0.0793312
150.867	0.0737993
150.933	0.0582097
151	0.100641
151.067	0.109693
151.133	0.118871
151.2	0.128363
151.267	0.122266
151.333	0.156085
151.4	0.165829
151.467	0.177709
151.533	0.188773
151.6	0.190973
151.667	0.201911
151.733	0.205746
151.8	0.211466
151.867	0.221901
151.933	0.224541
152	0.22957
152.067	0.232336
152.133	0.234222
152.2	0.227433
152.267	0.231896
152.333	0.243274
152.4	0.250691
152.467	0.242708
152.533	0.238371
152.6	0.238685
152.667	0.224227
152.733	0.244531
152.8	0.239691
152.867	0.226113
152.933	0.23397
153	0.245725
153.067	0.231833
153.133	0.243965
153.2	0.253395
153.267	0.218946
153.333	0.275459
153.4	0.27439
153.467	0.279733
153.533	0.31129
153.6	0.333103
153.667	0.299221
153.733	0.331028
153.8	0.319462
153.867	0.311353
153.933	0.331217
154	0.348378
154.067	0.308084
154.133	0.33524
154.2	0.333606
154.267	0.30601
154.333	0.344104
154.4	0.339829
154.467	0.313301
154.533	0.349447
154.6	0.340458
154.667	0.273196
154.733	0.338195
154.8	0.332977
154.867	0.274327
154.933	0.309404
155	0.287968
155.067	0.263578
155.133	0.269424
155.2	0.276339
155.267	0.237302
155.333	0.276465
155.4	0.256915
155.467	0.213226
155.533	0.24736
155.6	0.237616
155.667	0.279293
155.733	0.203923
155.8	0.19047
155.867	0.169349
155.933	0.175949
156	0.159039
156.067	0.147662
156.133	0.147473
156.2	0.142381
156.267	0.129495
156.333	0.135781
156.4	0.124214
156.467	0.115602
156.533	0.114094
156.6	0.108185
156.667	0.114282
156.733	0.111705
156.8	0.124843
156.867	0.125157
156.933	0.126854
157	0.127923
157.067	0.112333
157.133	0.122643
157.2	0.118557
157.267	0.10875
157.333	0.116671
157.4	0.0944808
157.467	0.0768167
157.533	0.0961152
157.6	0.0714106
157.667	0.087566
157.733	0.0853659
157.8	0.0759366
157.867	0.0952351
157.933	0.109882
158	0.11051
158.067	0.0974981
158.133	0.118557
158.2	0.119437
158.267	0.0920292
158.333	0.107556
158.4	0.115476
158.467	0.0938521
158.533	0.107556
158.6	0.104979
158.667	0.0990068
158.733	0.102087
158.8	0.110133
158.867	0.115539
158.933	0.133266
159	0.160171
159.067	0.161868
159.133	0.175195
159.2	0.186573
159.267	0.188207
159.333	0.218381
159.4	0.241137
159.467	0.218444
159.533	0.257292
159.6	0.256789
159.667	0.218192
159.733	0.224981
159.8	0.242079
159.867	0.188333
159.933	0.228879
160	0.234725
160.067	0.199334
160.133	0.208386
160.2	0.233656
160.267	0.201785
160.333	0.220392
160.4	0.222215
160.467	0.214672
160.533	0.232902
160.6	0.233845
160.667	0.283065
160.733	0.239754
160.8	0.23617
160.867	0.200591
160.933	0.215049
161	0.197134
161.067	0.167714
161.133	0.164383
161.2	0.157908
161.267	0.142821
161.333	0.131569
161.4	0.120065
161.467	0.100327
161.533	0.0983782
161.6	0.0847372
161.667	0.0727936
161.733	0.0646216
161.8	0.0527408
161.867	0.0610385
161.933	0.0448831
162	0.0363968
162.067	0.0346367
162.133	0.029482
162.2	0.0500377
162.267	0.0597812
162.333	0.0922178
162.4	0.0989439
162.467	0.105796
162.533	0.125597
162.6	0.13006
162.667	0.125157
162.733	0.144959
162.8	0.144204
162.867	0.138987
162.933	0.133203
163	0.135215
163.067	0.144707
163.133	0.169537
163.2	0.196882
163.267	0.155205
163.333	0.171235
163.4	0.199837
163.467	0.154828
163.533	0.199397
163.6	0.18695
163.667	0.162245
163.733	0.183367
163.8	0.186384
163.867	0.177521
163.933	0.185064
164	0.206563
164.067	0.154576
164.133	0.199899
164.2	0.164446
164.267	0.130815
164.333	0.150239
164.4	0.138861
164.467	0.126917
164.533	0.119185
164.6	0.109505
164.667	0.097561
164.733	0.0947322
164.8	0.0831657
164.867	0.0629872
164.933	0.0724793
165	0.077571
165.067	0.0749937
165.133	0.0849258
165.2	0.0877546
165.267	0.0846744
165.333	0.0841086
165.4	0.0749937
165.467	0.0711592
165.533	0.0834171
165.6	0.0856802
165.667	0.146907
165.733	0.0981896
165.8	0.101144
165.867	0.0902062
165.933	0.10567
166	0.107745
166.067	0.0910862
166.133	0.110762
166.2	0.114848
166.267	0.108562
166.333	0.117802
166.4	0.119688
166.467	0.102213
166.533	0.118305
166.6	0.120505
166.667	0.108059
166.733	0.119751
166.8	0.117362
166.867	0.117865
166.933	0.124466
167	0.12126
167.067	0.115979
167.133	0.131569
167.2	0.136661
167.267	0.143701
167.333	0.14477
167.4	0.163503
167.467	0.175258
167.533	0.182424
167.6	0.196316
167.667	0.203105
167.733	0.21222
167.8	0.230073
167.867	0.220832
167.933	0.225044
168	0.226113
168.067	0.221398
168.133	0.212409
168.2	0.216181
168.267	0.223661
168.333	0.224353
168.4	0.229004
168.467	0.24384
168.533	0.260812
168.6	0.262195
168.667	0.244154
168.733	0.269487
168.8	0.270556
168.867	0.254275
168.933	0.271247
169	0.306764
169.067	0.267287
169.133	0.29174
169.2	0.301798
169.267	0.295889
169.333	0.310536
169.4	0.316319
169.467	0.300855
169.533	0.314999
169.6	0.318142
169.667	0.299786
169.733	0.328765
169.8	0.351898
169.867	0.300289
169.933	0.294254
170	0.293249
170.067	0.27219
170.133	0.278791
170.2	0.262195
170.267	0.233719
170.333	0.24296
170.4	0.222844
170.467	0.179909
170.533	0.197322
170.6	0.174063
170.667	0.23529
170.733	0.153633
170.8	0.138924
170.867	0.115791
170.933	0.112333
171	0.0968066
171.067	0.0793312
171.133	0.0731707
171.2	0.0501634
171.267	0.0371511
171.333	0.032688
171.4	0.0304249
171.467	0.0268418
171.533	0.0238874
171.6	0.0688962
171.667	0.305507
171.733	0.213352
171.8	0.168217
171.867	0.116482
171.933	0.0479004
172	0.0964295
172.067	0.323234
172.133	0.183178
172.2	0.349635
172.267	0.0649987
172.333	0.428904
172.4	0.342595
172.467	0.272442
172.533	0.342972
172.6	0.37258
172.667	0.197699
172.733	0.194556
172.8	0.229696
172.867	0.238936
172.933	0.304689
173	0.222844
173.067	0.252703
173.133	0.152753
173.2	0.240822
173.267	0.450151
173.333	0.152879
173.4	0.241451
173.467	0.315376
173.533	0.462849
173.6	0.29262
173.667	0.1217
173.733	0.13861
173.8	0.179029
173.867	0.113402
173.933	0.0938521
174	0.397913
174.067	0.284574
174.133	0.320656
174.2	0.240571
174.267	0.237805
174.333	0.0577068
174.4	0.247423
174.467	0.139615
174.533	0.0670103
174.6	0.183933
174.667	0.369185
174.733	0.214672
174.8	0.262635
174.867	0.0247046
174.933	0.0170355
175	0.0315564
175.067	0.0473975
175.133	0.0559467
175.2	0.0722278
175.267	0.0849887
175.333	0.0924692
175.4	0.104664
175.467	0.114471
175.533	0.125849
175.6	0.124717
175.667	0.189527
175.733	0.150239
175.8	0.168594
175.867	0.187013
175.933	0.206248
176	0.235102
176.067	0.252326
176.133	0.311479
176.2	0.334612
176.267	0.332537
176.333	0.363591
176.4	0.40005
176.467	0.387289
176.533	0.425572
176.6	0.439024
176.667	0.441916
176.733	0.494154
176.8	0.498994
176.867	0.482462
176.933	0.521561
177	0.508612
177.067	0.501823
177.133	0.5369
177.2	0.532374
177.267	0.527345
177.333	0.567765
177.4	0.568016
177.467	0.527156
177.533	0.56481
177.6	0.571725
177.667	0.504526
177.733	0.550981
177.8	0.574302
177.867	0.513452
177.933	0.570028
178	0.568393
178.067	0.533945
178.133	0.558901
178.2	0.536837
178.267	0.499371
178.333	0.534197
178.4	0.516155
178.467	0.487553
178.533	0.502452
178.6	0.490256
178.667	0.430915
178.733	0.474101
178.8	0.448265
178.867	0.401245
178.933	0.412371
179	0.412245
179.067	0.368682
179.133	0.395021
179.2	0.385529
179.267	0.339515
179.333	0.363654
179.4	0.348692
179.467	0.317828
179.533	0.323548
179.6	0.312359
179.667	0.279105
179.733	0.28822
179.8	0.275396
179.867	0.254023
179.933	0.265338
180	0.252389
180.067	0.227998
180.133	0.234913
180.2	0.221461
180.267	0.210523
180.333	0.197636
180.4	0.173058
180.467	0.165388
180.533	0.162497
180.6	0.152628
180.667	0.342469
180.733	0.133895
180.8	0.133706
180.867	0.123334
180.933	0.121071
181	0.128866
181.067	0.133392
181.133	0.122266
181.2	0.118557
181.267	0.106173
181.333	0.116231
181.4	0.112208
181.467	0.094355
181.533	0.119374
181.6	0.117048
181.667	0.140684
181.733	0.114848
181.8	0.103281
181.867	0.105733
181.933	0.136158
182	0.119122
182.067	0.0932235
182.133	0.152313
182.2	0.142318
182.267	0.14213
182.333	0.241137
182.4	0.175321
182.467	0.14917
182.533	0.178652
182.6	0.202917
182.667	0.171926
182.733	0.155582
182.8	0.180538
182.867	0.208763
182.933	0.187201
183	0.187264
183.067	0.173875
183.133	0.201722
183.2	0.212975
183.267	0.203483
183.333	0.202225
183.4	0.22253
183.467	0.227873
183.533	0.220895
183.6	0.230199
183.667	0.225735
183.733	0.241262
183.8	0.231707
183.867	0.240005
183.933	0.244154
184	0.283379
184.067	0.254652
184.133	0.239691
184.2	0.23397
184.267	0.250817
184.333	0.234725
184.4	0.239565
184.467	0.241451
184.533	0.23529
184.6	0.238622
184.667	0.254966
184.733	0.255846
184.8	0.259052
184.867	0.269927
184.933	0.260309
185	0.26735
185.067	0.196316
185.133	0.279105
185.2	0.262447
185.267	0.224793
185.333	0.269236
185.4	0.272379
185.467	0.261001
185.533	0.293186
185.6	0.278413
185.667	0.361076
185.733	0.289226
185.8	0.2957
185.867	0.289603
185.933	0.298843
186	0.283568
186.067	0.288471
186.133	0.301986
186.2	0.277785
186.267	0.24956
186.333	0.28558
186.4	0.301798
186.467	0.073045
186.533	0.207757
186.6	0.215929
186.667	0.324679
186.733	0.246228
186.8	0.151182
186.867	0.153633
186.933	0.145399
187	0.193488
187.067	0.0824114
187.133	0.151245
187.2	0.151182
187.267	0.0554438
187.333	0.212157
187.4	0.104099
187.467	0.056261
187.533	0.0951094
187.6	0.0900176
187.667	0.0874403
187.733	0.155016
187.8	0.131946
187.867	0.0723535
187.933	0.136346
188	0.0769424
188.067	0.075308
188.133	0.120757
188.2	0.0641815
188.267	0.107933
188.333	0.0677018
188.4	0.0986925
188.467	0.128992
188.533	0.0927835
188.6	0.131946
188.667	0.187704
188.733	0.299786
188.8	0.0894518
188.867	0.068959
188.933	0.179532
189	0.462032
189.067	0.0719764
189.133	0.199082
189.2	0.137729
189.267	0.16124
189.333	0.106613
189.4	0.0987553
189.467	0.139678
189.533	0.111705
189.6	0.0781368
189.667	0.0451345
189.733	0.0859945
189.8	0.100767
189.867	0.132135
189.933	0.069399
190	0.0649359
190.067	0.0670732
190.133	0.0832286
190.2	0.0743651
190.267	0.0792054
190.333	0.0898919
190.4	0.109127
190.467	0.0907091
190.533	0.0776968
190.6	0.0818456
190.667	0.16872
190.733	0.0653131
190.8	0.163314
190.867	0.0941036
190.933	0.111893
191	0.14961
191.067	0.124906
191.133	0.157971
191.2	0.142381
191.267	0.154953
191.333	0.110762
191.4	0.114596
191.467	0.118557
191.533	0.114156
191.6	0.0796455
191.667	0.078954
191.733	0.0904576
191.8	0.0736108
191.867	0.0593412
191.933	0.0631129
192	0.0788283
192.067	0.0788911
192.133	0.0817828
192.2	0.0860573
192.267	0.113528
192.333	0.174755
192.4	0.12082
192.467	0.130815
192.533	0.112962
192.6	0.129306
192.667	0.168594
192.733	0.13993
192.8	0.127546
192.867	0.106739
192.933	0.122517
193	0.099824
193.067	0.0922806
193.133	0.0999497
193.2	0.128426
193.267	0.124591
193.333	0.146656
193.4	0.124151
193.467	0.0996354
193.533	0.137918
193.6	0.115728
193.667	0.0791426
193.733	0.124717
193.8	0.114974
193.867	0.117425
193.933	0.158537
194	0.289226
194.067	0.136661
194.133	0.114408
194.2	0.106927
194.267	0.137729
194.333	0.127232
194.4	0.133832
194.467	0.146216
194.533	0.154828
194.6	0.14477
194.667	0.128803
194.733	0.150553
194.8	0.0919663
194.867	0.138861
194.933	0.121888
195	0.154702
195.067	0.0932235
195.133	0.128489
195.2	0.149987
195.267	0.0836057
195.333	0.124591
195.4	0.102464
195.467	0.0653759
195.533	0.113716
195.6	0.0911491
195.667	0.121637
195.733	0.140873
195.8	0.155268
195.867	0.128677
195.933	0.112271
196	0.0903319
196.067	0.10655
196.133	0.0930978
196.2	0.0911491
196.267	0.107493
196.333	0.103847
196.4	0.0920292
196.467	0.0930978
196.533	0.125346
196.6	0.128363
196.667	0.14917
196.733	0.141061
196.8	0.157028
196.867	0.163503
196.933	0.183555
197	0.138924
197.067	0.187956
197.133	0.183618
197.2	0.16828
197.267	0.224478
197.333	0.352087
197.4	0.161365
197.467	0.212472
197.533	0.189842
197.6	0.195436
197.667	0.247674
197.733	0.190659
197.8	0.2478
197.867	0.219952
197.933	0.192796
198	0.208763
198.067	0.264458
198.133	0.247423
198.2	0.238811
198.267	0.361265
198.333	0.228816
198.4	0.246165
198.467	0.297649
198.533	0.226616
198.6	0.232399
198.667	0.208763
198.733	0.270116
198.8	0.299975
198.867	0.213415
198.933	0.23441
199	0.447574
199.067	0.344418
199.133	0.242142
199.2	0.319399
199.267	0.294757
199.333	0.31041
199.4	0.320091
199.467	0.330463
199.533	0.344984
199.6	0.353407
199.667	0.290608
199.733	0.336057
199.8	0.364911
199.867	0.327068
199.933	0.368242
200	0.350453
200.067	0.363779
200.133	0.374906
200.2	0.398982
200.267	0.414571
200.333	0.408914
200.4	0.413125
200.467	0.450779
200.533	0.447322
200.6	0.422052
200.667	0.518733
200.733	0.412183
200.8	0.415514
200.867	0.515338
200.933	0.442419
201	0.452288
201.067	0.487239
201.133	0.396781
201.2	0.467312
201.267	0.399673
201.333	0.391878
201.4	0.428652
201.467	0.416771
201.533	0.343978
201.6	0.288094
201.667	0.338823
201.733	0.349447
201.8	0.313301
201.867	0.36774
201.933	0.274013
202	0.310661
202.067	0.408977
202.133	0.272002
202.2	0.263767
202.267	0.306638
202.333	0.470707
202.4	0.33436
202.467	0.284762
202.533	0.295512
202.6	0.334989
202.667	0.315564
202.733	0.304438
202.8	0.372328
202.867	0.241262
202.933	0.342532
203	0.272882
203.067	0.281808
203.133	0.29878
203.2	0.290734
203.267	0.243588
203.333	0.283317
203.4	0.331154
203.467	0.217752
203.533	0.305318
203.6	0.245851
203.667	0.206751
203.733	0.200025
203.8	0.182487
203.867	0.230073
203.933	0.195625
204	0.225044
204.067	0.25044
204.133	0.139175
204.2	0.219764
204.267	0.230702
204.333	0.254526
204.4	0.192545
204.467	0.304564
204.533	0.22957
204.6	0.279671
204.667	0.214232
204.733	0.29746
204.8	0.305004
204.867	0.304249
204.933	0.290546
205	0.303495
205.067	0.305318
205.133	0.30601
205.2	0.258423
205.267	0.23265
205.333	0.279545
205.4	0.221272
205.467	0.228124
205.533	0.25132
205.6	0.232902
205.667	0.417086
205.733	0.258361
205.8	0.262384
205.867	0.227433
205.933	0.275207
206	0.256538
206.067	0.321976
206.133	0.272253
206.2	0.243965
206.267	0.302049
206.333	0.261001
206.4	0.240571
206.467	0.239125
206.533	0.304752
206.6	0.257292
206.667	0.289728
206.733	0.278036
206.8	0.256915
206.867	0.203357
206.933	0.235856
207	0.27263
207.067	0.305884
207.133	0.128489
207.2	0.170857
207.267	0.240068
207.333	0.398164
207.4	0.202917
207.467	0.217563
207.533	0.172115
207.6	0.138735
207.667	0.151433
207.733	0.190973
207.8	0.188459
207.867	0.229067
207.933	0.161743
208	0.147662
208.067	0.146467
208.133	0.161617
208.2	0.177709
208.267	0.293186
208.333	0.17136
208.4	0.156588
208.467	0.233216
208.533	0.16124
208.6	0.21354
208.667	0.203105
208.733	0.19179
208.8	0.101898
208.867	0.121888
208.933	0.169349
209	0.184687
209.067	0.150365
209.133	0.132701
209.2	0.159165
209.267	0.106676
209.333	0.1239
209.4	0.136284
209.467	0.104224
209.533	0.114848
209.6	0.124969
209.667	0.0751194
209.733	0.127357
209.8	0.149045
209.867	0.18035
209.933	0.130186
210	0.157971
210.067	0.138421
210.133	0.135026
210.2	0.137101
210.267	0.143198
210.333	0.129557
210.4	0.108247
210.467	0.18915
210.533	0.168594
210.6	0.135341
210.667	0.461152
210.733	0.0665074
210.8	0.0655645
210.867	0.158851
210.933	0.132009
211	0.0890118
211.067	0.0926578
211.133	0.0423058
211.2	0.0397913
211.267	0.128803
211.333	0.0540608
211.4	0.117551
211.467	0.169349
211.533	0.183304
211.6	0.13226
211.667	0.089829
211.733	0.160171
211.8	0.154828
211.867	0.0771939
211.933	0.164383
212	0.204803
212.067	0.0858687
212.133	0.136221
212.2	0.136221
212.267	0.104664
212.333	0.150113
212.4	0.207757
212.467	0.187704
212.533	0.10611
212.6	0.24384
212.667	0.154451
212.733	0.101836
212.8	0.124403
212.867	0.0859316
212.933	0.193865
213	0.0519236
213.067	0.0372768
213.133	0.176138
213.2	0.171989
213.267	0.167589
213.333	0.228187
213.4	0.103407
213.467	0.159542
213.533	0.107305
213.6	0.198894
213.667	0.164697
213.733	0.249309
213.8	0.180224
213.867	0.127923
213.933	0.0881318
214	0.43475
214.067	0.324114
214.133	0.299598
214.2	0.240571
214.267	0.247548
214.333	0.110448
214.4	0.195876
214.467	0.272127
214.533	0.270367
214.6	0.109065
214.667	0.0566382
214.733	0.0527408
214.8	0.0324365
214.867	0.0879432
214.933	0.0587755
215	0.0702791
215.067	0.0606613
215.133	0.0615414
215.2	0.0605984
215.267	0.0840458
215.333	0.0645587
215.4	0.0955494
215.467	0.0621071
215.533	0.0827885
215.6	0.0714106
215.667	0.288094
215.733	0.279356
215.8	0.126603
215.867	0.0720392
215.933	0.087126
216	0.114722
216.067	0.063993
216.133	0.073045
216.2	0.0450088
216.267	0.0974353
216.333	0.0721649
216.4	0.0695876
216.467	0.127106
216.533	0.102716
216.6	0.0737993
216.667	0.108499
216.733	0.132826
216.8	0.0812799
216.867	0.0420543
216.933	0.0704677
217	0.0652502
217.067	0.111265
217.133	0.0339452
217.2	0.0704677
217.267	0.0218129
217.333	0.301169
217.4	0.0215615
217.467	0.0573925
217.533	0.0113151
217.6	0.0207443
217.667	0.0265904
217.733	0.0561353
217.8	0.110573
217.867	0.0617299
217.933	0.0260875
218	0.0575182
218.067	0.0983782
218.133	0.0411743
218.2	0.0892004
218.267	0.0498491
218.333	0.0627986
218.4	0.101898
218.467	0.074428
218.533	0.111453
218.6	0.0884461
218.667	0.053998
218.733	0.0448202
218.8	0.0373397
218.867	0.0897033
218.933	0.120568
219	0.32952
219.067	0.137667
219.133	0.0361453
219.2	0.0302992
219.267	0.0231959
219.333	0.0229444
219.4	0.0822856
219.467	0.0626729
219.533	0.0214358
219.6	0.0353281
219.667	0.0253332
219.733	0.0875031
219.8	0.0282877
219.867	0.0688333
219.933	0.0433115
220	0.06217
220.067	0.0528036
220.133	0.0829771
220.2	0.0868117
220.267	0.0881946
220.333	0.053558
220.4	0.102904
220.467	0.0463918
220.533	0.0709077
220.6	0.0729193
220.667	0.351521
220.733	0.0495348
220.8	0.102464
220.867	0.08348
220.933	0.0936636
221	0.0825371
221.067	0.125409
221.133	0.12522
221.2	0.109568
221.267	0.104853
221.333	0.0887604
221.4	0.0886346
221.467	0.0875031
221.533	0.098001
221.6	0.126792
221.667	0.116671
221.733	0.124026
221.8	0.113465
221.867	0.0661931
221.933	0.0947322
222	0.10215
222.067	0.136724
222.133	0.146153
222.2	0.12258
222.267	0.138861
222.333	0.188899
222.4	0.0827885
222.467	0.139364
222.533	0.12874
222.6	0.164886
222.667	0.105796
222.733	0.10743
222.8	0.115539
222.867	0.102213
222.933	0.102401
223	0.0959894
223.067	0.208386
223.133	0.133266
223.2	0.11862
223.267	0.167714
223.333	0.0680161
223.4	0.10391
223.467	0.103659
223.533	0.103219
223.6	0.124529
223.667	0.148227
223.733	0.166583
223.8	0.138798
223.867	0.137101
223.933	0.102401
224	0.165577
224.067	0.129935
224.133	0.133015
224.2	0.107745
224.267	0.0945436
224.333	0.0873146
224.4	0.0766281
224.467	0.0946065
224.533	0.0856802
224.6	0.0700905
224.667	0.131443
224.733	0.0856802
224.8	0.0860573
224.867	0.0600327
224.933	0.0777596
225	0.0660674
225.067	0.0720392
225.133	0.0528665
225.2	0.0647473
225.267	0.0973724
225.333	0.0626729
225.4	0.0633015
225.467	0.0652502
225.533	0.0724164
225.6	0.0820971
225.667	0.181858
225.733	0.18959
225.8	0.127609
225.867	0.112711
225.933	0.120568
226	0.0824742
226.067	0.0521121
226.133	0.16652
226.2	0.0910234
226.267	0.0739251
226.333	0.0440659
226.4	0.025396
226.467	0.0714735
226.533	0.0701534
226.6	0.0429344
226.667	0.0981896
226.733	0.0577068
226.8	0.0517978
226.867	0.0971209
226.933	0.0479633
227	0.0426829
227.067	0.0776339
227.133	0.049912
227.2	0.0463918
227.267	0.0538094
227.333	0.276402
227.4	0.349258
227.467	0.214483
227.533	0.140998
227.6	0.175509
227.667	0.105482
227.733	0.193739
227.8	0.136032
227.867	0.12874
227.933	0.18695
228	0.162623
228.067	0.156776
228.133	0.0695876
228.2	0.194116
228.267	0.235793
228.333	0.121763
228.4	0.160422
228.467	0.198894
228.533	0.0919034
228.6	0.0712849
228.667	0.217752
228.733	0.221021
228.8	0.0602841
228.867	0.204237
228.933	0.175761
229	0.342784
229.067	0.168594
229.133	0.238811
229.2	0.200779
229.267	0.0806512
229.333	0.0971209
229.4	0.220141
229.467	0.218192
229.533	0.259052
229.6	0.0752452
229.667	0.0928464
229.733	0.0406085
229.8	0.0506663
229.867	0.0646216
229.933	0.0594041
230	0.0195499
230.067	0.115099
230.133	0.0293563
230.2	0.0367111
230.267	0.0864974
230.333	0.0859316
230.4	0.160422
230.467	0.128112
230.533	0.161994
230.6	0.13006
230.667	0.230513
230.733	0.0989439
230.8	0.105356
230.867	0.104727
230.933	0.130375
231	0.098001
231.067	0.0693362
231.133	0.0842343
231.2	0.093035
231.267	0.0463918
231.333	0.124214
231.4	0.16784
231.467	0.0826628
231.533	0.0675761
231.6	0.137729
231.667	0.0655016
231.733	0.0408599
231.8	0.0512321
231.867	0.0778853
231.933	0.00917777
232	0.00741765
232.067	0.0312421
232.133	0.032688
232.2	0.00647473
232.267	0.0111265
232.333	0.171046
232.4	0.111453
232.467	0.136787
232.533	0.0170355
232.6	0.0198642
232.667	0.0516721
232.733	0.0184184
232.8	0.0740508
232.867	0.234159
232.933	0.225484
233	0.208323
233.067	0.2891
233.133	0.220707
233.2	0.0673246
233.267	0.0765653
233.333	0.114345
233.4	0.115351
233.467	0.189276
233.533	0.0191727
233.6	0.0236988
233.667	0.0339452
233.733	0.023133
233.8	0.0177898
233.867	0.0383455
233.933	0.0556324
234	0.322416
234.067	0.177144
234.133	0.22253
234.2	0.11007
234.267	0.122706
234.333	0.159857
234.4	0.196505
234.467	0.153382
234.533	0.104161
234.6	0.153759
234.667	0.152439
234.733	0.179972
234.8	0.251194
234.867	0.225107
234.933	0.122203
235	0.154765
235.067	0.230827
235.133	0.0453231
235.2	0.0543752
235.267	0.089389
235.333	0.0822856
235.4	0.0985039
235.467	0.113025
235.533	0.240508
235.6	0.074868
235.667	0.365351
235.733	0.208574
235.8	0.183681
235.867	0.0993211
235.933	0.252263
236	0.180475
236.067	0.104979
236.133	0.172115
236.2	0.0613528
236.267	0.16916
236.333	0.201848
236.4	0.0429344
236.467	0.20386
236.533	0.0880689
236.6	0.0765653
236.667	0.0863716
236.733	0.150176
236.8	0.0746794
236.867	0.182864
236.933	0.075308
237	0.10303
237.067	0.0871888
237.133	0.0934121
237.2	0.130312
237.267	0.175949
237.333	0.318582
237.4	0.283505
237.467	0.212723
237.533	0.204237
237.6	0.213415
237.667	0.195185
237.733	0.246103
237.8	0.155205
237.867	0.0758738
237.933	0.400239
238	0.275459
238.067	0.306827
238.133	0.211592
238.2	0.358122
238.267	0.160171
238.333	0.0800226
238.4	0.213477
238.467	0.162497
238.533	0.186133
238.6	0.205243
238.667	0.112208
238.733	0.1195
238.8	0.0322479
238.867	0.0563239
238.933	0.0233216
239	0.0341966
239.067	0.0299849
239.133	0.00565753
239.2	0.0421172
239.267	0.022253
239.333	0.0524265
239.4	0.0524893
239.467	0.0688962
239.533	0.136095
239.6	0.241325
239.667	0.196128
239.733	0.0377797
239.8	0.168909
239.867	0.180035
239.933	0.215741
240	0.039917
240.067	0.0674503
240.133	0.0885089
240.2	0.162623
240.267	0.0794569
240.333	0.131443
240.4	0.184436
240.467	0.0719135
240.533	0.106173
240.6	0.192419
240.667	0.075308
240.733	0.0654388
240.8	0.0678275
240.867	0.0802741
240.933	0.044003
241	0.0528665
241.067	0.104916
241.133	0.0885718
241.2	0.0667589
241.267	0.196631
241.333	0.101333
241.4	0.185693
241.467	0.0932864
241.533	0.0937893
241.6	0.0712849
241.667	0.107053
241.733	0.12214
241.8	0.0925321
241.867	0.0485919
241.933	0.11139
242	0.107556
242.067	0.0870003
242.133	0.0675761
242.2	0.0746165
242.267	0.0609756
242.333	0.064433
242.4	0.0629243
242.467	0.0619814
242.533	0.0579583
242.6	0.0737993
242.667	0.0693362
242.733	0.0579583
242.8	0.0533065
242.867	0.047649
242.933	0.232462
243	0.0546266
243.067	0.0565124
243.133	0.0400427
243.2	0.112962
243.267	0.0783882
243.333	0.0672618
243.4	0.0828514
243.467	0.0481519
243.533	0.103784
243.6	0.0628615
243.667	0.0784511
243.733	0.0487176
243.8	0.0443173
243.867	0.0423058
243.933	0.0551295
244	0.0542494
244.067	0.0374026
244.133	0.0446945
244.2	0.0500377
244.267	0.0389741
244.333	0.0443173
244.4	0.0433744
244.467	0.050352
244.533	0.04218
244.6	0.160171
244.667	0.0656274
244.733	0.0656902
244.8	0.0537465
244.867	0.0751194
244.933	0.0438773
245	0.044003
245.067	0.0495348
245.133	0.0406085
245.2	0.0370254
245.267	0.0546895
245.333	0.0490319
245.4	0.0502263
245.467	0.0526779
245.533	0.0465175
245.6	0.109693
245.667	0.06261
245.733	0.0479004
245.8	0.10347
245.867	0.0651873
245.933	0.0484033
246	0.0624843
246.067	0.0678904
246.133	0.0491577
246.2	0.032688
246.267	0.285202
246.333	0.0665074
246.4	0.0246417
246.467	0.0427458
246.533	0.0429344
246.6	0.0758109
246.667	0.08392
246.733	0.066696
246.8	0.0341966
246.867	0.0409228
246.933	0.0927206
247	0.114596
247.067	0.0704048
247.133	0.0705306
247.2	0.0803369
247.267	0.114094
247.333	0.108373
247.4	0.128992
247.467	0.0888232
247.533	0.0627986
247.6	0.0823485
247.667	0.0842343
247.733	0.0988811
247.8	0.0524893
247.867	0.0765024
247.933	0.348315
248	0.128489
248.067	0.0993211
248.133	0.100138
248.2	0.110133
248.267	0.128175
248.333	0.114722
248.4	0.103156
248.467	0.105482
248.533	0.100955
248.6	0.11818
248.667	0.121825
248.733	0.128929
248.8	0.0870631
248.867	0.154765
248.933	0.113276
249	0.12962
249.067	0.132952
249.133	0.0936636
249.2	0.0903948
249.267	0.107116
249.333	0.116294
249.4	0.0695876
249.467	0.0834171
249.533	0.0983782
249.6	0.275647
249.667	0.0783254
249.733	0.0768167
249.8	0.243148
249.867	0.130626
249.933	0.113591
250	0.0786397
250.067	0.136032
250.133	0.0756223
250.2	0.0716621
250.267	0.0821599
250.333	0.117048
250.4	0.132575
250.467	0.0340709
250.533	0.0560724
250.6	0.0653759
250.667	0.151936
250.733	0.0343852
250.8	0.022693
250.867	0.077131
250.933	0.031305
251	0.0289791
251.067	0.0531808
251.133	0.0348881
251.2	0.0494091
251.267	0.199334
251.333	0.0330023
251.4	0.0497863
251.467	0.0382826
251.533	0.0731079
251.6	0.0673875
251.667	0.0490319
251.733	0.0457631
251.8	0.0393513
251.867	0.0224415
251.933	0.0277848
252	0.0428086
252.067	0.0370883
252.133	0.0575811
252.2	0.099384
252.267	0.15181
252.333	0.0746165
252.4	0.0958637
252.467	0.0824742
252.533	0.0996983
252.6	0.08348
252.667	0.0761881
252.733	0.0766281
252.8	0.0812799
252.867	0.0666331
252.933	0.354539
253	0.185756
253.067	0.0963666
253.133	0.15093
253.2	0.152942
253.267	0.112396
253.333	0.154199
253.4	0.0892633
253.467	0.0968695
253.533	0.134209
253.6	0.137792
253.667	0.16124
253.733	0.138044
253.8	0.033128
253.867	0.15049
253.933	0.138295
254	0.0638672
254.067	0.124089
254.133	0.103721
254.2	0.0616671
254.267	0.114282
254.333	0.203231
254.4	0.261315
254.467	0.0805884
254.533	0.0303621
254.6	0.334171
254.667	0.084863
254.733	0.133832
254.8	0.0324365
254.867	0.0660674
254.933	0.0259618
255	0.0942922
255.067	0.0622328
255.133	0.0292934
255.2	0.125094
255.267	0.0415514
255.333	0.0362711
255.4	0.0734222
255.467	0.027659
255.533	0.0604099
255.6	0.0570782
255.667	0.0870003
255.733	0.0321851
255.8	0.106802
255.867	0.0314307
255.933	0.0250817
256	0.0219386
256.067	0.0227558
256.133	0.0243902
256.2	0.0297335
256.267	0.26911
256.333	0.0887604
256.4	0.151622
256.467	0.0620443
256.533	0.0829771
256.6	0.0825999
256.667	0.0690219
256.733	0.0547523
256.8	0.144959
256.867	0.0346367
256.933	0.0742394
257	0.111579
257.067	0.0873774
257.133	0.0886346
257.2	0.159542
257.267	0.0685818
257.333	0.0597184
257.4	0.0979381
257.467	0.0692105
257.533	0.0445059
257.6	0.0252074
257.667	0.0523636
257.733	0.112459
257.8	0.0164068
257.867	0.0215615
257.933	0.2109
258	0.0189213
258.067	0.0275333
258.133	0.236296
258.2	0.129306
258.267	0.185253
258.333	0.161177
258.4	0.185756
258.467	0.116231
258.533	0.0624843
258.6	0.076691
258.667	0.0846115
258.733	0.0956751
258.8	0.0983153
258.867	0.0365854
258.933	0.0636787
259	0.195185
259.067	0.0976867
259.133	0.1217
259.2	0.138358
259.267	0.157657
259.333	0.11774
259.4	0.112208
259.467	0.0663817
259.533	0.0240759
259.6	0.0771939
259.667	0.0520493
259.733	0.0511064
259.8	0.0311164
259.867	0.0409857
259.933	0.0573925
260	0.0567639
260.067	0.0264647
260.133	0.0574554
260.2	0.038094
260.267	0.0403571
260.333	0.052175
260.4	0.0339452
260.467	0.0624214
260.533	0.0665074
260.6	0.20474
260.667	0.0502263
260.733	0.0988811
260.8	0.148667
260.867	0.156965
260.933	0.089389
261	0.195059
261.067	0.103847
261.133	0.097561
261.2	0.064873
261.267	0.297838
261.333	0.0454488
261.4	0.0323736
261.467	0.0757481
261.533	0.0555067
261.6	0.054438
261.667	0.0516093
261.733	0.0467689
261.8	0.0385969
261.867	0.0475861
261.933	0.0409228
262	0.0285391
262.067	0.0448202
262.133	0.0541866
262.2	0.0440659
262.267	0.0392255
262.333	0.0557581
262.4	0.0255218
262.467	0.0409857
262.533	0.036774
262.6	0.0292306
262.667	0.0566382
262.733	0.0624843
262.8	0.0405456
262.867	0.0195499
262.933	0.183053
263	0.0282877
263.067	0.0446316
263.133	0.0849887
263.2	0.119311
263.267	0.157845
263.333	0.145147
263.4	0.0582097
263.467	0.085743
263.533	0.0795197
263.6	0.0274076
263.667	0.0334423
263.733	0.0517978
263.8	0.0531179
263.867	0.024956
263.933	0.0309907
264	0.0338195
264.067	0.00974353
264.133	0.0218758
264.2	0.0274076
264.267	0.0254589
264.333	0.0238874
264.4	0.0138295
264.467	0.028602
264.533	0.0145839
264.6	0.243462
264.667	0.323171
264.733	0.184247
264.8	0.354476
264.867	0.220455
264.933	0.0758738
265	0.0999497
265.067	0.0307393
265.133	0.0329394
265.2	0.00854916
265.267	0.0118808
265.333	0.0274076
265.4	0.029482
265.467	0.0260246
265.533	0.0300478
265.6	0.0509806
265.667	0.0516093
265.733	0.0236988
265.8	0.0470204
265.867	0.0315564
265.933	0.0506663
266	0.0214986
266.067	0.0209329
266.133	0.0134524
266.2	0.0179784
266.267	0.277408
266.333	0.220267
266.4	0.0974353
266.467	0.0890747
266.533	0.0968066
266.6	0.239816
266.667	0.303621
266.733	0.0433115
266.8	0.0352653
266.867	0.0346995
266.933	0.0248931
267	0.0209329
267.067	0.0253332
267.133	0.105293
267.2	0.175321
267.267	0.245725
267.333	0.212409
267.4	0.0360196
267.467	0.034951
267.533	0.0596555
267.6	0.0589012
267.667	0.0447574
267.733	0.0516721
267.8	0.00986925
267.867	0.0155896
267.933	0.0247674
268	0.0182298
268.067	0.0214986
268.133	0.0314936
268.2	0.0297335
268.267	0.0279733
268.333	0.0268418
268.4	0.111453
268.467	0.016344
268.533	0.0378426
268.6	0.0423058
268.667	0.0368997
268.733	0.0220015
268.8	0.029482
268.867	0.0245788
268.933	0.0348881
269	0.0295449
269.067	0.0372768
269.133	0.0341966
269.2	0.0374654
269.267	0.0257732
269.333	0.0419286
269.4	0.0582097
269.467	0.02131
269.533	0.0211843
269.6	0.184938
269.667	0.0197385
269.733	0.0870003
269.8	0.0818456
269.867	0.117299
269.933	0.172052
270	0.122831
270.067	0.0878175
270.133	0.116294
270.2	0.142633
270.267	0.170795
270.333	0.18651
270.4	0.104916
270.467	0.154953
270.533	0.0454488
270.6	0.177144
270.667	0.0395399
270.733	0.0435001
270.8	0.0289791
270.867	0.029042
270.933	0.0216243
271	0.0141438
271.067	0.0334423
271.133	0.00955494
271.2	0.0133266
271.267	0.196002
271.333	0.0257103
271.4	0.0631129
271.467	0.0513578
271.533	0.0184184
271.6	0.0409228
271.667	0.0470832
271.733	0.114156
271.8	0.0820971
271.867	0.0561981
271.933	0.0964923
272	0.0241388
272.067	0.04174
272.133	0.0775082
272.2	0.0451345
272.267	0.0084863
272.333	0.0103093
272.4	0.0157782
272.467	0.0214358
272.533	0.0512321
272.6	0.0147724
272.667	0.0402313
272.733	0.0116922
272.8	0.0265904
272.867	0.0781368
272.933	0.0795826
273	0.043123
273.067	0.255218
273.133	0.27439
273.2	0.117174
273.267	0.119437
273.333	0.200025
273.4	0.198391
273.467	0.108813
273.533	0.158725
273.6	0.0631129
273.667	0.0878803
273.733	0.0862459
273.8	0.144959
273.867	0.112899
273.933	0.0893261
274	0.0323108
274.067	0.162748
274.133	0.126414
274.2	0.0487805
274.267	0.0113779
274.333	0.0577697
274.4	0.0473347
274.467	0.0452602
274.533	0.0325622
274.6	0.0848001
274.667	0.0173498
274.733	0.0044003
274.8	0.0534322
274.867	0.0378426
274.933	0.0876917
275	0.0495348
275.067	0.0185441
275.133	0.0223787
275.2	0.0154639
275.267	0.0154639
275.333	0.0309278
275.4	0.0182298
275.467	0.0888861
275.533	0.112773
275.6	0.0808398
275.667	0.0111265
275.733	0.197259
275.8	0.0624214
275.867	0.281934
275.933	0.111768
276	0.26867
276.067	0.274642
276.133	0.230764
276.2	0.319022
276.267	0.256223
276.333	0.231896
276.4	0.292306
276.467	0.291803
276.533	0.250754
276.6	0.251634
276.667	0.237931
276.733	0.245097
276.8	0.283694
276.867	0.241388
276.933	0.232084
277	0.301358
277.067	0.255658
277.133	0.238182
277.2	0.181104
277.267	0.228061
277.333	0.0534322
277.4	0.255343
277.467	0.221524
277.533	0.0878175
277.6	0.225233
277.667	0.239754
277.733	0.158788
277.8	0.334926
277.867	0.292431
277.933	0.16872
278	0.33392
278.067	0.242457
278.133	0.235982
278.2	0.244908
278.267	0.214106
278.333	0.228627
278.4	0.204677
278.467	0.247171
278.533	0.222341
278.6	0.210523
278.667	0.235479
278.733	0.180287
278.8	0.195625
278.867	0.220895
278.933	0.174378
279	0.222215
279.067	0.222341
279.133	0.261755
279.2	0.170355
279.267	0.254212
279.333	0.178149
279.4	0.26383
279.467	0.278916
279.533	0.174063
279.6	0.202728
279.667	0.277596
279.733	0.241137
279.8	0.278791
279.867	0.257858
279.933	0.182738
280	0.335429
280.067	0.373586
280.133	0.350893
280.2	0.324994
280.267	0.422366
280.333	0.244028
280.4	0.440722
280.467	0.497046
280.533	0.48265
280.6	0.624717
280.667	0.538723
280.733	0.507418
280.8	0.662183
280.867	0.622894
280.933	0.420543
281	0.633266
281.067	0.706877
281.133	0.336937
281.2	0.678715
281.267	0.788786
281.333	0.33612
281.4	0.746983
281.467	0.77219
281.533	0.391815
281.6	0.756475
281.667	0.780802
281.733	0.593286
281.8	0.767098
281.867	0.745788
281.933	0.58964
282	0.751132
282.067	0.774579
282.133	0.365162
282.2	0.783568
282.267	0.763327
282.333	0.624843
282.4	0.788786
282.467	0.549409
282.533	0.65225
282.6	0.818079
282.667	0.817828
282.733	0.585492
282.8	0.813113
282.867	0.736359
282.933	0.71134
283	0.837252
283.067	0.634461
283.133	0.709203
283.2	0.852778
283.267	0.825119
283.333	0.720015
283.4	0.835052
283.467	0.803621
283.533	0.704363
283.6	0.908537
283.667	0.827948
283.733	0.753457
283.8	0.925886
283.867	0.928967
283.933	0.741954
284	0.912937
284.067	0.91036
284.133	0.735353
284.2	0.942796
284.267	0.922555
284.333	0.726867
284.4	0.937013
284.467	0.933115
284.533	0.759303
284.6	0.928715
284.667	0.921486
284.733	0.693362
284.8	0.905708
284.867	0.893827
284.933	0.7935
285	0.948516
285.067	0.945122
285.133	0.743211
285.2	0.939024
285.267	0.93343
285.333	0.813176
285.4	0.955494
285.467	0.939213
285.533	0.876917
285.6	0.954111
285.667	0.939653
285.733	0.881569
285.8	0.9631
285.867	0.957506
285.933	0.896216
286	0.960586
286.067	0.96486
286.133	0.747297
286.2	0.948579
286.267	0.947636
286.333	0.820405
286.4	0.966809
286.467	0.932047
286.533	0.859505
286.6	0.966181
286.667	0.911428
286.733	0.92224
286.8	0.966746
286.867	0.970518
286.933	0.870003
287	0.966306
287.067	0.93387
287.133	0.882701
287.2	0.960334
287.267	0.948831
287.333	0.888232
287.4	0.967438
287.467	0.93783
287.533	0.886284
287.6	0.963415
287.667	0.934561
287.733	0.810536
287.8	0.948894
287.867	0.95122
287.933	0.906714
288	0.923623
288.067	0.946002
288.133	0.881695
288.2	0.931418
288.267	0.88138
288.333	0.900616
288.4	0.916331
288.467	0.908977
288.533	0.855167
288.6	0.933995
288.667	0.910737
288.733	0.881255
288.8	0.936133
288.867	0.943739
288.933	0.886975
289	0.929972
289.067	0.927835
289.133	0.749246
289.2	0.910171
289.267	0.908851
289.333	0.845864
289.4	0.896279
289.467	0.930475
289.533	0.83832
289.6	0.892004
289.667	0.934687
289.733	0.845361
289.8	0.934058
289.867	0.91564
289.933	0.870568
290	0.936196
290.067	0.924441
290.133	0.895901
290.2	0.944745
290.267	0.938396
290.333	0.900176
290.4	0.926892
290.467	0.943299
290.533	0.709392
290.6	0.948642
290.667	0.931355
290.733	0.880123
290.8	0.915263
290.867	0.883958
290.933	0.828325
291	0.934813
291.067	0.900867
291.133	0.796077
291.2	0.939904
291.267	0.945688
291.333	0.867425
291.4	0.951785
291.467	0.933807
291.533	0.746354
291.6	0.932864
291.667	0.9543
291.733	0.863779
291.8	0.933744
291.867	0.916269
291.933	0.889992
292	0.933241
292.067	0.955746
292.133	0.845235
292.2	0.94003
292.267	0.951282
292.333	0.879306
292.4	0.907531
292.467	0.904639
292.533	0.826125
292.6	0.904199
292.667	0.930664
292.733	0.860636
292.8	0.938144
292.867	0.918532
292.933	0.880438
293	0.903005
293.067	0.92048
293.133	0.829645
293.2	0.89961
293.267	0.878677
293.333	0.808084
293.4	0.876352
293.467	0.857996
293.533	0.80557
293.6	0.859882
293.667	0.873146
293.733	0.840018
293.8	0.872203
293.867	0.872014
293.933	0.797523
294	0.87566
294.067	0.87038
294.133	0.792746
294.2	0.866922
294.267	0.87698
294.333	0.730262
294.4	0.868745
294.467	0.875911
294.533	0.815376
294.6	0.874026
294.667	0.863213
294.733	0.853973
294.8	0.877483
294.867	0.887227
294.933	0.836497
295	0.898667
295.067	0.894078
295.133	0.792306
295.2	0.899296
295.267	0.87874
295.333	0.859568
295.4	0.901056
295.467	0.899422
295.533	0.869688
295.6	0.897284
295.667	0.904262
295.733	0.812987
295.8	0.876226
295.867	0.875283
295.933	0.793186
296	0.896153
296.067	0.867299
296.133	0.841023
296.2	0.882575
296.267	0.875094
296.333	0.860133
296.4	0.916897
296.467	0.907468
296.533	0.77219
296.6	0.907154
296.667	0.908097
296.733	0.840961
296.8	0.917463
296.867	0.904765
296.933	0.82864
297	0.901748
297.067	0.889238
297.133	0.878615
297.2	0.89213
297.267	0.908599
297.333	0.884712
297.4	0.905079
297.467	0.917463
297.533	0.883141
297.6	0.915514
297.667	0.920983
297.733	0.832789
297.8	0.911868
297.867	0.926452
297.933	0.88138
298	0.924441
298.067	0.90137
298.133	0.870945
298.2	0.928086
298.267	0.908537
298.333	0.844481
298.4	0.907657
298.467	0.898479
298.533	0.84052
298.6	0.903759
298.667	0.9196
298.733	0.776528
298.8	0.9152
298.867	0.893387
298.933	0.843915
299	0.896907
299.067	0.886032
299.133	0.802552
299.2	0.901873
299.267	0.900365
299.333	0.782437
299.4	0.892633
299.467	0.894896
299.533	0.721901
299.6	0.906588
299.667	0.888924
299.733	0.688836
299.8	0.917589
299.867	0.896781
299.933	0.737742
300	0.824868
300.067	0.916709
300.133	0.775773
300.2	0.896907
300.267	0.887918
300.333	0.848441
300.4	0.903571
300.467	0.854664
300.533	0.81877
300.6	0.888295
300.667	0.89169
300.733	0.80557
300.8	0.91564
300.867	0.876414
300.933	0.877546
301	0.900302
301.067	0.921297
301.133	0.805758
301.2	0.919349
301.267	0.940722
301.333	0.848755
301.4	0.898604
301.467	0.915766
301.533	0.800855
301.6	0.905268
301.667	0.896719
301.733	0.826942
301.8	0.895021
301.867	0.900867
301.933	0.845927
302	0.895524
302.067	0.890307
302.133	0.868242
302.2	0.885278
302.267	0.887415
302.333	0.822542
302.4	0.872643
302.467	0.858939
302.533	0.83348
302.6	0.85039
302.667	0.848567
302.733	0.793249
302.8	0.852904
302.867	0.862271
302.933	0.776528
303	0.844984
303.067	0.868557
303.133	0.776276
303.2	0.860196
303.267	0.87214
303.333	0.781305
303.4	0.887855
303.467	0.902125
303.533	0.862396
303.6	0.906525
303.667	0.928589
303.733	0.803558
303.8	0.922555
303.867	0.918029
303.933	0.799786
304	0.921675
304.067	0.931607
304.133	0.854161
304.2	0.933995
304.267	0.930538
304.333	0.867677
304.4	0.926452
304.467	0.915954
304.533	0.75132
304.6	0.925006
304.667	0.923183
304.733	0.884712
304.8	0.91828
304.867	0.904199
304.933	0.850013
305	0.899547
305.067	0.905331
305.133	0.844355
305.2	0.897473
305.267	0.893261
305.333	0.782939
305.4	0.887792
305.467	0.88949
305.533	0.811479
305.6	0.87874
305.667	0.878866
305.733	0.768167
305.8	0.878992
305.867	0.882889
305.933	0.733656
306	0.882323
306.067	0.89037
306.133	0.798026
306.2	0.881003
306.267	0.871951
306.333	0.746731
306.4	0.879432
306.467	0.878049
306.533	0.803872
306.6	0.8717
306.667	0.857556
306.733	0.757921
306.8	0.852527
306.867	0.843224
306.933	0.707946
307	0.816947
307.067	0.822291
307.133	0.719198
307.2	0.803684
307.267	0.774893
307.333	0.72561
307.4	0.782939
307.467	0.797272
307.533	0.717438
307.6	0.749183
307.667	0.749749
307.733	0.682487
307.8	0.717689
307.867	0.746291
307.933	0.677081
308	0.74604
308.067	0.74604
308.133	0.668532
308.2	0.754903
308.267	0.712283
308.333	0.638044
308.4	0.673435
308.467	0.703294
308.533	0.650113
308.6	0.72737
308.667	0.711026
308.733	0.700088
308.8	0.72385
308.867	0.73177
308.933	0.678212
309	0.739942
309.067	0.7478
309.133	0.691853
309.2	0.733279
309.267	0.764144
309.333	0.673749
309.4	0.7522
309.467	0.761755
309.533	0.736359
309.6	0.79878
309.667	0.788408
309.733	0.731456
309.8	0.79174
309.867	0.799723
309.933	0.715175
310	0.805758
310.067	0.808587
310.133	0.715929
310.2	0.808084
310.267	0.803747
310.333	0.665829
310.4	0.791111
310.467	0.810284
310.533	0.773322
310.6	0.810284
310.667	0.799283
310.733	0.703357
310.8	0.788031
310.867	0.788786
310.933	0.722404
311	0.734976
311.067	0.737742
311.133	0.676766
311.2	0.742457
311.267	0.745977
311.333	0.656965
311.4	0.670732
311.467	0.742897
311.533	0.687893
311.6	0.701408
311.667	0.733405
311.733	0.623397
311.8	0.688962
311.867	0.719386
311.933	0.701785
312	0.711466
312.067	0.722907
312.133	0.661491
312.2	0.707254
312.267	0.691539
312.333	0.623837
312.4	0.678841
312.467	0.668469
312.533	0.60787
312.6	0.662623
312.667	0.653382
312.733	0.625723
312.8	0.659982
312.867	0.66124
312.933	0.660925
313	0.654262
313.067	0.555758
313.133	0.629117
313.2	0.583983
313.267	0.674126
313.333	0.642821
313.4	0.682927
313.467	0.669537
313.533	0.646844
313.6	0.678527
313.667	0.706374
313.733	0.606362
313.8	0.719135
313.867	0.704048
313.933	0.540294
314	0.705808
314.067	0.73001
314.133	0.672743
314.2	0.760372
314.267	0.756726
314.333	0.704928
314.4	0.775145
314.467	0.77483
314.533	0.756035
314.6	0.809278
314.667	0.792809
314.733	0.722027
314.8	0.815439
314.867	0.755532
314.933	0.724353
315	0.784448
315.067	0.808021
315.133	0.708511
315.2	0.794317
315.267	0.794254
315.333	0.722655
315.4	0.758612
315.467	0.773384
315.533	0.629557
315.6	0.765967
315.667	0.716746
315.733	0.674441
315.8	0.732336
315.867	0.674252
315.933	0.651119
316	0.703985
316.067	0.72209
316.133	0.629369
316.2	0.699019
316.267	0.685881
316.333	0.663314
316.4	0.687704
316.467	0.66872
316.533	0.649673
316.6	0.661428
316.667	0.678401
316.733	0.64521
316.8	0.64873
316.867	0.657657
316.933	0.583103
317	0.64653
317.067	0.628615
317.133	0.570845
317.2	0.614596
317.267	0.591212
317.333	0.483467
317.4	0.569965
317.467	0.548718
317.533	0.488685
317.6	0.520556
317.667	0.500251
317.733	0.374529
317.8	0.463729
317.867	0.446819
317.933	0.372203
318	0.42136
318.067	0.399045
318.133	0.371574
318.2	0.364659
318.267	0.352401
318.333	0.302489
318.4	0.334297
318.467	0.307204
318.533	0.27439
318.6	0.2847
318.667	0.263264
318.733	0.192293
318.8	0.241388
318.867	0.228753
318.933	0.176389
319	0.200591
319.067	0.183995
319.133	0.155394
319.2	0.168532
319.267	0.151685
319.333	0.131003
319.4	0.124466
319.467	0.101207
319.533	0.0783882
319.6	0.095298
319.667	0.0678275
319.733	0.0550666
319.8	0.0537465
319.867	0.0538094
319.933	0.0520493
320	0.037214
320.067	0.0323736
320.133	0.0579583
320.2	0.089829
320.267	0.24384
320.333	0.302238
320.4	0.165388
320.467	0.0694619
320.533	0.263389
320.6	0.421486
320.667	0.337
320.733	0.27439
320.8	0.524202
320.867	0.552426
320.933	0.384272
321	0.488748
321.067	0.436007
321.133	0.196693
321.2	0.380878
321.267	0.441602
321.333	0.247988
321.4	0.258109
321.467	0.341275
321.533	0.31041
321.6	0.27395
321.667	0.352024
321.733	0.0792683
321.8	0.190596
321.867	0.254526
321.933	0.277659
322	0.152439
322.067	0.225295
322.133	0.217689
322.2	0.415703
322.267	0.312421
322.333	0.193425
322.4	0.0637415
322.467	0.133141
322.533	0.0392255
322.6	0.295135
322.667	0.256538
322.733	0.205997
322.8	0.209894
322.867	0.164508
322.933	0.156714
323	0.177646
323.067	0.0854287
323.133	0.263264
323.2	0.0433115
323.267	0.0488433
323.333	0.0489691
323.4	0.0389112
323.467	0.200528
323.533	0.0624843
323.6	0.0877546
323.667	0.211403
323.733	0.261944
323.8	0.0432487
323.867	0.465552
323.933	0.251069
324	0.0969952
324.067	0.282499
324.133	0.215175
324.2	0.092092
324.267	0.0900176
324.333	0.0758109
324.4	0.12038
324.467	0.175383
324.533	0.146656
324.6	0.18871
324.667	0.221272
324.733	0.217438
324.8	0.330274
324.867	0.2957
324.933	0.272504
325	0.322542
325.067	0.0900176
325.133	0.327571
325.2	0.287151
325.267	0.185127
325.333	0.159102
325.4	0.103973
325.467	0.130375
325.533	0.530551
325.6	0.24824
325.667	0.192607
325.733	0.372706
325.8	0.162937
325.867	0.0723535
325.933	0.0695876
326	0.267287
326.067	0.205934
326.133	0.126917
326.2	0.0551295
326.267	0.305444
326.333	0.102213
326.4	0.00949208
326.467	0.0135781
326.533	0.0144581
326.6	0.0169726
326.667	0.0212472
326.733	0.0212472
326.8	0.0225044
326.867	0.0248931
326.933	0.0225044
327	0.0240759
327.067	0.0265275
327.133	0.0257103
327.2	0.0690219
327.267	0.0311793
327.333	0.022693
327.4	0.0211843
327.467	0.0260246
327.533	0.0188584
327.6	0.0330651
327.667	0.0110636
327.733	0.0246417
327.8	0.0479633
327.867	0.0583983
327.933	0.0709077
328	0.0902062
328.067	0.103156
328.133	0.124089
328.2	0.13006
328.267	0.126666
328.333	0.156776
328.4	0.176641
328.467	0.191162
328.533	0.206186
328.6	0.209454
328.667	0.233027
328.733	0.287654
328.8	0.296329
328.867	0.342846
328.933	0.342469
329	0.33172
329.067	0.294883
329.133	0.340898
329.2	0.355356
329.267	0.31041
329.333	0.352401
329.4	0.345424
329.467	0.318645
329.533	0.343098
329.6	0.368305
329.667	0.321222
329.733	0.359819
329.8	0.352527
329.867	0.318016
329.933	0.346429
330	0.279042
330.067	0.288157
330.133	0.324114
330.2	0.298906
330.267	0.279545
330.333	0.29174
330.4	0.290168
330.467	0.25396
330.533	0.300038
330.6	0.266658
330.667	0.245725
330.733	0.253772
330.8	0.231079
330.867	0.21222
330.933	0.2087
331	0.221838
331.067	0.208951
331.133	0.215175
331.2	0.195751
331.267	0.193865
331.333	0.212095
331.4	0.211403
331.467	0.241639
331.533	0.27043
331.6	0.274956
331.667	0.274705
331.733	0.299598
331.8	0.303118
331.867	0.299535
331.933	0.308587
332	0.315124
332.067	0.286648
332.133	0.304752
332.2	0.318205
332.267	0.275962
332.333	0.301295
332.4	0.317953
332.467	0.278916
332.533	0.316256
332.6	0.324302
332.667	0.292683
332.733	0.320908
332.8	0.31965
332.867	0.307393
332.933	0.324302
333	0.325622
333.067	0.32732
333.133	0.340646
333.2	0.346995
333.267	0.323548
333.333	0.333103
333.4	0.325685
333.467	0.301986
333.533	0.305695
333.6	0.297335
333.667	0.264772
333.733	0.279922
333.8	0.282625
333.867	0.283128
333.933	0.268104
334	0.241514
334.067	0.231204
334.133	0.222215
334.2	0.206186
334.267	0.178024
334.333	0.186133
334.4	0.158159
334.467	0.146027
334.533	0.14653
334.6	0.144959
334.667	0.112962
334.733	0.131129
334.8	0.136221
334.867	0.127294
334.933	0.14125
335	0.138672
335.067	0.126163
335.133	0.129683
335.2	0.118808
335.267	0.107493
335.333	0.105104
335.4	0.0836057
335.467	0.0821599
335.533	0.101898
335.6	0.0882575
335.667	0.0892633
335.733	0.109568
335.8	0.112208
335.867	0.0982525
335.933	0.111265
336	0.116168
336.067	0.0972467
336.133	0.136221
336.2	0.139175
336.267	0.115162
336.333	0.146216
336.4	0.163566
336.467	0.15049
336.533	0.167651
336.6	0.174503
336.667	0.18211
336.733	0.192167
336.8	0.207946
336.867	0.212472
336.933	0.215175
337	0.224793
337.067	0.221649
337.133	0.228816
337.2	0.312924
337.267	0.239251
337.333	0.254966
337.4	0.275836
337.467	0.26515
337.533	0.278351
337.6	0.28778
337.667	0.304061
337.733	0.300101
337.8	0.309656
337.867	0.302175
337.933	0.33964
338	0.35655
338.067	0.35875
338.133	0.373648
338.2	0.390495
338.267	0.386849
338.333	0.401559
338.4	0.407091
338.467	0.392695
338.533	0.419663
338.6	0.402502
338.667	0.404451
338.733	0.404388
338.8	0.407531
338.867	0.389867
338.933	0.395336
339	0.387038
339.067	0.376226
339.133	0.360259
339.2	0.372328
339.267	0.355859
339.333	0.370757
339.4	0.371888
339.467	0.339138
339.533	0.364031
339.6	0.350138
339.667	0.329457
339.733	0.342721
339.8	0.325182
339.867	0.33612
339.933	0.330526
340	0.318142
340.067	0.286208
340.133	0.303118
340.2	0.259869
340.267	0.240634
340.333	0.27087
340.4	0.24736
340.467	0.193865
340.533	0.236485
340.6	0.223347
340.667	0.172555
340.733	0.210272
340.8	0.176641
340.867	0.141187
340.933	0.150302
341	0.152816
341.067	0.121825
341.133	0.147473
341.2	0.144141
341.267	0.104413
341.333	0.122014
341.4	0.10919
341.467	0.0783882
341.533	0.0792683
341.6	0.0701534
341.667	0.0788283
341.733	0.0555067
341.8	0.056701
341.867	0.0572039
341.933	0.0696505
342	0.0458889
342.067	0.187893
342.133	0.0906462
342.2	0.478124
342.267	0.199962
342.333	0.146781
342.4	0.290671
342.467	0.27131
342.533	0.195562
342.6	0.243965
342.667	0.269487
342.733	0.167211
342.8	0.282248
342.867	0.323925
342.933	0.245285
343	0.473158
343.067	0.262447
343.133	0.286397
343.2	0.270053
343.267	0.204677
343.333	0.2847
343.4	0.276276
343.467	0.417714
343.533	0.218632
343.6	0.280739
343.667	0.359693
343.733	0.380249
343.8	0.0780739
343.867	0.494091
343.933	0.333543
344	0.34951
344.067	0.292431
344.133	0.269487
344.2	0.249057
344.267	0.175698
344.333	0.153696
344.4	0.201848
344.467	0.240131
344.533	0.309781
344.6	0.278288
344.667	0.0899547
344.733	0.442419
344.8	0.183178
344.867	0.168846
344.933	0.127232
345	0.26383
345.067	0.244468
345.133	0.349007
345.2	0.109065
345.267	0.180915
345.333	0.45738
345.4	0.172806
345.467	0.10787
345.533	0.465112
345.6	0.251509
345.667	0.339892
345.733	0.193048
345.8	0.155079
345.867	0.251069
345.933	0.249371
346	0.364722
346.067	0.315062
346.133	0.167966
346.2	0.26647
346.267	0.414571
346.333	0.242897
346.4	0.403068
346.467	0.143073
346.533	0.396279
346.6	0.152376
346.667	0.138484
346.733	0.166709
346.8	0.201974
346.867	0.289854
346.933	0.230262
347	0.237931
347.067	0.439842
347.133	0.0954237
347.2	0.217438
347.267	0.0903319
347.333	0.165577
347.4	0.132135
347.467	0.366985
347.533	0.392444
347.6	0.288597
347.667	0.301609
347.733	0.348378
347.8	0.302301
347.867	0.227998
347.933	0.516344
348	0.239942
348.067	0.331594
348.133	0.377546
348.2	0.444305
348.267	0.178841
348.333	0.195625
348.4	0.388672
348.467	0.249937
348.533	0.291677
348.6	0.103659
348.667	0.288974
348.733	0.433304
348.8	0.320782
348.867	0.296015
348.933	0.230827
349	0.402753
349.067	0.347121
349.133	0.143261
349.2	0.441287
349.267	0.35523
349.333	0.138295
349.4	0.0876289
349.467	0.130249
349.533	0.221901
349.6	0.584109
349.667	0.378929
349.733	0.402879
349.8	0.237176
349.867	0.14257
349.933	0.142633
350	0.50484
350.067	0.14213
350.133	0.207191
350.2	0.201471
350.267	0.211214
350.333	0.251572
350.4	0.0179784
350.467	0.0301106
350.533	0.0432487
350.6	0.0504149
350.667	0.0633643
350.733	0.0755595
350.8	0.0849887
350.867	0.0992582
350.933	0.110008
351	0.120128
351.067	0.135152
351.133	0.137667
351.2	0.142444
351.267	0.173686
351.333	0.160925
351.4	0.153131
351.467	0.152188
351.533	0.155771
351.6	0.157719
351.667	0.159291
351.733	0.159039
351.8	0.163188
351.867	0.178401
351.933	0.171549
352	0.167903
352.067	0.170166
352.133	0.170292
352.2	0.165703
352.267	0.172555
352.333	0.187956
352.4	0.186133
352.467	0.201408
352.533	0.205117
352.6	0.227558
352.667	0.25044
352.733	0.259995
352.8	0.269173
352.867	0.29438
352.933	0.425572
353	0.321411
353.067	0.335869
353.133	0.354916
353.2	0.353784
353.267	0.367237
353.333	0.363276
353.4	0.377357
353.467	0.390935
353.533	0.361328
353.6	0.36139
353.667	0.394204
353.733	0.364848
353.8	0.374843
353.867	0.384146
353.933	0.337377
354	0.344292
354.067	0.341212
354.133	0.260372
354.2	0.297523
354.267	0.257355
354.333	0.241891
354.4	0.279105
354.467	0.258738
354.533	0.219072
354.6	0.304815
354.667	0.22869
354.733	0.241639
354.8	0.210649
354.867	0.212283
354.933	0.220078
355	0.193802
355.067	0.202351
355.133	0.210209
355.2	0.203294
355.267	0.196442
355.333	0.1718
355.4	0.201785
355.467	0.20518
355.533	0.220581
355.6	0.22253
355.667	0.220204
355.733	0.186384
355.8	0.219324
355.867	0.230513
355.933	0.250251
356	0.23397
356.067	0.21046
356.133	0.24604
356.2	0.231393
356.267	0.282688
356.333	0.22297
356.4	0.239816
356.467	0.184121
356.533	0.220958
356.6	0.26427
356.667	0.223724
356.733	0.284511
356.8	0.258989
356.867	0.260812
356.933	0.278036
357	0.269801
357.067	0.288597
357.133	0.318393
357.2	0.299661
357.267	0.326251
357.333	0.340143
357.4	0.335366
357.467	0.365539
357.533	0.320908
357.6	0.355922
357.667	0.369814
357.733	0.349761
357.8	0.358625
357.867	0.356487
357.933	0.540671
358	0.362459
358.067	0.367928
358.133	0.359568
358.2	0.367299
358.267	0.387981
358.333	0.357933
358.4	0.36774
358.467	0.368997
358.533	0.340458
358.6	0.364911
358.667	0.355733
358.733	0.355733
358.8	0.360762
358.867	0.373837
358.933	0.334109
359	0.35083
359.067	0.39609
359.133	0.37962
359.2	0.350264
359.267	0.39125
359.333	0.310913
359.4	0.355482
359.467	0.372391
359.533	0.383455
359.6	0.404828
359.667	0.377986
359.733	0.325874
359.8	0.352276
359.867	0.331783
359.933	0.288345
360	0.303495
360.067	0.305004
360.133	0.333983
360.2	0.316633
360.267	0.28954
360.333	0.312799
360.4	0.278979
360.467	0.270681
360.533	0.231016
360.6	0.252074
360.667	0.208323
360.733	0.240948
360.8	0.195059
360.867	0.237428
360.933	0.257543
361	0.233279
361.067	0.188647
361.133	0.225233
361.2	0.200905
361.267	0.26559
361.333	0.234725
361.4	0.243777
361.467	0.242457
361.533	0.240508
361.6	0.265778
361.667	0.261252
361.733	0.259429
361.8	0.274327
361.867	0.287591
361.933	0.265401
362	0.305255
362.067	0.299472
362.133	0.278162
362.2	0.303684
362.267	0.317073
362.333	0.261189
362.4	0.313993
362.467	0.339703
362.533	0.269361
362.6	0.321411
362.667	0.340206
362.733	0.3304
362.8	0.318268
362.867	0.314307
362.933	0.456186
363	0.349761
363.067	0.326691
363.133	0.3326
363.2	0.324491
363.267	0.327822
363.333	0.293249
363.4	0.294883
363.467	0.320468
363.533	0.295952
363.6	0.284762
363.667	0.258863
363.733	0.272756
363.8	0.274893
363.867	0.263641
363.933	0.247108
364	0.271561
364.067	0.262132
364.133	0.251194
364.2	0.233593
364.267	0.248806
364.333	0.238433
364.4	0.22913
364.467	0.233845
364.533	0.261252
364.6	0.386598
364.667	0.207631
364.733	0.210963
364.8	0.216683
364.867	0.193048
364.933	0.209077
365	0.202728
365.067	0.0937893
365.133	0.125283
365.2	0.189402
365.267	0.167777
365.333	0.0465803
365.4	0.175321
365.467	0.183807
365.533	0.158788
365.6	0.16168
365.667	0.168029
365.733	0.0866859
365.8	0.176766
365.867	0.165514
365.933	0.185944
366	0.17312
366.067	0.169034
366.133	0.17092
366.2	0.160422
366.267	0.177835
366.333	0.156399
366.4	0.121008
366.467	0.0915891
366.533	0.124466
366.6	0.179909
366.667	0.0885089
366.733	0.271184
366.8	0.194996
366.867	0.168909
366.933	0.105482
367	0.106676
367.067	0.128426
367.133	0.196379
367.2	0.135341
367.267	0.157971
367.333	0.146341
367.4	0.174566
367.467	0.175006
367.533	0.146341
367.6	0.159668
367.667	0.143638
367.733	0.174063
367.8	0.149233
367.867	0.0868117
367.933	0.451094
368	0.168532
368.067	0.203923
368.133	0.228816
368.2	0.163817
368.267	0.0767538
368.333	0.189967
368.4	0.115225
368.467	0.187641
368.533	0.182047
368.6	0.133141
368.667	0.14125
368.733	0.162748
368.8	0.158977
368.867	0.138798
368.933	0.198014
369	0.117614
369.067	0.136598
369.133	0.202665
369.2	0.14081
369.267	0.154828
369.333	0.203545
369.4	0.141878
369.467	0.141187
369.533	0.160171
369.6	0.238999
369.667	0.184436
369.733	0.199585
369.8	0.162748
369.867	0.160548
369.933	0.160611
370	0.164383
370.067	0.177898
370.133	0.201534
370.2	0.181984
370.267	0.187641
370.333	0.200025
370.4	0.193676
370.467	0.195248
370.533	0.201157
370.6	0.192733
370.667	0.200654
370.733	0.218129
370.8	0.207066
370.867	0.229444
370.933	0.247234
371	0.224038
371.067	0.23221
371.133	0.208449
371.2	0.232399
371.267	0.268544
371.333	0.154513
371.4	0.265778
371.467	0.252074
371.533	0.293626
371.6	0.256223
371.667	0.164886
371.733	0.195373
371.8	0.237176
371.867	0.253772
371.933	0.260812
372	0.228124
372.067	0.229821
372.133	0.243965
372.2	0.260435
372.267	0.260498
372.333	0.198391
372.4	0.217186
372.467	0.205808
372.533	0.238559
372.6	0.224541
372.667	0.24956
372.733	0.248303
372.8	0.219575
372.867	0.209894
372.933	0.448579
373	0.276968
373.067	0.231142
373.133	0.220015
373.2	0.239565
373.267	0.196316
373.333	0.225233
373.4	0.220455
373.467	0.18475
373.533	0.187264
373.6	0.129495
373.667	0.0883832
373.733	0.121825
373.8	0.117614
373.867	0.124717
373.933	0.13094
374	0.120883
374.067	0.119562
374.133	0.104099
374.2	0.112585
374.267	0.129557
374.333	0.165514
374.4	0.161177
374.467	0.151496
374.533	0.155142
374.6	0.287968
374.667	0.188207
374.733	0.200968
374.8	0.156525
374.867	0.143827
374.933	0.126854
375	0.147284
375.067	0.137164
375.133	0.172178
375.2	0.145273
375.267	0.112899
375.333	0.156336
375.4	0.126792
375.467	0.131758
375.533	0.126666
375.6	0.149987
375.667	0.10787
375.733	0.121448
375.8	0.137101
375.867	0.119751
375.933	0.188962
376	0.125849
376.067	0.155645
376.133	0.175069
376.2	0.121888
376.267	0.47825
376.333	0.112711
376.4	0.164823
376.467	0.117865
376.533	0.18959
376.6	0.135592
376.667	0.156336
376.733	0.18915
376.8	0.201722
376.867	0.134146
376.933	0.145461
377	0.170417
377.067	0.113402
377.133	0.172995
377.2	0.205934
377.267	0.148542
377.333	0.136346
377.4	0.14697
377.467	0.13138
377.533	0.177521
377.6	0.128803
377.667	0.121511
377.733	0.171612
377.8	0.140307
377.867	0.149736
377.933	0.435253
378	0.206563
378.067	0.0847372
378.133	0.107242
378.2	0.10655
378.267	0.132449
378.333	0.0962409
378.4	0.0910862
378.467	0.0316193
378.533	0.0846115
378.6	0.111013
378.667	0.0382198
378.733	0.101773
378.8	0.107053
378.867	0.0920292
378.933	0.0632386
379	0.0568268
379.067	0.0612271
379.133	0.0565753
379.2	0.0651245
379.267	0.045826
379.333	0.0388484
379.4	0.0192356
379.467	0.0348252
379.533	0.0352653
379.6	0.048529
379.667	0.0356424
379.733	0.0279733
379.8	0.054878
379.867	0.261692
379.933	0.266155
380	0.167274
380.067	0.0599698
380.133	0.0918406
380.2	0.0771939
380.267	0.165703
380.333	0.257732
380.4	0.209203
380.467	0.183807
380.533	0.0302364
380.6	0.037654
380.667	0.0741137
380.733	0.170229
380.8	0.113088
380.867	0.118808
380.933	0.225484
381	0.135844
381.067	0.0731707
381.133	0.265778
381.2	0.197511
381.267	0.134461
381.333	0.0570153
381.4	0.0759366
381.467	0.12434
381.533	0.167966
381.6	0.0991954
381.667	0.149736
381.733	0.0810913
381.8	0.0702791
381.867	0.122706
381.933	0.151496
382	0.143576
382.067	0.131506
382.133	0.224227
382.2	0.102967
382.267	0.0820342
382.333	0.166457
382.4	0.139301
