time_sec	Dynamic_density
0.0666667	0.0699613
0.133333	0.0637893
0.2	0.0418247
0.266667	0.0254052
0.333333	0.0405825
0.4	0.0270707
0.466667	0.0429651
0.533333	0.040798
0.6	0.0442739
0.666667	0.0442034
0.733333	0.0461471
0.8	0.0445639
0.866667	0.0490705
0.933333	0.0464332
1	0.0515863
1.06667	0.0524445
1.13333	0.048467
1.2	0.0566611
1.26667	0.0621552
1.33333	0.0561556
1.4	0.054831
1.46667	0.0581306
1.53333	0.0558695
1.6	0.0571235
1.66667	0.0611206
1.73333	0.0641733
1.8	0.0699652
1.86667	0.0793976
1.93333	0.074076
2	0.0808084
2.06667	0.0798757
2.13333	0.0734176
2.2	0.0871802
2.26667	0.0867139
2.33333	0.0757062
2.4	0.0801657
2.46667	0.0751105
2.53333	0.0726299
2.6	0.0745932
2.66667	0.0742993
2.73333	0.0768504
2.8	0.0742484
2.86667	0.0703884
2.93333	0.14015
3	0.0786687
3.06667	0.0682841
3.13333	0.0608424
3.2	0.0697497
3.26667	0.0689346
3.33333	0.0531616
3.4	0.0701376
3.46667	0.0378629
3.53333	0.0447481
3.6	0.0312167
3.66667	0.0334817
3.73333	0.038
3.8	0.0401671
3.86667	0.0317144
3.93333	0.04543
4	0.0362405
4.06667	0.0301547
4.13333	0.0302527
4.2	0.0316321
4.26667	0.0225994
4.33333	0.0233165
4.4	0.0194056
4.46667	0.0164901
4.53333	0.0178342
4.6	0.0722028
4.66667	0.0362052
4.73333	0.0287792
4.8	0.0290575
4.86667	0.0294533
4.93333	0.0330271
5	0.0304408
5.06667	0.0343556
5.13333	0.0391051
5.2	0.0597765
5.26667	0.0466448
5.33333	0.102244
5.4	0.0520605
5.46667	0.0597216
5.53333	0.0602898
5.6	0.0607601
5.66667	0.0733157
5.73333	0.0794486
5.8	0.0721754
5.86667	0.0758903
5.93333	0.0891592
6	0.0874114
6.06667	0.0864161
6.13333	0.0857852
6.2	0.0870979
6.26667	0.13607
6.33333	0.106022
6.4	0.0900174
6.46667	0.0841706
6.53333	0.0919611
6.6	0.0899547
6.66667	0.0846722
6.73333	0.0908011
6.8	0.0854403
6.86667	0.0958328
6.93333	0.0977569
7	0.0877994
7.06667	0.0969692
7.13333	0.108604
7.2	0.0974513
7.26667	0.0961777
7.33333	0.0965774
7.4	0.101703
7.46667	0.101284
7.53333	0.125294
7.6	0.108553
7.66667	0.106406
7.73333	0.112495
7.8	0.120388
7.86667	0.120776
7.93333	0.137289
8	0.116363
8.06667	0.117962
8.13333	0.128934
8.2	0.126665
8.26667	0.131713
8.33333	0.120732
8.4	0.128786
8.46667	0.122586
8.53333	0.128268
8.6	0.128229
8.66667	0.135361
8.73333	0.130882
8.8	0.123021
8.86667	0.131015
8.93333	0.125247
9	0.135663
9.06667	0.134789
9.13333	0.129742
9.2	0.132285
9.26667	0.0933522
9.33333	0.132403
9.4	0.13939
9.46667	0.14118
9.53333	0.13263
9.6	0.176414
9.66667	0.138006
9.73333	0.122661
9.8	0.109157
9.86667	0.114204
9.93333	0.112742
10	0.124228
10.0667	0.10215
10.1333	0.0902917
10.2	0.100841
10.2667	0.0696831
10.3333	0.044944
10.4	0.0784728
10.4667	0.0972318
10.5333	0.0875329
10.6	0.0965186
10.6667	0.105779
10.7333	0.100128
10.8	0.105704
10.8667	0.0917181
10.9333	0.129299
11	0.0893786
11.0667	0.101989
11.1333	0.0900958
11.2	0.097318
11.2667	0.144637
11.3333	0.0710624
11.4	0.0770816
11.4667	0.0997124
11.5333	0.0764037
11.6	0.0666068
11.6667	0.102209
11.7333	0.0843901
11.8	0.100947
11.8667	0.121187
11.9333	0.0932817
12	0.0758041
12.0667	0.0810513
12.1333	0.0458806
12.2	0.0888966
12.2667	0.075475
12.3333	0.0708861
12.4	0.0461197
12.4667	0.0933444
12.5333	0.0359544
12.6	0.0529931
12.6667	0.0733118
12.7333	0.0274625
12.8	0.0401789
12.8667	0.0233008
12.9333	0.0899273
13	0.0514962
13.0667	0.0360367
13.1333	0.0427064
13.2	0.0313147
13.2667	0.0315498
13.3333	0.0283874
13.4	0.0394813
13.4667	0.0389484
13.5333	0.0611128
13.6	0.0239278
13.6667	0.0225249
13.7333	0.0278152
13.8	0.0179713
13.8667	0.0244138
13.9333	0.0302801
14	0.02035
14.0667	0.0578367
14.1333	0.0382195
14.2	0.0263966
14.2667	0.0178185
14.3333	0.0461001
14.4	0.0282267
14.4667	0.0389131
14.5333	0.0639343
14.6	0.184044
14.6667	0.0928546
14.7333	0.0549133
14.8	0.0205029
14.8667	0.0489216
14.9333	0.0644202
15	0.0298686
15.0667	0.0673475
15.1333	0.0715013
15.2	0.0387446
15.2667	0.0313264
15.3333	0.0523426
15.4	0.0232499
15.4667	0.0246841
15.5333	0.0402807
15.6	0.0222467
15.6667	0.0230971
15.7333	0.0292612
15.8	0.0155652
15.8667	0.0208673
15.9333	0.0241473
16	0.026377
16.0667	0.0211886
16.1333	0.0134452
16.2	0.0127673
16.2667	0.0257736
16.3333	0.0135549
16.4	0.0155456
16.4667	0.0129123
16.5333	0.00795504
16.6	0.0170661
16.6667	0.0131591
16.7333	0.0147854
16.8	0.0109725
16.8667	0.0152831
16.9333	0.0173639
17	0.0118542
17.0667	0.0140996
17.1333	0.00971456
17.2	0.0119522
17.2667	0.0202168
17.3333	0.0369929
17.4	0.0382939
17.4667	0.0182653
17.5333	0.048996
17.6	0.0213258
17.6667	0.0209418
17.7333	0.0230344
17.8	0.0233635
17.8667	0.024982
17.9333	0.0796719
18	0.072097
18.0667	0.0171053
18.1333	0.0265887
18.2	0.0168114
18.2667	0.021604
18.3333	0.0275448
18.4	0.0199856
18.4667	0.0175638
18.5333	0.0226268
18.6	0.0210201
18.6667	0.018955
18.7333	0.0281248
18.8	0.0290967
18.8667	0.0290261
18.9333	0.0339794
19	0.0314126
19.0667	0.0366206
19.1333	0.037232
19.2	0.0331996
19.2667	0.0324276
19.3333	0.030335
19.4	0.0227953
19.4667	0.0212435
19.5333	0.0236457
19.6	0.0550466
19.6667	0.0316752
19.7333	0.0371418
19.8	0.0342263
19.8667	0.0248918
19.9333	0.029947
20	0.0201462
20.0667	0.0163333
20.1333	0.0308797
20.2	0.0190608
20.2667	0.0142799
20.3333	0.0302644
20.4	0.0152047
20.4667	0.0285324
20.5333	0.026765
20.6	0.0175951
20.6667	0.0268277
20.7333	0.021992
20.8	0.0213532
20.8667	0.0360798
20.9333	0.0197896
21	0.0345124
21.0667	0.0310443
21.1333	0.0343321
21.2	0.0171758
21.2667	0.132269
21.3333	0.0330036
21.4	0.0225641
21.4667	0.0337247
21.5333	0.0196407
21.6	0.0244921
21.6667	0.0571274
21.7333	0.0382979
21.8	0.0361935
21.8667	0.0347867
21.9333	0.038964
22	0.0936422
22.0667	0.0474599
22.1333	0.0394852
22.2	0.031636
22.2667	0.033615
22.3333	0.0346338
22.4	0.0303271
22.4667	0.0199581
22.5333	0.0372829
22.6	0.0182378
22.6667	0.0165057
22.7333	0.0206087
22.8	0.0222193
22.8667	0.022858
22.9333	0.128629
23	0.027486
23.0667	0.0306014
23.1333	0.0314009
23.2	0.024641
23.2667	0.0257305
23.3333	0.0294493
23.4	0.0301508
23.4667	0.025703
23.5333	0.0335601
23.6	0.0258598
23.6667	0.0306837
23.7333	0.0313891
23.8	0.0217451
23.8667	0.0200013
23.9333	0.0300567
24	0.0204872
24.0667	0.0203814
24.1333	0.0277173
24.2	0.0212984
24.2667	0.0202716
24.3333	0.0244412
24.4	0.019676
24.4667	0.0213885
24.5333	0.022329
24.6	0.0922746
24.6667	0.0432903
24.7333	0.0395597
24.8	0.0261067
24.8667	0.0327763
24.9333	0.0387603
25	0.022956
25.0667	0.0276232
25.1333	0.0337129
25.2	0.0210632
25.2667	0.0206831
25.3333	0.0255384
25.4	0.0218744
25.4667	0.0226229
25.5333	0.0271882
25.6	0.0269296
25.6667	0.0289086
25.7333	0.0318437
25.8	0.0293906
25.8667	0.0348964
25.9333	0.0449558
26	0.0397674
26.0667	0.0381019
26.1333	0.0398144
26.2	0.0382156
26.2667	0.0660347
26.3333	0.0469269
26.4	0.0282267
26.4667	0.0273293
26.5333	0.0421539
26.6	0.0350806
26.6667	0.0361347
26.7333	0.040606
26.8	0.0343791
26.8667	0.0419501
26.9333	0.0530598
27	0.0446893
27.0667	0.0478596
27.1333	0.0574566
27.2	0.0587145
27.2667	0.0712545
27.3333	0.0776812
27.4	0.0758159
27.4667	0.0826345
27.5333	0.0914125
27.6	0.0934581
27.6667	0.100371
27.7333	0.10235
27.8	0.103839
27.8667	0.107875
27.9333	0.224928
28	0.118542
28.0667	0.130333
28.1333	0.14111
28.2	0.131807
28.2667	0.137183
28.3333	0.142101
28.4	0.142822
28.4667	0.153603
28.5333	0.156228
28.6	0.156793
28.6667	0.167244
28.7333	0.170461
28.8	0.175469
28.8667	0.173878
28.9333	0.1792
29	0.180094
29.0667	0.186595
29.1333	0.188836
29.2	0.197857
29.2667	0.202634
29.3333	0.203296
29.4	0.208551
29.4667	0.21381
29.5333	0.211632
29.6	0.288933
29.6667	0.229054
29.7333	0.232064
29.8	0.23311
29.8667	0.231664
29.9333	0.230998
30	0.23409
30.0667	0.240207
30.1333	0.229407
30.2	0.232127
30.2667	0.236586
30.3333	0.230101
30.4	0.237433
30.4667	0.234568
30.5333	0.231797
30.6	0.231801
30.6667	0.234544
30.7333	0.227491
30.8	0.233925
30.8667	0.222295
30.9333	0.212768
31	0.240685
31.0667	0.236617
31.1333	0.172515
31.2	0.238267
31.2667	0.213234
31.3333	0.27133
31.4	0.233933
31.4667	0.238342
31.5333	0.249483
31.6	0.185439
31.6667	0.212964
31.7333	0.220265
31.8	0.225171
31.8667	0.212317
31.9333	0.177876
32	0.203547
32.0667	0.140428
32.1333	0.221765
32.2	0.216557
32.2667	0.154057
32.3333	0.147509
32.4	0.246708
32.4667	0.21789
32.5333	0.114353
32.6	0.223176
32.6667	0.126391
32.7333	0.154195
32.8	0.240223
32.8667	0.206475
32.9333	0.170716
33	0.216844
33.0667	0.0381215
33.1333	0.00832341
33.2	0.0143661
33.2667	0.0169329
33.3333	0.0244098
33.4	0.017168
33.4667	0.0323414
33.5333	0.0375141
33.6	0.030817
33.6667	0.0465664
33.7333	0.0516568
33.8	0.0481652
33.8667	0.0567159
33.9333	0.0600116
34	0.0498581
34.0667	0.0489098
34.1333	0.0662698
34.2	0.0687347
34.2667	0.0685074
34.3333	0.0707019
34.4	0.059126
34.4667	0.0614302
34.5333	0.0601879
34.6	0.140655
34.6667	0.0579268
34.7333	0.0808907
34.8	0.0597177
34.8667	0.0675121
34.9333	0.0751771
35	0.0652274
35.0667	0.0783866
35.1333	0.0706236
35.2	0.0656076
35.2667	0.0730688
35.3333	0.0710429
35.4	0.0693421
35.4667	0.0816313
35.5333	0.0815921
35.6	0.0762313
35.6667	0.0788059
35.7333	0.0705256
35.8	0.0796837
35.8667	0.079476
35.9333	0.0897627
36	0.0777792
36.0667	0.0793232
36.1333	0.0871528
36.2	0.0971456
36.2667	0.172158
36.3333	0.127806
36.4	0.101785
36.4667	0.0985759
36.5333	0.141545
36.6	0.105199
36.6667	0.102122
36.7333	0.117057
36.8	0.113463
36.8667	0.106468
36.9333	0.115317
37	0.102526
37.0667	0.104195
37.1333	0.0957975
37.2	0.105712
37.2667	0.12025
37.3333	0.0922707
37.4	0.112895
37.4667	0.123523
37.5333	0.114196
37.6	0.240015
37.6667	0.213129
37.7333	0.0426947
37.8	0.112613
37.8667	0.0679862
37.9333	0.185607
38	0.0457278
38.0667	0.0331251
38.1333	0.0280582
38.2	0.0356253
38.2667	0.0341753
38.3333	0.043306
38.4	0.0364521
38.4667	0.0373221
38.5333	0.0500188
38.6	0.0462059
38.6667	0.0190608
38.7333	0.0509554
38.8	0.0573664
38.8667	0.0619906
38.9333	0.0730806
39	0.0611598
39.0667	0.058495
39.1333	0.0583618
39.2	0.0590868
39.2667	0.0695851
39.3333	0.0764977
39.4	0.0754201
39.4667	0.0700984
39.5333	0.0655919
39.6	0.169125
39.6667	0.0886262
39.7333	0.0882461
39.8	0.0796758
39.8667	0.0811219
39.9333	0.0894453
40	0.0784062
40.0667	0.0822348
40.1333	0.0844998
40.2	0.0763214
40.2667	0.084155
40.3333	0.0938147
40.4	0.0868197
40.4667	0.0806438
40.5333	0.0805536
40.6	0.0858165
40.6667	0.103369
40.7333	0.100414
40.8	0.097945
40.8667	0.10014
40.9333	0.0941478
41	0.10255
41.0667	0.106386
41.1333	0.10811
41.2	0.107166
41.2667	0.179212
41.3333	0.118546
41.4	0.109325
41.4667	0.120058
41.5333	0.0755024
41.6	0.116935
41.6667	0.113181
41.7333	0.0586361
41.8	0.121477
41.8667	0.116434
41.9333	0.0662581
42	0.128574
42.0667	0.1221
42.1333	0.0735744
42.2	0.103588
42.2667	0.118934
42.3333	0.0647102
42.4	0.117347
42.4667	0.109795
42.5333	0.0614772
42.6	0.0769719
42.6667	0.102122
42.7333	0.0689189
42.8	0.0832497
42.8667	0.074558
42.9333	0.188346
43	0.0879679
43.0667	0.0785159
43.1333	0.0772384
43.2	0.072677
43.2667	0.0750556
43.3333	0.0740956
43.4	0.071278
43.4667	0.069205
43.5333	0.0925332
43.6	0.0741191
43.6667	0.065153
43.7333	0.0704237
43.8	0.0754083
43.8667	0.0802754
43.9333	0.0705177
44	0.104858
44.0667	0.087431
44.1333	0.0662698
44.2	0.0998848
44.2667	0.0830891
44.3333	0.0273646
44.4	0.0869529
44.4667	0.0926586
44.5333	0.0859341
44.6	0.182245
44.6667	0.0987248
44.7333	0.109349
44.8	0.105061
44.8667	0.101154
44.9333	0.0372437
45	0.095198
45.0667	0.103177
45.1333	0.0938734
45.2	0.118961
45.2667	0.107178
45.3333	0.128253
45.4	0.0960209
45.4667	0.100359
45.5333	0.100512
45.6	0.114502
45.6667	0.100065
45.7333	0.0322473
45.8	0.0982859
45.8667	0.102189
45.9333	0.0914242
46	0.112178
46.0667	0.100273
46.1333	0.0650785
46.2	0.115223
46.2667	0.251411
46.3333	0.0859262
46.4	0.121834
46.4667	0.116567
46.5333	0.104701
46.6	0.149249
46.6667	0.125051
46.7333	0.107315
46.8	0.0914517
46.8667	0.121955
46.9333	0.0642752
47	0.0636756
47.0667	0.120897
47.1333	0.0387368
47.2	0.106143
47.2667	0.0558734
47.3333	0.0214669
47.4	0.0627351
47.4667	0.0225837
47.5333	0.0620023
47.6	0.076678
47.6667	0.0632328
47.7333	0.0464841
47.8	0.0487727
47.8667	0.0779163
47.9333	0.155355
48	0.0430356
48.0667	0.077015
48.1333	0.0634954
48.2	0.0787471
48.2667	0.0375729
48.3333	0.0648512
48.4	0.104305
48.4667	0.0558734
48.5333	0.0234066
48.6	0.0362758
48.6667	0.0576878
48.7333	0.0426241
48.8	0.0579033
48.8667	0.0625666
48.9333	0.0353274
49	0.0546625
49.0667	0.0256168
49.1333	0.0360015
49.2	0.015287
49.2667	0.0194605
49.3333	0.0470484
49.4	0.0541139
49.4667	0.0272744
49.5333	0.0315537
49.6	0.153689
49.6667	0.015769
49.7333	0.0411154
49.8	0.0123754
49.8667	0.045379
49.9333	0.0572097
50	0.1304
50.0667	0.0330115
50.1333	0.00656389
50.2	0.00392658
50.2667	0.0122696
50.3333	0.0369067
50.4	0.00159493
50.4667	0.0161491
50.5333	0.00440858
50.6	0.00947943
50.6667	0.00616418
50.7333	0.0409744
50.8	0.00977726
50.8667	0.00264515
50.9333	0.0563241
51	0.0264397
51.0667	0.0149657
51.1333	0.00579974
51.2	0.00723008
51.2667	0.134256
51.3333	0.0217529
51.4	0.016059
51.4667	0.0391561
51.5333	0.0105297
51.6	0.00493761
51.6667	0.00410292
51.7333	0.0356449
51.8	0.0154829
51.8667	0.0066697
51.9333	0.00368362
52	0.0110313
52.0667	0.00552542
52.1333	0.00281366
52.2	0.0132062
52.2667	0.0151146
52.3333	0.016298
52.4	0.0191274
52.4667	0.019774
52.5333	0.0254522
52.6	0.0131199
52.6667	0.0152557
52.7333	0.0406765
52.8	0.0230344
52.8667	0.0226151
52.9333	0.149649
53	0.0311422
53.0667	0.0197152
53.1333	0.00656781
53.2	0.0266239
53.2667	0.0390385
53.3333	0.0428593
53.4	0.0391443
53.4667	0.0343047
53.5333	0.007234
53.6	0.0371262
53.6667	0.0230461
53.7333	0.0529148
53.8	0.0456337
53.8667	0.0368754
53.9333	0.0487217
54	0.0463783
54.0667	0.0474364
54.1333	0.00680293
54.2	0.0113761
54.2667	0.0624569
54.3333	0.0335523
54.4	0.0154908
54.4667	0.0138998
54.5333	0.00350727
54.6	0.0466448
54.6667	0.00700671
54.7333	0.03829
54.8	0.0369537
54.8667	0.0176226
54.9333	0.0146678
55	0.0354254
55.0667	0.047358
55.1333	0.0751771
55.2	0.0450028
55.2667	0.0334308
55.3333	0.0305819
55.4	0.02392
55.4667	0.020832
55.5333	0.0150754
55.6	0.0183946
55.6667	0.0215844
55.7333	0.0440976
55.8	0.0431022
55.8667	0.0230892
55.9333	0.0466134
56	0.0448931
56.0667	0.0531577
56.1333	0.0577035
56.2	0.041041
56.2667	0.163153
56.3333	0.0593846
56.4	0.0464567
56.4667	0.0434236
56.5333	0.0296061
56.6	0.0247116
56.6667	0.0331094
56.7333	0.0334465
56.8	0.0250408
56.8667	0.024931
56.9333	0.038098
57	0.0294533
57.0667	0.0298334
57.1333	0.0621943
57.2	0.0308875
57.2667	0.0216824
57.3333	0.0463234
57.4	0.0221879
57.4667	0.0561007
57.5333	0.062406
57.6	0.0335366
57.6667	0.0418953
57.7333	0.0390855
57.8	0.0465546
57.8667	0.0349121
57.9333	0.114035
58	0.0142956
58.0667	0.021267
58.1333	0.056328
58.2	0.0515079
58.2667	0.0436313
58.3333	0.0791742
58.4	0.044658
58.4667	0.0563711
58.5333	0.0401162
58.6	0.059753
58.6667	0.0409312
58.7333	0.0645926
58.8	0.027635
58.8667	0.0231715
58.9333	0.0320475
59	0.0464488
59.0667	0.0214865
59.1333	0.0290457
59.2	0.0357507
59.2667	0.0391757
59.3333	0.0299588
59.4	0.0296531
59.4667	0.0171053
59.5333	0.0162902
59.6	0.0233087
59.6667	0.0351511
59.7333	0.0562339
59.8	0.020064
59.8667	0.032937
59.9333	0.0336306
60	0.0246019
60.0667	0.0408803
60.1333	0.0449597
60.2	0.0342772
60.2667	0.235665
60.3333	0.0730688
60.4	0.0565984
60.4667	0.0270746
60.5333	0.0314009
60.6	0.0267297
60.6667	0.0244177
60.7333	0.022521
60.8	0.0126301
60.8667	0.011572
60.9333	0.0212709
61	0.0118385
61.0667	0.0100633
61.1333	0.01466
61.2	0.0130729
61.2667	0.0071517
61.3333	0.0507242
61.4	0.0303154
61.4667	0.0151499
61.5333	0.0278231
61.6	0.0253817
61.6667	0.0231245
61.7333	0.0549486
61.8	0.00256286
61.8667	0.00160668
61.9333	0.114658
62	0.01379
62.0667	0.0428318
62.1333	0.073688
62.2	0.0114897
62.2667	0.0101378
62.3333	0.0160316
62.4	0.0213767
62.4667	0.0213219
62.5333	0.0225092
62.6	0.0197857
62.6667	0.0214512
62.7333	0.0367578
62.8	0.0186023
62.8667	0.0243471
62.9333	0.0307778
63	0.0241355
63.0667	0.0303232
63.1333	0.0421108
63.2	0.0445718
63.2667	0.0316438
63.3333	0.0493761
63.4	0.0241865
63.4667	0.0418443
63.5333	0.0272274
63.6	0.0775793
63.6667	0.00853502
63.7333	0.0363894
63.8	0.00530598
63.8667	0.00604662
63.9333	0.0188805
64	0.0234968
64.0667	0.0102044
64.1333	0.00810788
64.2	0.0116583
64.2667	0.0382116
64.3333	0.0199307
64.4	0.0124734
64.4667	0.030045
64.5333	0.0401201
64.6	0.00695968
64.6667	0.012587
64.7333	0.00958132
64.8	0.0106864
64.8667	0.0227953
64.9333	0.0316125
65	0.0272313
65.0667	0.0247782
65.1333	0.0265808
65.2	0.020256
65.2667	0.154438
65.3333	0.0657761
65.4	0.0221644
65.4667	0.0238847
65.5333	0.0311383
65.6	0.0283129
65.6667	0.0321846
65.7333	0.0262712
65.8	0.0233949
65.8667	0.0402455
65.9333	0.0326588
66	0.0249741
66.0667	0.0254209
66.1333	0.0621787
66.2	0.0335797
66.2667	0.0164391
66.3333	0.0429298
66.4	0.0188491
66.4667	0.0149382
66.5333	0.0401945
66.6	0.0207341
66.6667	0.0260792
66.7333	0.0216863
66.8	0.0206322
66.8667	0.0180928
66.9333	0.171845
67	0.0334621
67.0667	0.0567904
67.1333	0.0760902
67.2	0.0452575
67.2667	0.0221683
67.3333	0.045042
67.4	0.0337168
67.4667	0.038435
67.5333	0.0360485
67.6	0.0476832
67.6667	0.053867
67.7333	0.0333877
67.8	0.0374397
67.8667	0.0430278
67.9333	0.0299431
68	0.0299627
68.0667	0.0359309
68.1333	0.0275527
68.2	0.046249
68.2667	0.0467898
68.3333	0.0319534
68.4	0.0334582
68.4667	0.0469779
68.5333	0.029128
68.6	0.0448539
68.6667	0.0269649
68.7333	0.0373574
68.8	0.0310835
68.8667	0.0395871
68.9333	0.0304133
69	0.154794
69.0667	0.044607
69.1333	0.0460452
69.2	0.0778223
69.2667	0.0455005
69.3333	0.0320083
69.4	0.0386623
69.4667	0.0552503
69.5333	0.0386976
69.6	0.0412996
69.6667	0.0421069
69.7333	0.0570921
69.8	0.0312559
69.8667	0.0520566
69.9333	0.0424596
70	0.0336346
70.0667	0.0300881
70.1333	0.0355116
70.2	0.0429612
70.2667	0.0377022
70.3333	0.0306485
70.4	0.0353706
70.4667	0.0360054
70.5333	0.0303859
70.6	0.033325
70.6667	0.178981
70.7333	0.0594747
70.8	0.0493487
70.8667	0.0461667
70.9333	0.0224309
71	0.0478596
71.0667	0.0614302
71.1333	0.0358212
71.2	0.0358996
71.2667	0.0439408
71.3333	0.0313303
71.4	0.04099
71.4667	0.0454065
71.5333	0.0401514
71.6	0.0396498
71.6667	0.0538984
71.7333	0.0306289
71.8	0.0264123
71.8667	0.0344732
71.9333	0.0307817
72	0.036942
72.0667	0.0480007
72.1333	0.0343987
72.2	0.0331055
72.2667	0.0347827
72.3333	0.133276
72.4	0.0411625
72.4667	0.0552974
72.5333	0.0317927
72.6	0.0265416
72.6667	0.0363581
72.7333	0.0305701
72.8	0.0389993
72.8667	0.0607718
72.9333	0.0223799
73	0.0406648
73.0667	0.0219606
73.1333	0.0296022
73.2	0.0295434
73.2667	0.0314479
73.3333	0.0293357
73.4	0.0256717
73.4667	0.0358682
73.5333	0.0321807
73.6	0.0319103
73.6667	0.0476676
73.7333	0.0333446
73.8	0.0303036
73.8667	0.0357781
73.9333	0.032553
74	0.142952
74.0667	0.0628253
74.1333	0.0424556
74.2	0.0491175
74.2667	0.0562457
74.3333	0.0369733
74.4	0.0318045
74.4667	0.0435803
74.5333	0.0378825
74.6	0.0393755
74.6667	0.0353666
74.7333	0.0589379
74.8	0.0365971
74.8667	0.0361465
74.9333	0.0283521
75	0.0254875
75.0667	0.0230775
75.1333	0.0306446
75.2	0.0325295
75.2667	0.0388543
75.3333	0.0401436
75.4	0.0410684
75.4667	0.0406491
75.5333	0.0483181
75.6	0.0415857
75.6667	0.127653
75.7333	0.0341126
75.8	0.0320514
75.8667	0.0290418
75.9333	0.0386662
76	0.0428554
76.0667	0.0353
76.1333	0.0326431
76.2	0.034144
76.2667	0.0324393
76.3333	0.0293866
76.4	0.0308601
76.4667	0.0306602
76.5333	0.0290379
76.6	0.024982
76.6667	0.0292103
76.7333	0.0318398
76.8	0.0410371
76.8667	0.0261537
76.9333	0.0285324
77	0.0372241
77.0667	0.0383488
77.1333	0.0397987
77.2	0.0394892
77.2667	0.0373495
77.3333	0.0598078
77.4	0.0385878
77.4667	0.0656781
77.5333	0.043741
77.6	0.0368048
77.6667	0.0408176
77.7333	0.0421108
77.8	0.0390542
77.8667	0.0347044
77.9333	0.0352021
78	0.0324119
78.0667	0.065392
78.1333	0.0335483
78.2	0.0415269
78.2667	0.051406
78.3333	0.0395754
78.4	0.0315067
78.4667	0.0298216
78.5333	0.0346221
78.6	0.0379961
78.6667	0.0601605
78.7333	0.0340813
78.8	0.0368322
78.8667	0.0400378
78.9333	0.0325765
79	0.173443
79.0667	0.0520095
79.1333	0.0351119
79.2	0.0426751
79.2667	0.0574331
79.3333	0.0291162
79.4	0.0602232
79.4667	0.0394069
79.5333	0.0358251
79.6	0.0282306
79.6667	0.0505674
79.7333	0.0403552
79.8	0.0334386
79.8667	0.0576917
79.9333	0.0210045
80	0.0171641
80.0667	0.0311501
80.1333	0.0123793
80.2	0.0266905
80.2667	0.0456024
80.3333	0.00726143
80.4	0.0133825
80.4667	0.0243001
80.5333	0.0269218
80.6	0.0169877
80.6667	0.224407
80.7333	0.0557598
80.8	0.0206008
80.8667	0.0144797
80.9333	0.041327
81	0.0581502
81.0667	0.078896
81.1333	0.0266083
81.2	0.0369851
81.2667	0.0161844
81.3333	0.0726339
81.4	0.0672064
81.4667	0.0886145
81.5333	0.0345084
81.6	0.0335248
81.6667	0.045669
81.7333	0.0296649
81.8	0.0369851
81.8667	0.0403434
81.9333	0.0307778
82	0.0286186
82.0667	0.0213415
82.1333	0.0246019
82.2	0.0278152
82.2667	0.0198602
82.3333	0.0681391
82.4	0.0140095
82.4667	0.0304643
82.5333	0.0286029
82.6	0.0252328
82.6667	0.0180301
82.7333	0.0365187
82.8	0.0244216
82.8667	0.0276193
82.9333	0.0267885
83	0.0218705
83.0667	0.0411977
83.1333	0.0346848
83.2	0.0301116
83.2667	0.0339598
83.3333	0.0313186
83.4	0.0242453
83.4667	0.0165136
83.5333	0.0234106
83.6	0.0288576
83.6667	0.0390267
83.7333	0.0307151
83.8	0.0383292
83.8667	0.0279955
83.9333	0.028211
84	0.128092
84.0667	0.0470406
84.1333	0.0180458
84.2	0.0146012
84.2667	0.0477773
84.3333	0.0296178
84.4	0.0234968
84.4667	0.0471229
84.5333	0.0272901
84.6	0.0214198
84.6667	0.0195898
84.7333	0.0276428
84.8	0.0322512
84.8667	0.0369185
84.9333	0.0203383
85	0.0243942
85.0667	0.0394696
85.1333	0.0287322
85.2	0.0274273
85.2667	0.0271843
85.3333	0.037036
85.4	0.0290927
85.4667	0.0301469
85.5333	0.0282032
85.6	0.0318359
85.6667	0.111966
85.7333	0.0341989
85.8	0.0413976
85.8667	0.0263888
85.9333	0.033082
86	0.0328547
86.0667	0.0388739
86.1333	0.0330898
86.2	0.0309776
86.2667	0.038051
86.3333	0.0434863
86.4	0.0417189
86.4667	0.03916
86.5333	0.0307817
86.6	0.0319613
86.6667	0.0243354
86.7333	0.0235987
86.8	0.0238691
86.8667	0.0312206
86.9333	0.0292848
87	0.0309345
87.0667	0.036025
87.1333	0.0262125
87.2	0.0185356
87.2667	0.00842529
87.3333	0.0706196
87.4	0.0542158
87.4667	0.0359466
87.5333	0.0252053
87.6	0.0201031
87.6667	0.038388
87.7333	0.0247116
87.8	0.0411899
87.8667	0.0570569
87.9333	0.0461667
88	0.0342028
88.0667	0.0521467
88.1333	0.043357
88.2	0.042197
88.2667	0.0564769
88.3333	0.0236614
88.4	0.0251035
88.4667	0.0323492
88.5333	0.0440623
88.6	0.0396812
88.6667	0.0426202
88.7333	0.0288263
88.8	0.039834
88.8667	0.0352256
88.9333	0.0399437
89	0.161636
89.0667	0.110802
89.1333	0.0642007
89.2	0.0936893
89.2667	0.110563
89.3333	0.0518449
89.4	0.0517235
89.4667	0.0605602
89.5333	0.0434001
89.6	0.0469935
89.6667	0.0550544
89.7333	0.0454456
89.8	0.0446541
89.8667	0.0601252
89.9333	0.0393755
90	0.0357585
90.0667	0.0554502
90.1333	0.0444268
90.2	0.0381215
90.2667	0.036989
90.3333	0.0344144
90.4	0.0313695
90.4667	0.0418286
90.5333	0.0398222
90.6	0.0450303
90.6667	0.199448
90.7333	0.0531969
90.8	0.0562143
90.8667	0.0549878
90.9333	0.0434236
91	0.0478635
91.0667	0.0578053
91.1333	0.044172
91.2	0.0517039
91.2667	0.0475539
91.3333	0.0502853
91.4	0.0557872
91.4667	0.0524445
91.5333	0.0524876
91.6	0.0522133
91.6667	0.0443954
91.7333	0.0516098
91.8	0.0448186
91.8667	0.0536907
91.9333	0.0524171
92	0.0516137
92.0667	0.0436234
92.1333	0.0452654
92.2	0.0470993
92.2667	0.0475892
92.3333	0.110211
92.4	0.0679431
92.4667	0.0399594
92.5333	0.0489412
92.6	0.0432551
92.6667	0.0455554
92.7333	0.045814
92.8	0.0396537
92.8667	0.0306054
92.9333	0.0375455
93	0.0411154
93.0667	0.0455946
93.1333	0.0254405
93.2	0.0388386
93.2667	0.0441681
93.3333	0.0335562
93.4	0.038341
93.4667	0.0359192
93.5333	0.0293475
93.6	0.031879
93.6667	0.0406569
93.7333	0.0371693
93.8	0.0350453
93.8667	0.038243
93.9333	0.0346691
94	0.134769
94.0667	0.0894296
94.1333	0.0512532
94.2	0.0490744
94.2667	0.0640597
94.3333	0.0371222
94.4	0.023822
94.4667	0.00680293
94.5333	0.00424008
94.6	0.00221801
94.6667	0.0870705
94.7333	0.00650511
94.8	0.100896
94.8667	0.0625078
94.9333	0.096789
95	0.0614302
95.0667	0.0768348
95.1333	0.146984
95.2	0.0681665
95.2667	0.133696
95.3333	0.141098
95.4	0.1821
95.4667	0.112041
95.5333	0.16626
95.6	0.177879
95.6667	0.171178
95.7333	0.191266
95.8	0.163306
95.8667	0.0441485
95.9333	0.186297
96	0.172801
96.0667	0.190024
96.1333	0.245611
96.2	0.236316
96.2667	0.213211
96.3333	0.29458
96.4	0.281616
96.4667	0.25308
96.5333	0.2878
96.6	0.325267
96.6667	0.317438
96.7333	0.295477
96.8	0.341554
96.8667	0.301437
96.9333	0.344932
97	0.349528
97.0667	0.307053
97.1333	0.320694
97.2	0.344375
97.2667	0.316595
97.3333	0.362797
97.4	0.345586
97.4667	0.31578
97.5333	0.343662
97.6	0.32024
97.6667	0.325953
97.7333	0.351096
97.8	0.341068
97.8667	0.344818
97.9333	0.13395
98	0.342337
98.0667	0.398524
98.1333	0.38165
98.2	0.421186
98.2667	0.00576839
98.3333	0.110324
98.4	0.0750635
98.4667	0.208693
98.5333	0.124479
98.6	0.0131082
98.6667	0.423189
98.7333	0.195294
98.8	0.432833
98.8667	0.423565
98.9333	0.456279
99	0.00777478
99.0667	0.00155574
99.1333	0.00216706
99.2	0.428373
99.2667	0.420932
99.3333	0.413298
99.4	0.208187
99.4667	0.420649
99.5333	0.419
99.6	0.369929
99.6667	0.434149
99.7333	0.373856
99.8	0.342059
99.8667	0.420928
99.9333	0.291057
100	0.415622
100.067	0.356174
100.133	0.0400339
100.2	0.342467
100.267	0.456831
100.333	0.050156
100.4	0.296472
100.467	0.529285
100.533	0.556845
100.6	0.607781
100.667	0.248421
100.733	0.296923
100.8	0.580769
100.867	0.579084
100.933	0.472146
101	0.594497
101.067	0.46122
101.133	0.354176
101.2	0.491069
101.267	0.620858
101.333	0.621524
101.4	0.553456
101.467	0.575545
101.533	0.360528
101.6	0.500823
101.667	0.224485
101.733	0.0690717
101.8	0.247512
101.867	0.361394
101.933	0.119306
102	0.294513
102.067	0.13107
102.133	0.48552
102.2	0.308522
102.267	0.596942
102.333	0.612299
102.4	0.193778
102.467	0.565909
102.533	0.608145
102.6	0.574848
102.667	0.582521
102.733	0.625639
102.8	0.608447
102.867	0.619263
102.933	0.626658
103	0.633566
103.067	0.000646592
103.133	0.00526679
103.2	0.205891
103.267	0.601441
103.333	0.609364
103.4	0.62703
103.467	0.582145
103.533	0.605594
103.6	0.50203
103.667	0.584061
103.733	0.642709
103.8	0.643465
103.867	0.589963
103.933	0.563327
104	0.589919
104.067	0.00352687
104.133	0.630134
104.2	0.551218
104.267	0.483189
104.333	0.565321
104.4	0.59472
104.467	0.548761
104.533	0.626446
104.6	0.637383
104.667	0.627963
104.733	0.642235
104.8	0.638814
104.867	0.633739
104.933	0.645229
105	0.641529
105.067	0.626689
105.133	0.641008
105.2	0.65722
105.267	0.614223
105.333	0.647968
105.4	0.643685
105.467	0.666637
105.533	0.652964
105.6	0.577854
105.667	0.608647
105.733	0.611006
105.8	0.0675865
105.867	0.110665
105.933	0.57225
106	0.622163
106.067	0.630753
106.133	0.628186
106.2	0.644845
106.267	0.594191
106.333	0.114223
106.4	0.264805
106.467	0.0658505
106.533	0.623675
106.6	0.506948
106.667	0.533627
106.733	0.590539
106.8	0.661495
106.867	0.64265
106.933	0.685893
107	0.675281
107.067	0.639883
107.133	0.689988
107.2	0.679565
107.267	0.661554
107.333	0.682382
107.4	0.652847
107.467	0.658729
107.533	0.679459
107.6	0.642666
107.667	0.644135
107.733	0.655727
107.8	0.625752
107.867	0.4921
107.933	0.631043
108	0.0914869
108.067	0.602256
108.133	0.635827
108.2	0.614709
108.267	0.594979
108.333	0.618366
108.4	0.622649
108.467	0.598349
108.533	0.598208
108.6	0.631529
108.667	0.573896
108.733	0.623268
108.8	0.642932
108.867	0.609646
108.933	0.640879
109	0.621904
109.067	0.520377
109.133	0.581024
109.2	0.608185
109.267	0.577536
109.333	0.588826
109.4	0.619612
109.467	0.573664
109.533	0.612777
109.6	0.588571
109.667	0.560188
109.733	0.604619
109.8	0.578618
109.867	0.575134
109.933	0.597197
110	0.598031
110.067	0.569636
110.133	0.60378
110.2	0.601084
110.267	0.555039
110.333	0.589614
110.4	0.577293
110.467	0.549188
110.533	0.574593
110.6	0.556085
110.667	0.575165
110.733	0.351421
110.8	0.550348
110.867	0.557382
110.933	0.525056
111	0.590997
111.067	0.576165
111.133	0.55431
111.2	0.593356
111.267	0.536668
111.333	0.548945
111.4	0.551731
111.467	0.528979
111.533	0.558131
111.6	0.54438
111.667	0.00220233
111.733	0.532439
111.8	0.485371
111.867	0.554016
111.933	0.455217
112	0.187237
112.067	0.59155
112.133	0.486241
112.2	0.376524
112.267	0.538176
112.333	0.509244
112.4	0.418635
112.467	0.0014421
112.533	0.448163
112.6	0.55132
112.667	0.565032
112.733	0.014711
112.8	0.491826
112.867	0.609431
112.933	0.630545
113	0.613185
113.067	0.58229
113.133	0.583587
113.2	0.599701
113.267	0.612758
113.333	0.65945
113.4	0.651546
113.467	0.633676
113.533	0.628378
113.6	0.623942
113.667	0.307688
113.733	0.522921
113.8	0.593854
113.867	0.587341
113.933	0.570377
114	0.603878
114.067	0.560838
114.133	0.562876
114.2	0.466769
114.267	0.586056
114.333	0.582423
114.4	0.603917
114.467	0.568006
114.533	0.492982
114.6	0.557993
114.667	0.545242
114.733	0.531064
114.8	0.574389
114.867	0.549819
114.933	0.557037
115	0.543079
115.067	0.559024
115.133	0.573943
115.2	0.555846
115.267	0.532302
115.333	0.54851
115.4	0.542134
115.467	0.541625
115.533	0.5511
115.6	0.554055
115.667	0.542644
115.733	0.552339
115.8	0.545908
115.867	0.502959
115.933	0.547824
116	0.530766
116.067	0.42447
116.133	0.547052
116.2	0.522815
116.267	0.461945
116.333	0.531781
116.4	0.524143
116.467	0.488256
116.533	0.521831
116.6	0.527929
116.667	0.419556
116.733	0.436704
116.8	0.498084
116.867	0.500055
116.933	0.479815
117	0.463944
117.067	0.0881521
117.133	0.498209
117.2	0.514989
117.267	0.515173
117.333	0.492566
117.4	0.480524
117.467	0.485077
117.533	0.475285
117.6	0.495807
117.667	0.500055
117.733	0.0697418
117.8	0.492727
117.867	0.498915
117.933	0.515828
118	0.509997
118.067	0.498918
118.133	0.528893
118.2	0.492594
118.267	0.264476
118.333	0.506203
118.4	0.459135
118.467	0.511247
118.533	0.502155
118.6	0.509421
118.667	0.487625
118.733	0.506384
118.8	0.487217
118.867	0.434138
118.933	0.488126
119	0.115305
119.067	0.00192018
119.133	0.00313107
119.2	0.0445365
119.267	0.0542001
119.333	0.381564
119.4	0.406413
119.467	0.417083
119.533	0.430607
119.6	0.423514
119.667	0.359568
119.733	0.406969
119.8	0.405386
119.867	0.402212
119.933	0.385871
120	0.395526
120.067	0.424882
120.133	0.415755
120.2	0.420238
120.267	0.221479
120.333	0.398904
120.4	0.408298
120.467	0.307284
120.533	0.410476
120.6	0.408607
120.667	0.395319
120.733	0.374267
120.8	0.382559
120.867	0.375666
120.933	0.398297
121	0.3858
121.067	0.380529
121.133	0.412048
121.2	0.421872
121.267	0.396874
121.333	0.418612
121.4	0.410159
121.467	0.399661
121.533	0.411734
121.6	0.407134
121.667	0.343964
121.733	0.415351
121.8	0.412036
121.867	0.388845
121.933	0.428828
122	0.403305
122.067	0.369549
122.133	0.41282
122.2	0.366751
122.267	0.386862
122.333	0.41418
122.4	0.334186
122.467	0.372476
122.533	0.409818
122.6	0.404606
122.667	0.377535
122.733	0.390949
122.8	0.391811
122.867	0.355485
122.933	0.38127
123	0.359929
123.067	0.331122
123.133	0.368844
123.2	0.359858
123.267	0.309036
123.333	0.258907
123.4	0.237005
123.467	0.2008
123.533	0.257089
123.6	0.283137
123.667	0.263614
123.733	0.260961
123.8	0.253958
123.867	0.234995
123.933	0.259299
124	0.257163
124.067	0.234133
124.133	0.236433
124.2	0.233361
124.267	0.220664
124.333	0.231272
124.4	0.199268
124.467	0.213368
124.533	0.225571
124.6	0.214132
124.667	0.194048
124.733	0.234431
124.8	0.234074
124.867	0.226915
124.933	0.254585
125	0.265311
125.067	0.245701
125.133	0.303953
125.2	0.297793
125.267	0.150507
125.333	0.316278
125.4	0.336381
125.467	0.293079
125.533	0.348466
125.6	0.348619
125.667	0.348247
125.733	0.365689
125.8	0.384671
125.867	0.340068
125.933	0.405061
126	0.413897
126.067	0.391055
126.133	0.43154
126.2	0.451282
126.267	0.423741
126.333	0.457815
126.4	0.463293
126.467	0.438303
126.533	0.481911
126.6	0.404026
126.667	0.47581
126.733	0.50658
126.8	0.458638
126.867	0.28898
126.933	0.511795
127	0.518481
127.067	0.517011
127.133	0.458207
127.2	0.509417
127.267	0.442677
127.333	0.512705
127.4	0.476636
127.467	0.487064
127.533	0.48873
127.6	0.480348
127.667	0.432786
127.733	0.468505
127.8	0.446247
127.867	0.320424
127.933	0.399759
128	0.37741
128.067	0.385812
128.133	0.405511
128.2	0.445345
128.267	0.405045
128.333	0.428914
128.4	0.436724
128.467	0.38328
128.533	0.400636
128.6	0.362339
128.667	0.347259
128.733	0.37701
128.8	0.377653
128.867	0.344297
128.933	0.347522
129	0.347247
129.067	0.275429
129.133	0.337815
129.2	0.335699
129.267	0.302017
129.333	0.290269
129.4	0.307347
129.467	0.280723
129.533	0.24607
129.6	0.269711
129.667	0.247288
129.733	0.276573
129.8	0.253778
129.867	0.209269
129.933	0.23275
130	0.231609
130.067	0.165418
130.133	0.226938
130.2	0.210272
130.267	0.185
130.333	0.157765
130.4	0.156679
130.467	0.133284
130.533	0.123378
130.6	0.114365
130.667	0.125666
130.733	0.0987248
130.8	0.099634
130.867	0.0818116
130.933	0.0809063
131	0.0601644
131.067	0.0451988
131.133	0.0584637
131.2	0.0465899
131.267	0.0348925
131.333	0.0418992
131.4	0.0338697
131.467	0.021075
131.533	0.0114858
131.6	0.0160512
131.667	0.0199464
131.733	0.0213062
131.8	0.0167918
131.867	0.0229481
131.933	0.0170387
132	0.0218195
132.067	0.0247625
132.133	0.0211651
132.2	0.0231167
132.267	0.0340735
132.333	0.0543412
132.4	0.0173483
132.467	0.021365
132.533	0.0216197
132.6	0.0211259
132.667	0.0116034
132.733	0.0154085
132.8	0.0161962
132.867	0.0257422
132.933	0.0115329
133	0.0122657
133.067	0.0167526
133.133	0.0242296
133.2	0.0174423
133.267	0.0274351
133.333	0.0282855
133.4	0.0293357
133.467	0.0325099
133.533	0.0385565
133.6	0.0492194
133.667	0.0455946
133.733	0.0632563
133.8	0.084633
133.867	0.0915653
133.933	0.118134
134	0.1362
134.067	0.126395
134.133	0.15936
134.2	0.172648
134.267	0.18594
134.333	0.207478
134.4	0.224505
134.467	0.214818
134.533	0.268677
134.6	0.277933
134.667	0.269218
134.733	0.312328
134.8	0.326572
134.867	0.317884
134.933	0.353721
135	0.363173
135.067	0.34296
135.133	0.347165
135.2	0.378817
135.267	0.367221
135.333	0.39785
135.4	0.383676
135.467	0.381968
135.533	0.388449
135.6	0.362276
135.667	0.349101
135.733	0.352248
135.8	0.346166
135.867	0.328716
135.933	0.336992
136	0.3391
136.067	0.336538
136.133	0.339085
136.2	0.331812
136.267	0.299376
136.333	0.309059
136.4	0.304141
136.467	0.27336
136.533	0.300176
136.6	0.285359
136.667	0.255232
136.733	0.276667
136.8	0.269903
136.867	0.24855
136.933	0.256243
137	0.246712
137.067	0.201909
137.133	0.223251
137.2	0.181081
137.267	0.169497
137.333	0.171551
137.4	0.153681
137.467	0.165222
137.533	0.147074
137.6	0.139225
137.667	0.061485
137.733	0.117041
137.8	0.113024
137.867	0.0862868
137.933	0.0908756
138	0.0747382
138.067	0.062406
138.133	0.0743855
138.2	0.0581737
138.267	0.0375219
138.333	0.0424674
138.4	0.0293906
138.467	0.0209809
138.533	0.0341362
138.6	0.0270903
138.667	0.0283247
138.733	0.0216706
138.8	0.0266004
138.867	0.0171406
138.933	0.0274782
139	0.0608933
139.067	0.0583971
139.133	0.0317379
139.2	0.0180066
139.267	0.0334974
139.333	0.0228698
139.4	0.0288498
139.467	0.027392
139.533	0.0323806
139.6	0.0260871
139.667	0.0212866
139.733	0.0198641
139.8	0.017458
139.867	0.0157063
139.933	0.0218862
140	0.0302174
140.067	0.0421382
140.133	0.0413584
140.2	0.049721
140.267	0.0533066
140.333	0.054545
140.4	0.0589144
140.467	0.0826423
140.533	0.073735
140.6	0.0892689
140.667	0.146886
140.733	0.103815
140.8	0.114756
140.867	0.11518
140.933	0.121309
141	0.137019
141.067	0.146087
141.133	0.163204
141.2	0.174114
141.267	0.166014
141.333	0.180756
141.4	0.197508
141.467	0.188582
141.533	0.210726
141.6	0.221158
141.667	0.222392
141.733	0.233898
141.8	0.239847
141.867	0.225194
141.933	0.243193
142	0.260377
142.067	0.255604
142.133	0.275546
142.2	0.276408
142.267	0.257336
142.333	0.296292
142.4	0.274731
142.467	0.273175
142.533	0.290003
142.6	0.291688
142.667	0.272505
142.733	0.292311
142.8	0.294513
142.867	0.28956
142.933	0.300638
143	0.298557
143.067	0.290234
143.133	0.298526
143.2	0.292193
143.267	0.280347
143.333	0.295042
143.4	0.287447
143.467	0.276534
143.533	0.282165
143.6	0.287671
143.667	0.265667
143.733	0.275868
143.8	0.284222
143.867	0.149163
143.933	0.290104
144	0.285406
144.067	0.257113
144.133	0.265675
144.2	0.0261615
144.267	0.122112
144.333	0.218576
144.4	0.277847
144.467	0.198919
144.533	0.280551
144.6	0.0599685
144.667	0.00212396
144.733	0.0508182
144.8	0.236265
144.867	0.195412
144.933	0.247257
145	0.256595
145.067	0.193104
145.133	0.257191
145.2	0.260628
145.267	0.215558
145.333	0.211733
145.4	0.22117
145.467	0.155127
145.533	0.201999
145.6	0.170653
145.667	0.122676
145.733	0.126807
145.8	0.148677
145.867	0.10592
145.933	0.143602
146	0.133441
146.067	0.11119
146.133	0.0814785
146.2	0.0796171
146.267	0.0886929
146.333	0.0880698
146.4	0.0761803
146.467	0.0628174
146.533	0.00792761
146.6	0.0398575
146.667	0.00273528
146.733	0.0428122
146.8	0.0418051
146.867	0.0404218
146.933	0.0340774
147	0.0287283
147.067	0.0279994
147.133	0.0248448
147.2	0.0234693
147.267	0.0181947
147.333	0.0232773
147.4	0.0109686
147.467	0.0174149
147.533	0.00777086
147.6	0.0105728
147.667	0.0114114
147.733	0.0123323
147.8	0.0122304
147.867	0.00974591
147.933	0.00949903
148	0.0117445
148.067	0.0140683
148.133	0.0138175
148.2	0.0105845
148.267	0.00811963
148.333	0.00749263
148.4	0.0166155
148.467	0.0155025
148.533	0.018469
148.6	0.0182378
148.667	0.00896216
148.733	0.0123636
148.8	0.014805
148.867	0.0165802
148.933	0.0195349
149	0.0361661
149.067	0.0212396
149.133	0.00847232
149.2	0.0156005
149.267	0.0184181
149.333	0.020883
149.4	0.017697
149.467	0.0173404
149.533	0.0178812
149.6	0.0194487
149.667	0.0220625
149.733	0.0212984
149.8	0.0236183
149.867	0.0204558
149.933	0.0196917
150	0.0168937
150.067	0.0197936
150.133	0.0246097
150.2	0.0295904
150.267	0.0256011
150.333	0.0263339
150.4	0.0245979
150.467	0.0252132
150.533	0.0257226
150.6	0.0294924
150.667	0.0693421
150.733	0.0296688
150.8	0.024257
150.867	0.0234576
150.933	0.031538
151	0.0424321
151.067	0.0506145
151.133	0.0509515
151.2	0.0564024
151.267	0.063848
151.333	0.0707881
151.4	0.079429
151.467	0.0862672
151.533	0.0921022
151.6	0.0908521
151.667	0.0911538
151.733	0.0954253
151.8	0.101205
151.867	0.101636
151.933	0.11563
152	0.116073
152.067	0.105563
152.133	0.114752
152.2	0.110724
152.267	0.109784
152.333	0.115427
152.4	0.121022
152.467	0.111955
152.533	0.120239
152.6	0.132367
152.667	0.12123
152.733	0.142399
152.8	0.147309
152.867	0.122864
152.933	0.144312
153	0.153176
153.067	0.129957
153.133	0.161973
153.2	0.16494
153.267	0.141047
153.333	0.175603
153.4	0.184902
153.467	0.148763
153.533	0.186787
153.6	0.183342
153.667	0.157404
153.733	0.187508
153.8	0.185776
153.867	0.153909
153.933	0.19562
154	0.200436
154.067	0.159967
154.133	0.191521
154.2	0.186944
154.267	0.162812
154.333	0.172001
154.4	0.172495
154.467	0.155817
154.533	0.191505
154.6	0.18094
154.667	0.141972
154.733	0.184776
154.8	0.177766
154.867	0.140632
154.933	0.176684
155	0.175893
155.067	0.126352
155.133	0.161288
155.2	0.16204
155.267	0.112484
155.333	0.159136
155.4	0.14334
155.467	0.0938382
155.533	0.136874
155.6	0.127547
155.667	0.103572
155.733	0.113459
155.8	0.109102
155.867	0.0780456
155.933	0.101425
156	0.103721
156.067	0.0724497
156.133	0.0920747
156.2	0.0783356
156.267	0.0626489
156.333	0.0745188
156.4	0.0741857
156.467	0.0504773
156.533	0.0624687
156.6	0.0528403
156.667	0.0462137
156.733	0.0477969
156.8	0.046829
156.867	0.0445051
156.933	0.046249
157	0.0391169
157.067	0.0378276
157.133	0.0386388
157.2	0.0364913
157.267	0.0318986
157.333	0.0381685
157.4	0.0302057
157.467	0.0315968
157.533	0.0324746
157.6	0.0346456
157.667	0.0339637
157.733	0.0348102
157.8	0.0332701
157.867	0.0429141
157.933	0.0598235
158	0.0608659
158.067	0.0449597
158.133	0.0725163
158.2	0.0678726
158.267	0.0472483
158.333	0.0700749
158.4	0.0785081
158.467	0.0471816
158.533	0.0814589
158.6	0.0683076
158.667	0.046441
158.733	0.0597059
158.8	0.0591808
158.867	0.056473
158.933	0.0655723
159	0.0658505
159.067	0.0616261
159.133	0.0768112
159.2	0.0936932
159.267	0.0698241
159.333	0.106151
159.4	0.0994106
159.467	0.071709
159.533	0.108369
159.6	0.101652
159.667	0.0721675
159.733	0.11061
159.8	0.108941
159.867	0.0886733
159.933	0.116018
160	0.143496
160.067	0.101738
160.133	0.117135
160.2	0.128597
160.267	0.118546
160.333	0.122512
160.4	0.150919
160.467	0.112311
160.533	0.124608
160.6	0.132011
160.667	0.122406
160.733	0.153297
160.8	0.160543
160.867	0.113114
160.933	0.161425
161	0.143716
161.067	0.0953782
161.133	0.0969967
161.2	0.0962364
161.267	0.0775323
161.333	0.0787824
161.4	0.0609599
161.467	0.0479771
161.533	0.0436077
161.6	0.0304839
161.667	0.0232146
161.733	0.0188609
161.8	0.0116778
161.867	0.0105845
161.933	0.00895824
162	0.00484356
162.067	0.00871528
162.133	0.0128927
162.2	0.0212004
162.267	0.025656
162.333	0.0397909
162.4	0.0444738
162.467	0.0396577
162.533	0.0537455
162.6	0.0537808
162.667	0.0535731
162.733	0.0649845
162.8	0.0668341
162.867	0.0619631
162.933	0.066356
163	0.0631858
163.067	0.0623785
163.133	0.102804
163.2	0.123229
163.267	0.0781632
163.333	0.118569
163.4	0.119161
163.467	0.0777165
163.533	0.127136
163.6	0.122182
163.667	0.0793741
163.733	0.118789
163.8	0.119181
163.867	0.0841942
163.933	0.119212
164	0.124271
164.067	0.0820819
164.133	0.127093
164.2	0.121716
164.267	0.0787824
164.333	0.08912
164.4	0.0748715
164.467	0.069491
164.533	0.0704511
164.6	0.0683977
164.667	0.0428162
164.733	0.0446109
164.8	0.0419149
164.867	0.0365971
164.933	0.0317379
165	0.0293553
165.067	0.0282267
165.133	0.0305113
165.2	0.0297511
165.267	0.0238103
165.333	0.0251035
165.4	0.0248174
165.467	0.0245274
165.533	0.0267493
165.6	0.0277173
165.667	0.044897
165.733	0.0360485
165.8	0.036989
165.867	0.0314048
165.933	0.0422911
166	0.0436509
166.067	0.0368362
166.133	0.0615752
166.2	0.0849661
166.267	0.0438899
166.333	0.0818468
166.4	0.0730179
166.467	0.0421461
166.533	0.0869765
166.6	0.0840061
166.667	0.0477303
166.733	0.0823132
166.8	0.0757924
166.867	0.0511631
166.933	0.0782494
167	0.0827129
167.067	0.0533693
167.133	0.0668028
167.2	0.0664462
167.267	0.0599646
167.333	0.0692559
167.4	0.0768387
167.467	0.0788411
167.533	0.0853815
167.6	0.0885518
167.667	0.0871019
167.733	0.0859654
167.8	0.0931328
167.867	0.0904798
167.933	0.091099
168	0.0928898
168.067	0.090613
168.133	0.0934894
168.2	0.0986739
168.267	0.0999357
168.333	0.0986935
168.4	0.104188
168.467	0.100829
168.533	0.123824
168.6	0.131286
168.667	0.111092
168.733	0.159297
168.8	0.159924
168.867	0.124498
168.933	0.164595
169	0.176845
169.067	0.142462
169.133	0.188162
169.2	0.18721
169.267	0.14207
169.333	0.195396
169.4	0.204355
169.467	0.158051
169.533	0.224712
169.6	0.225398
169.667	0.150374
169.733	0.243193
169.8	0.244212
169.867	0.161417
169.933	0.222487
170	0.185921
170.067	0.147074
170.133	0.154461
170.2	0.139284
170.267	0.126799
170.333	0.13877
170.4	0.115724
170.467	0.0865924
170.533	0.0978235
170.6	0.0864122
170.667	0.058354
170.733	0.00724967
170.8	0.0587576
170.867	0.0433726
170.933	0.046296
171	0.0305819
171.067	0.0250564
171.133	0.01765
171.2	0.0122774
171.267	0.0107334
171.333	0.00840962
171.4	0.00620729
171.467	0.00567434
171.533	0.00264515
171.6	0.0350375
171.667	0.0263535
171.733	0.019531
171.8	0.0500345
171.867	0.0284187
171.933	0.0212513
172	0.0295238
172.067	0.0340068
172.133	0.0276036
172.2	0.0242609
172.267	0.0188178
172.333	0.143446
172.4	0.0629036
172.467	0.0446227
172.533	0.049721
172.6	0.0316399
172.667	0.0531264
172.733	0.0458767
172.8	0.041378
172.867	0.029465
172.933	0.0520252
173	0.0551171
173.067	0.0457356
173.133	0.0622531
173.2	0.0298255
173.267	0.0206283
173.333	0.0111175
173.4	0.0565553
173.467	0.0357781
173.533	0.0573312
173.6	0.0269688
173.667	0.0278858
173.733	0.0721793
173.8	0.0235477
173.867	0.033611
173.933	0.00836651
174	0.123836
174.067	0.0508535
174.133	0.0569393
174.2	0.0339676
174.267	0.039305
174.333	0.0380666
174.4	0.0412604
174.467	0.0353706
174.533	0.0266004
174.6	0.0271294
174.667	0.0337991
174.733	0.0303702
174.8	0.0424321
174.867	0.00268434
174.933	0.00745736
175	0.0135118
175.067	0.0159218
175.133	0.0229403
175.2	0.0293906
175.267	0.0332505
175.333	0.0397517
175.4	0.0420598
175.467	0.0395597
175.533	0.0476284
175.6	0.0507908
175.667	0.0590985
175.733	0.0552151
175.8	0.0684251
175.867	0.0699691
175.933	0.088685
176	0.0964481
176.067	0.0996889
176.133	0.129938
176.2	0.1464
176.267	0.154387
176.333	0.172209
176.4	0.208892
176.467	0.183479
176.533	0.222874
176.6	0.234525
176.667	0.209316
176.733	0.24991
176.8	0.246869
176.867	0.210907
176.933	0.270252
177	0.254844
177.067	0.232895
177.133	0.291053
177.2	0.305356
177.267	0.261172
177.333	0.349979
177.4	0.329958
177.467	0.27573
177.533	0.333156
177.6	0.34403
177.667	0.282392
177.733	0.364208
177.8	0.34403
177.867	0.299047
177.933	0.369784
178	0.341224
178.067	0.00932268
178.133	0.350061
178.2	0.346048
178.267	0.293557
178.333	0.335158
178.4	0.329433
178.467	0.273771
178.533	0.289893
178.6	0.279073
178.667	0.266137
178.733	0.290708
178.8	0.261474
178.867	0.230998
178.933	0.253386
179	0.246689
179.067	0.227322
179.133	0.236371
179.2	0.237695
179.267	0.209343
179.333	0.218438
179.4	0.201964
179.467	0.176931
179.533	0.176351
179.6	0.182762
179.667	0.145232
179.733	0.152898
179.8	0.147356
179.867	0.124361
179.933	0.137767
180	0.12248
180.067	0.113389
180.133	0.106421
180.2	0.104587
180.267	0.0959112
180.333	0.090617
180.4	0.0805027
180.467	0.0496191
180.533	0.0776185
180.6	0.0734803
180.667	0.158729
180.733	0.0702278
180.8	0.0721088
180.867	0.072579
180.933	0.0736684
181	0.0719246
181.067	0.0717365
181.133	0.0666617
181.2	0.06761
181.267	0.072822
181.333	0.0682018
181.4	0.0738448
181.467	0.0788764
181.533	0.0691501
181.6	0.0742523
181.667	0.0871097
181.733	0.0780927
181.8	0.0765252
181.867	0.0775872
181.933	0.0839904
182	0.0852718
182.067	0.0860007
182.133	0.0846174
182.2	0.0453242
182.267	0.0983408
182.333	0.0802715
182.4	0.0635933
182.467	0.0932856
182.533	0.0978235
182.6	0.101464
182.667	0.0784062
182.733	0.0996026
182.8	0.0902564
182.867	0.0777596
182.933	0.086083
183	0.0822975
183.067	0.0630761
183.133	0.0779281
183.2	0.0803381
183.267	0.0780613
183.333	0.0797307
183.4	0.0790057
183.467	0.0824973
183.533	0.0772893
183.6	0.0772815
183.667	0.0815608
183.733	0.0835672
183.8	0.0883206
183.867	0.0925528
183.933	0.0982154
184	0.114933
184.067	0.0960052
184.133	0.0996222
184.2	0.103447
184.267	0.104313
184.333	0.103204
184.4	0.102028
184.467	0.102745
184.533	0.107303
184.6	0.105308
184.667	0.104854
184.733	0.111367
184.8	0.114686
184.867	0.120678
184.933	0.126795
185	0.117041
185.067	0.114075
185.133	0.113824
185.2	0.11514
185.267	0.119878
185.333	0.120572
185.4	0.123722
185.467	0.133406
185.533	0.129005
185.6	0.133131
185.667	0.21401
185.733	0.15113
185.8	0.143159
185.867	0.150029
185.933	0.135522
186	0.133884
186.067	0.131301
186.133	0.127677
186.2	0.137426
186.267	0.1389
186.333	0.121489
186.4	0.130137
186.467	0.108373
186.533	0.117621
186.6	0.129189
186.667	0.128135
186.733	0.140138
186.8	0.113099
186.867	0.0912871
186.933	0.0953116
187	0.091001
187.067	0.0662659
187.133	0.100731
187.2	0.0548663
187.267	0.0382704
187.333	0.179815
187.4	0.050928
187.467	0.0517862
187.533	0.0278231
187.6	0.0349238
187.667	0.050152
187.733	0.0297746
187.8	0.0332858
187.867	0.0451008
187.933	0.0388739
188	0.0418992
188.067	0.057868
188.133	0.0277878
188.2	0.0235947
188.267	0.0359035
188.333	0.0343948
188.4	0.0370791
188.467	0.036507
188.533	0.0341244
188.6	0.0457944
188.667	0.056759
188.733	0.0348846
188.8	0.0177323
188.867	0.0204911
188.933	0.0229638
189	0.116845
189.067	0.0320827
189.133	0.0328939
189.2	0.0232342
189.267	0.0299078
189.333	0.027055
189.4	0.0261772
189.467	0.0300881
189.533	0.0306877
189.6	0.0424752
189.667	0.0458806
189.733	0.040943
189.8	0.0235869
189.867	0.0184925
189.933	0.0168702
190	0.0271373
190.067	0.0278544
190.133	0.0330428
190.2	0.0362444
190.267	0.0363346
190.333	0.036456
190.4	0.0274273
190.467	0.0255424
190.533	0.0232303
190.6	0.0238064
190.667	0.08729
190.733	0.0289242
190.8	0.0357703
190.867	0.0413427
190.933	0.0308562
191	0.0361308
191.067	0.0428318
191.133	0.041425
191.2	0.0388347
191.267	0.0467114
191.333	0.0317065
191.4	0.0312284
191.467	0.0377061
191.533	0.0202756
191.6	0.031781
191.667	0.0495799
191.733	0.034818
191.8	0.031056
191.867	0.0326627
191.933	0.0242021
192	0.0377414
192.067	0.0327763
192.133	0.0310952
192.2	0.0341675
192.267	0.0403591
192.333	0.0772737
192.4	0.0468407
192.467	0.0504616
192.533	0.0389836
192.6	0.0376434
192.667	0.0586244
192.733	0.0497484
192.8	0.0451517
192.867	0.0445718
192.933	0.0394421
193	0.0314283
193.067	0.0388347
193.133	0.0357859
193.2	0.0302605
193.267	0.033035
193.333	0.0477577
193.4	0.0373221
193.467	0.0384507
193.533	0.044995
193.6	0.0427966
193.667	0.0448578
193.733	0.0399555
193.8	0.0461079
193.867	0.0574213
193.933	0.0506066
194	0.100547
194.067	0.0552111
194.133	0.0538749
194.2	0.0459903
194.267	0.0516882
194.333	0.0427064
194.4	0.0557833
194.467	0.0655488
194.533	0.0507359
194.6	0.0594395
194.667	0.0570177
194.733	0.0543921
194.8	0.0416484
194.867	0.0548389
194.933	0.0506889
195	0.0441093
195.067	0.0456102
195.133	0.0511592
195.2	0.047934
195.267	0.0565905
195.333	0.0353235
195.4	0.0547918
195.467	0.0211142
195.533	0.0585852
195.6	0.0320827
195.667	0.0436038
195.733	0.0638324
195.8	0.0604818
195.867	0.0498464
195.933	0.050011
196	0.041476
196.067	0.0446462
196.133	0.0363894
196.2	0.0515432
196.267	0.0510455
196.333	0.0480007
196.4	0.0550897
196.467	0.0511709
196.533	0.062598
196.6	0.0685035
196.667	0.0660896
196.733	0.0669595
196.8	0.0803616
196.867	0.0812982
196.933	0.0827991
197	0.0891122
197.067	0.083477
197.133	0.0974787
197.2	0.0961659
197.267	0.0965382
197.333	0.120635
197.4	0.0959582
197.467	0.0987327
197.533	0.107127
197.6	0.115662
197.667	0.133167
197.733	0.116681
197.8	0.138684
197.867	0.127712
197.933	0.12897
198	0.130655
198.067	0.143888
198.133	0.143485
198.2	0.14765
198.267	0.164787
198.333	0.168913
198.4	0.154281
198.467	0.148289
198.533	0.158932
198.6	0.167624
198.667	0.149065
198.733	0.170994
198.8	0.176841
198.867	0.162949
198.933	0.176222
199	0.232871
199.067	0.19957
199.133	0.205197
199.2	0.209351
199.267	0.182429
199.333	0.202564
199.4	0.207337
199.467	0.19734
199.533	0.204931
199.6	0.212792
199.667	0.208062
199.733	0.212431
199.8	0.216303
199.867	0.210632
199.933	0.226053
200	0.205307
200.067	0.20156
200.133	0.240967
200.2	0.227851
200.267	0.199272
200.333	0.213579
200.4	0.231829
200.467	0.267791
200.533	0.267532
200.6	0.246716
200.667	0.233608
200.733	0.240509
200.8	0.277071
200.867	0.270526
200.933	0.214927
201	0.286338
201.067	0.226433
201.133	0.204449
201.2	0.109905
201.267	0.184647
201.333	0.191199
201.4	0.125972
201.467	0.168087
201.533	0.123029
201.6	0.128394
201.667	0.120956
201.733	0.15287
201.8	0.152913
201.867	0.157044
201.933	0.146196
202	0.1447
202.067	0.122339
202.133	0.141784
202.2	0.131564
202.267	0.135957
202.333	0.222353
202.4	0.143493
202.467	0.176496
202.533	0.170395
202.6	0.159732
202.667	0.160809
202.733	0.150092
202.8	0.15144
202.867	0.160958
202.933	0.144296
203	0.163611
203.067	0.161628
203.133	0.144112
203.2	0.151216
203.267	0.121113
203.333	0.155135
203.4	0.167522
203.467	0.167373
203.533	0.155288
203.6	0.151459
203.667	0.137289
203.733	0.13158
203.8	0.119251
203.867	0.117919
203.933	0.125874
204	0.204182
204.067	0.119447
204.133	0.0423459
204.2	0.0804518
204.267	0.132034
204.333	0.124357
204.4	0.138821
204.467	0.115403
204.533	0.141357
204.6	0.140667
204.667	0.0923216
204.733	0.126485
204.8	0.121599
204.867	0.122649
204.933	0.132324
205	0.11422
205.067	0.141494
205.133	0.127308
205.2	0.121986
205.267	0.110838
205.333	0.12386
205.4	0.106457
205.467	0.0773951
205.533	0.092882
205.6	0.0916672
205.667	0.136012
205.733	0.108788
205.8	0.105344
205.867	0.11331
205.933	0.114615
206	0.134961
206.067	0.133707
206.133	0.113706
206.2	0.131509
206.267	0.124714
206.333	0.128817
206.4	0.131846
206.467	0.124961
206.533	0.144194
206.6	0.141239
206.667	0.141874
206.733	0.141956
206.8	0.138786
206.867	0.13457
206.933	0.141878
207	0.136415
207.067	0.108859
207.133	0.103032
207.2	0.097655
207.267	0.0968713
207.333	0.23902
207.4	0.130369
207.467	0.10938
207.533	0.106707
207.6	0.0987052
207.667	0.0896843
207.733	0.0961267
207.8	0.0948649
207.867	0.0991873
207.933	0.0978706
208	0.0761372
208.067	0.0532322
208.133	0.098329
208.2	0.0947121
208.267	0.0588869
208.333	0.0608032
208.4	0.0513198
208.467	0.11179
208.533	0.0511866
208.6	0.100104
208.667	0.14055
208.733	0.0666108
208.8	0.0583069
208.867	0.0732021
208.933	0.0628684
209	0.112836
209.067	0.0773991
209.133	0.071133
209.2	0.0636168
209.267	0.0235595
209.333	0.0421343
209.4	0.065588
209.467	0.0674925
209.533	0.0303624
209.6	0.0726378
209.667	0.0690756
209.733	0.073594
209.8	0.0780339
209.867	0.0953586
209.933	0.0654077
210	0.0671515
210.067	0.0733001
210.133	0.071568
210.2	0.0718932
210.267	0.0655174
210.333	0.0692794
210.4	0.069973
210.467	0.0722498
210.533	0.0779202
210.6	0.0702003
210.667	0.204884
210.733	0.023148
210.8	0.0230696
210.867	0.0718188
210.933	0.0519233
211	0.0457043
211.067	0.0107334
211.133	0.00915026
211.2	0.0150715
211.267	0.0668851
211.333	0.0117014
211.4	0.0923765
211.467	0.0526287
211.533	0.0788725
211.6	0.0159297
211.667	0.0162785
211.733	0.0832458
211.8	0.0300411
211.867	0.0305113
211.933	0.0916319
212	0.0831322
212.067	0.0196564
212.133	0.0389993
212.2	0.0486786
212.267	0.0551837
212.333	0.0673005
212.4	0.0564965
212.467	0.060717
212.533	0.0451478
212.6	0.0599489
212.667	0.0416523
212.733	0.023775
212.8	0.0275135
212.867	0.0392815
212.933	0.0357115
213	0.0357036
213.067	0.0174031
213.133	0.0132493
213.2	0.0966871
213.267	0.0154242
213.333	0.107573
213.4	0.0345946
213.467	0.041186
213.533	0.0390032
213.6	0.0355547
213.667	0.0279171
213.733	0.0484239
213.8	0.0384115
213.867	0.0171171
213.933	0.0128887
214	0.0950256
214.067	0.0618534
214.133	0.0229873
214.2	0.0221997
214.267	0.0473541
214.333	0.0361582
214.4	0.0626803
214.467	0.0740995
214.533	0.0614028
214.6	0.0298412
214.667	0.0263183
214.733	0.0266592
214.8	0.0124577
214.867	0.0264045
214.933	0.0239984
215	0.0207928
215.067	0.0250839
215.133	0.0270315
215.2	0.0288772
215.267	0.0396537
215.333	0.0389209
215.4	0.0481927
215.467	0.0310051
215.533	0.0275252
215.6	0.0317536
215.667	0.22454
215.733	0.05025
215.8	0.0286891
215.867	0.0518253
215.933	0.0256207
216	0.0303075
216.067	0.0458297
216.133	0.0251583
216.2	0.0400103
216.267	0.0552934
216.333	0.0375141
216.4	0.0293279
216.467	0.0437958
216.533	0.0269218
216.6	0.0231637
216.667	0.0480242
216.733	0.0354372
216.8	0.0319025
216.867	0.0264437
216.933	0.02305
217	0.0232342
217.067	0.0269805
217.133	0.0249154
217.2	0.0199934
217.267	0.0200365
217.333	0.0920434
217.4	0.00844097
217.467	0.0242413
217.533	0.00790802
217.6	0.0235164
217.667	0.00879365
217.733	0.0110665
217.8	0.0213728
217.867	0.0271569
217.933	0.00875447
218	0.0104278
218.067	0.0233792
218.133	0.0177715
218.2	0.0303428
218.267	0.022231
218.333	0.0349826
218.4	0.0256129
218.467	0.0192763
218.533	0.0205107
218.6	0.0242296
218.667	0.037714
218.733	0.0229207
218.8	0.0258088
218.867	0.026428
218.933	0.0254405
219	0.163756
219.067	0.0808711
219.133	0.0209378
219.2	0.0111018
219.267	0.00843705
219.333	0.0203853
219.4	0.0101456
219.467	0.023536
219.533	0.0115054
219.6	0.0124538
219.667	0.0111175
219.733	0.0170583
219.8	0.0125752
219.867	0.0303311
219.933	0.0138645
220	0.0149813
220.067	0.017505
220.133	0.0186219
220.2	0.0299235
220.267	0.0269531
220.333	0.0276389
220.4	0.0293435
220.467	0.0344536
220.533	0.0343399
220.6	0.0372986
220.667	0.051794
220.733	0.0373652
220.8	0.0352021
220.867	0.0505204
220.933	0.0389249
221	0.04273
221.067	0.0453085
221.133	0.0329723
221.2	0.0326353
221.267	0.0365031
221.333	0.0344732
221.4	0.0363424
221.467	0.0385016
221.533	0.0527933
221.6	0.0438821
221.667	0.0464371
221.733	0.0363894
221.8	0.0525699
221.867	0.0430043
221.933	0.061148
222	0.0464645
222.067	0.0578994
222.133	0.0526953
222.2	0.0390463
222.267	0.0503362
222.333	0.107671
222.4	0.0652235
222.467	0.0582247
222.533	0.0557872
222.6	0.0653842
222.667	0.0771051
222.733	0.0466996
222.8	0.0536476
222.867	0.0456847
222.933	0.0520644
223	0.049239
223.067	0.0540277
223.133	0.0441956
223.2	0.0532087
223.267	0.0426986
223.333	0.0411977
223.4	0.0425105
223.467	0.0415034
223.533	0.052519
223.6	0.0481261
223.667	0.0431414
223.733	0.0529696
223.8	0.0513473
223.867	0.051214
223.933	0.04572
224	0.0774422
224.067	0.0613518
224.133	0.0456377
224.2	0.0517235
224.267	0.046731
224.333	0.0373809
224.4	0.0391286
224.467	0.0573508
224.533	0.0506066
224.6	0.032792
224.667	0.0431453
224.733	0.0279093
224.8	0.0281209
224.867	0.028356
224.933	0.027635
225	0.0262164
225.067	0.0389013
225.133	0.0253934
225.2	0.0295356
225.267	0.0280425
225.333	0.0262125
225.4	0.0221722
225.467	0.0155966
225.533	0.0199307
225.6	0.0218822
225.667	0.16782
225.733	0.0603721
225.8	0.0350375
225.867	0.0177284
225.933	0.0234262
226	0.0189471
226.067	0.0330859
226.133	0.0222506
226.2	0.0252014
226.267	0.0283874
226.333	0.0230422
226.4	0.0225955
226.467	0.024449
226.533	0.0186767
226.6	0.0178695
226.667	0.0196486
226.733	0.0167095
226.8	0.0151616
226.867	0.0292769
226.933	0.0218235
227	0.022039
227.067	0.0230735
227.133	0.0206204
227.2	0.0235516
227.267	0.0245117
227.333	0.202234
227.4	0.0394735
227.467	0.0617358
227.533	0.0615125
227.6	0.0284226
227.667	0.0537181
227.733	0.0341518
227.8	0.0572175
227.867	0.0572136
227.933	0.0280347
228	0.0511474
228.067	0.0748989
228.133	0.0234576
228.2	0.0390503
228.267	0.0270158
228.333	0.0470131
228.4	0.0439526
228.467	0.0184534
228.533	0.0349748
228.6	0.0418835
228.667	0.0493801
228.733	0.0658701
228.8	0.0240297
228.867	0.0586322
228.933	0.0680097
229	0.191717
229.067	0.0581345
229.133	0.0358761
229.2	0.0781162
229.267	0.0489294
229.333	0.00998495
229.4	0.0248683
229.467	0.0416327
229.533	0.023003
229.6	0.0177754
229.667	0.00710076
229.733	0.0153419
229.8	0.00537651
229.867	0.00868785
229.933	0.00915418
230	0.0203539
230.067	0.0403434
230.133	0.0320514
230.2	0.0492233
230.267	0.0586283
230.333	0.0275605
230.4	0.0220351
230.467	0.037761
230.533	0.0413937
230.6	0.0432002
230.667	0.188464
230.733	0.0516921
230.8	0.019096
230.867	0.0785708
230.933	0.0152361
231	0.0310051
231.067	0.0652274
231.133	0.0259891
231.2	0.0259225
231.267	0.0464332
231.333	0.0324393
231.4	0.0264789
231.467	0.0409939
231.533	0.0306563
231.6	0.00799423
231.667	0.0459081
231.733	0.00994576
231.8	0.0175442
231.867	0.036456
231.933	0.00695577
232	0.00422832
232.067	0.00649335
232.133	0.00469465
232.2	0.00986347
232.267	0.0235203
232.333	0.161193
232.4	0.0491763
232.467	0.0734372
232.533	0.0166821
232.6	0.0706745
232.667	0.0373299
232.733	0.0489333
232.8	0.0476597
232.867	0.0698398
232.933	0.0538905
233	0.025464
233.067	0.0621395
233.133	0.0495486
233.2	0.00862123
233.267	0.0308131
233.333	0.0881717
233.4	0.0171641
233.467	0.027635
233.533	0.0110979
233.6	0.0128104
233.667	0.00545489
233.733	0.0211612
233.8	0.019821
233.867	0.00808436
233.933	0.011235
234	0.150056
234.067	0.0544156
234.133	0.0101926
234.2	0.00930309
234.267	0.077838
234.333	0.0859733
234.4	0.0639734
234.467	0.0408019
234.533	0.0428397
234.6	0.0754436
234.667	0.068433
234.733	0.0483847
234.8	0.049529
234.867	0.0241473
234.933	0.0727279
235	0.0647494
235.067	0.0284892
235.133	0.0586636
235.2	0.0134374
235.267	0.0138606
235.333	0.0598705
235.4	0.0186023
235.467	0.038627
235.533	0.0572998
235.6	0.0124616
235.667	0.251752
235.733	0.0699691
235.8	0.0515432
235.867	0.0235869
235.933	0.0569824
236	0.067614
236.067	0.0352648
236.133	0.0296531
236.2	0.00732805
236.267	0.0256678
236.333	0.0147266
236.4	0.0253464
236.467	0.0417581
236.533	0.0205891
236.6	0.0245783
236.667	0.0278936
236.733	0.0167761
236.8	0.0243432
236.867	0.0271843
236.933	0.0194213
237	0.0126379
237.067	0.0190059
237.133	0.0275409
237.2	0.0355155
237.267	0.0496622
237.333	0.199695
237.4	0.01823
237.467	0.0376826
237.533	0.0277604
237.6	0.0303742
237.667	0.0458218
237.733	0.0630329
237.8	0.0235869
237.867	0.0594669
237.933	0.091534
238	0.0859733
238.067	0.0369616
238.133	0.0727593
238.2	0.0334974
238.267	0.0549995
238.333	0.0281444
238.4	0.039834
238.467	0.0412879
238.533	0.067418
238.6	0.0644633
238.667	0.0496465
238.733	0.0207105
238.8	0.00883676
238.867	0.0130847
238.933	0.00809612
239	0.0162314
239.067	0.00699495
239.133	0.0122578
239.2	0.00926782
239.267	0.01823
239.333	0.0163725
239.4	0.0179831
239.467	0.0170779
239.533	0.0165253
239.6	0.0777713
239.667	0.0227209
239.733	0.0198406
239.8	0.0379217
239.867	0.0159218
239.933	0.00551759
240	0.0136921
240.067	0.0108079
240.133	0.00865258
240.2	0.0128574
240.267	0.01167
240.333	0.0184024
240.4	0.0399672
240.467	0.00764546
240.533	0.0134334
240.6	0.00788059
240.667	0.00978118
240.733	0.0107374
240.8	0.0166155
240.867	0.0156475
240.933	0.017121
241	0.0192018
241.067	0.0201619
241.133	0.0179988
241.2	0.022137
241.267	0.104372
241.333	0.0316478
241.4	0.0512454
241.467	0.0370987
241.533	0.0423381
241.6	0.039352
241.667	0.0296845
241.733	0.0349787
241.8	0.0470641
241.867	0.0338344
241.933	0.0382352
242	0.0602467
242.067	0.0322983
242.133	0.0338854
242.2	0.0351198
242.267	0.0351276
242.333	0.0306602
242.4	0.0256599
242.467	0.0322238
242.533	0.0310403
242.6	0.0265926
242.667	0.031201
242.733	0.0337913
242.8	0.0385643
242.867	0.0361034
242.933	0.148806
243	0.0538866
243.067	0.0403748
243.133	0.0364639
243.2	0.0473854
243.267	0.0501756
243.333	0.0387172
243.4	0.0579699
243.467	0.0367617
243.533	0.0418404
243.6	0.0449832
243.667	0.0358526
243.733	0.0287792
243.8	0.0446658
243.867	0.038051
243.933	0.0303938
244	0.032745
244.067	0.0262242
244.133	0.02662
244.2	0.0275292
244.267	0.0255149
244.333	0.027247
244.4	0.0103063
244.467	0.0271216
244.533	0.0287596
244.6	0.0949864
244.667	0.0271804
244.733	0.0173208
244.8	0.0140173
244.867	0.0330467
244.933	0.0297942
245	0.0159375
245.067	0.0223016
245.133	0.0292338
245.2	0.0180066
245.267	0.0219528
245.333	0.0261106
245.4	0.0140604
245.467	0.0248918
245.533	0.0285951
245.6	0.0282384
245.667	0.0243471
245.733	0.0300528
245.8	0.0296414
245.867	0.0263496
245.933	0.027004
246	0.0169799
246.067	0.0313264
246.133	0.0236496
246.2	0.00433413
246.267	0.121606
246.333	0.0401436
246.4	0.0184729
246.467	0.0269178
246.533	0.0158827
246.6	0.0187512
246.667	0.0274547
246.733	0.0447442
246.8	0.0137822
246.867	0.0520056
246.933	0.0597569
247	0.0263065
247.067	0.0585342
247.133	0.031589
247.2	0.0418561
247.267	0.0592866
247.333	0.0715601
247.4	0.0465311
247.467	0.0699025
247.533	0.0643888
247.6	0.0071086
247.667	0.0633386
247.733	0.0770385
247.8	0.051841
247.867	0.0620768
247.933	0.19018
248	0.0863808
248.067	0.0691305
248.133	0.0787275
248.2	0.0771992
248.267	0.0844018
248.333	0.0644946
248.4	0.0779594
248.467	0.063417
248.533	0.0804322
248.6	0.0691579
248.667	0.0859772
248.733	0.0689424
248.8	0.078461
248.867	0.0693852
248.933	0.0674494
249	0.0758512
249.067	0.0637422
249.133	0.0675865
249.2	0.0711369
249.267	0.0724693
249.333	0.0899077
249.4	0.0760471
249.467	0.0819213
249.533	0.0742719
249.6	0.240795
249.667	0.0653097
249.733	0.106543
249.8	0.0687661
249.867	0.102432
249.933	0.106966
250	0.0097851
250.067	0.0554228
250.133	0.0843783
250.2	0.093317
250.267	0.0765173
250.333	0.0352021
250.4	0.0107687
250.467	0.0203304
250.533	0.016204
250.6	0.0185317
250.667	0.00748088
250.733	0.0118934
250.8	0.00996536
250.867	0.0116073
250.933	0.0114858
251	0.00937363
251.067	0.015193
251.133	0.0158317
251.2	0.0157533
251.267	0.0439604
251.333	0.0205851
251.4	0.0210985
251.467	0.023822
251.533	0.02006
251.6	0.0163686
251.667	0.0243981
251.733	0.0225915
251.8	0.0149892
251.867	0.0162158
251.933	0.0199542
252	0.0236574
252.067	0.0323884
252.133	0.0281209
252.2	0.0337325
252.267	0.0310639
252.333	0.0311775
252.4	0.0221918
252.467	0.0312833
252.533	0.0292652
252.6	0.0289086
252.667	0.0310599
252.733	0.0324354
252.8	0.0355116
252.867	0.0339676
252.933	0.140812
253	0.0733863
253.067	0.0545293
253.133	0.0251035
253.2	0.0528207
253.267	0.0583579
253.333	0.0766075
253.4	0.061485
253.467	0.0598
253.533	0.0695733
253.6	0.0501325
253.667	0.0729239
253.733	0.0845037
253.8	0.0734098
253.867	0.0867139
253.933	0.0572881
254	0.00883284
254.067	0.0799227
254.133	0.0791351
254.2	0.0163098
254.267	0.0600586
254.333	0.080534
254.4	0.0160237
254.467	0.0412996
254.533	0.0377453
254.6	0.153811
254.667	0.0403944
254.733	0.0403199
254.8	0.0455789
254.867	0.0255463
254.933	0.0248291
255	0.0368166
255.067	0.0302879
255.133	0.0280543
255.2	0.0362327
255.267	0.0211926
255.333	0.0273528
255.4	0.0389719
255.467	0.0156162
255.533	0.0252445
255.6	0.0228815
255.667	0.0317222
255.733	0.0263418
255.8	0.0517117
255.867	0.0273606
255.933	0.0375337
256	0.0404061
256.067	0.0233283
256.133	0.0223172
256.2	0.030962
256.267	0.22012
256.333	0.045959
256.4	0.0923647
256.467	0.0361386
256.533	0.0370282
256.6	0.0502461
256.667	0.0376944
256.733	0.0286186
256.8	0.0579347
256.867	0.0239905
256.933	0.0323414
257	0.0567473
257.067	0.033129
257.133	0.0513081
257.2	0.0570765
257.267	0.0370635
257.333	0.0424243
257.4	0.0484748
257.467	0.0252093
257.533	0.0259107
257.6	0.0124812
257.667	0.0378511
257.733	0.0371183
257.8	0.0125321
257.867	0.0230148
257.933	0.129162
258	0.0166586
258.067	0.0344575
258.133	0.0917495
258.2	0.124961
258.267	0.078751
258.333	0.0531342
258.4	0.0467858
258.467	0.0265847
258.533	0.020158
258.6	0.0226778
258.667	0.0261968
258.733	0.0312598
258.8	0.0302644
258.867	0.0263457
258.933	0.0202795
259	0.0271373
259.067	0.0213689
259.133	0.0255776
259.2	0.0319848
259.267	0.0251701
259.333	0.0253386
259.4	0.0280895
259.467	0.0341714
259.533	0.0290104
259.6	0.0693029
259.667	0.0403317
259.733	0.0367068
259.8	0.0248722
259.867	0.0425262
259.933	0.0494467
260	0.0271255
260.067	0.0343791
260.133	0.0357154
260.2	0.0195232
260.267	0.0331643
260.333	0.04514
260.4	0.0118032
260.467	0.0254953
260.533	0.0372672
260.6	0.0466879
260.667	0.0238455
260.733	0.0446893
260.8	0.0482789
260.867	0.0295865
260.933	0.0395832
261	0.0289125
261.067	0.0370008
261.133	0.0339833
261.2	0.0290222
261.267	0.177139
261.333	0.0411899
261.4	0.0604544
261.467	0.041472
261.533	0.0221135
261.6	0.0389444
261.667	0.0216079
261.733	0.0349944
261.8	0.013888
261.867	0.0156005
261.933	0.0189706
262	0.020158
262.067	0.0230892
262.133	0.0207497
262.2	0.0163607
262.267	0.0206126
262.333	0.0160551
262.4	0.0177989
262.467	0.0182809
262.533	0.0127712
262.6	0.0125282
262.667	0.0192763
262.733	0.0204284
262.8	0.00873095
262.867	0.00799031
262.933	0.079476
263	0.0179831
263.067	0.0235203
263.133	0.0362484
263.2	0.0769797
263.267	0.0239318
263.333	0.0585734
263.4	0.0753966
263.467	0.04784
263.533	0.0480634
263.6	0.0592122
263.667	0.0270511
263.733	0.0109842
263.8	0.00886027
263.867	0.022039
263.933	0.0171327
264	0.0123284
264.067	0.0188374
264.133	0.018661
264.2	0.0108706
264.267	0.00959308
264.333	0.0123989
264.4	0.00824503
264.467	0.0105845
264.533	0.00821368
264.6	0.133974
264.667	0.0656311
264.733	0.0279681
264.8	0.0119169
264.867	0.0875251
264.933	0.0235242
265	0.0539846
265.067	0.0325804
265.133	0.0294415
265.2	0.0124616
265.267	0.0137391
265.333	0.0112821
265.4	0.0145385
265.467	0.0166507
265.533	0.0166664
265.6	0.015624
265.667	0.0216981
265.733	0.0198915
265.8	0.0113565
265.867	0.0105884
265.933	0.0108863
266	0.011768
266.067	0.0071517
266.133	0.0372907
266.2	0.0170661
266.267	0.158866
266.333	0.0847467
266.4	0.0706667
266.467	0.0738134
266.533	0.0854677
266.6	0.0289556
266.667	0.121073
266.733	0.0103337
266.8	0.00732805
266.867	0.00377767
266.933	0.0113565
267	0.0346848
267.067	0.00460844
267.133	0.0452379
267.2	0.0892297
267.267	0.0929565
267.333	0.0629428
267.4	0.0150166
267.467	0.0124381
267.533	0.00579582
267.6	0.00537651
267.667	0.0099105
267.733	0.0159885
267.8	0.0114349
267.867	0.0122813
267.933	0.078751
268	0.0102083
268.067	0.0188335
268.133	0.0145581
268.2	0.0103807
268.267	0.0131709
268.333	0.0166938
268.4	0.0298059
268.467	0.0141035
268.533	0.0116269
268.6	0.0105297
268.667	0.0133864
268.733	0.0130729
268.8	0.0106237
268.867	0.0150401
268.933	0.01553
269	0.0133198
269.067	0.018904
269.133	0.0157729
269.2	0.0122304
269.267	0.013359
269.333	0.0145346
269.4	0.00694401
269.467	0.0113526
269.533	0.0221605
269.6	0.0940968
269.667	0.0342576
269.733	0.0141075
269.8	0.0426359
269.867	0.0529383
269.933	0.0170348
270	0.0203226
270.067	0.0772932
270.133	0.0507869
270.2	0.0480477
270.267	0.0195506
270.333	0.0763018
270.4	0.0443523
270.467	0.0583344
270.533	0.0410292
270.6	0.0235516
270.667	0.0189824
270.733	0.0194957
270.8	0.0147188
270.867	0.0212121
270.933	0.0183436
271	0.0087192
271.067	0.0137117
271.133	0.00838611
271.2	0.0101182
271.267	0.0737507
271.333	0.0111958
271.4	0.0300097
271.467	0.0638637
271.533	0.00488667
271.6	0.020738
271.667	0.0670183
271.733	0.0115211
271.8	0.0383684
271.867	0.0539493
271.933	0.00681077
272	0.0121481
272.067	0.0428044
272.133	0.0209535
272.2	0.0128456
272.267	0.00927958
272.333	0.0283286
272.4	0.00902094
272.467	0.0135902
272.533	0.00741034
272.6	0.00955781
272.667	0.0132767
272.733	0.00451831
272.8	0.0231519
272.867	0.0104082
272.933	0.0719716
273	0.0548349
273.067	0.141557
273.133	0.0211416
273.2	0.0733941
273.267	0.0946337
273.333	0.0599097
273.4	0.0879326
273.467	0.0746951
273.533	0.0736175
273.6	0.0610422
273.667	0.0770738
273.733	0.0657839
273.8	0.0796876
273.867	0.0406961
273.933	0.0564769
274	0.0509162
274.067	0.0593885
274.133	0.0349865
274.2	0.0419149
274.267	0.00570177
274.333	0.00886027
274.4	0.0255424
274.467	0.0106394
274.533	0.00891514
274.6	0.114655
274.667	0.00878582
274.733	0.0175756
274.8	0.0131317
274.867	0.0217098
274.933	0.0168232
275	0.0135706
275.067	0.0134413
275.133	0.0254914
275.2	0.00734764
275.267	0.00845664
275.333	0.0201815
275.4	0.0290849
275.467	0.0468094
275.533	0.0289321
275.6	0.0382783
275.667	0.0287596
275.733	0.0238259
275.8	0.0992931
275.867	0.126473
275.933	0.00844489
276	0.0694362
276.067	0.0804831
276.133	0.113898
276.2	0.14468
276.267	0.215852
276.333	0.124393
276.4	0.140938
276.467	0.0532635
276.533	0.0796445
276.6	0.089171
276.667	0.0647298
276.733	0.100853
276.8	0.118985
276.867	0.147517
276.933	0.0765213
277	0.187704
277.067	0.135753
277.133	0.114545
277.2	0.130996
277.267	0.181246
277.333	0.0339402
277.4	0.205953
277.467	0.212878
277.533	0.0401279
277.6	0.136047
277.667	0.202748
277.733	0.0792526
277.8	0.242311
277.867	0.144468
277.933	0.159344
278	0.0992813
278.067	0.0864905
278.133	0.139409
278.2	0.170986
278.267	0.112691
278.333	0.117833
278.4	0.119498
278.467	0.133778
278.533	0.139205
278.6	0.130553
278.667	0.13781
278.733	0.10621
278.8	0.126328
278.867	0.0966479
278.933	0.118789
279	0.139633
279.067	0.127257
279.133	0.139139
279.2	0.115427
279.267	0.180909
279.333	0.116461
279.4	0.164254
279.467	0.0884577
279.533	0.0920316
279.6	0.0978862
279.667	0.17166
279.733	0.14457
279.8	0.159877
279.867	0.1738
279.933	0.20999
280	0.174129
280.067	0.0963618
280.133	0.037326
280.2	0.262775
280.267	0.237801
280.333	0.233447
280.4	0.184914
280.467	0.407502
280.533	0.184694
280.6	0.219579
280.667	0.478369
280.733	0.442344
280.8	0.428667
280.867	0.153791
280.933	0.462944
281	0.231754
281.067	0.284932
281.133	0.208019
281.2	0.257595
281.267	0.538317
281.333	0.323218
281.4	0.49853
281.467	0.399641
281.533	0.0671398
281.6	0.502857
281.667	0.516733
281.733	0.501803
281.8	0.426312
281.867	0.508006
281.933	0.516247
282	0.557284
282.067	0.56946
282.133	0.468572
282.2	0.499812
282.267	0.531805
282.333	0.44475
282.4	0.536628
282.467	0.507261
282.533	0.5411
282.6	0.541288
282.667	0.57205
282.733	0.526005
282.8	0.522341
282.867	0.573998
282.933	0.499201
283	0.569389
283.067	0.567622
283.133	0.557386
283.2	0.598176
283.267	0.568829
283.333	0.557202
283.4	0.603721
283.467	0.597377
283.533	0.548549
283.6	0.587184
283.667	0.542134
283.733	0.5623
283.8	0.552864
283.867	0.639633
283.933	0.454766
284	0.662867
284.067	0.656326
284.133	0.589355
284.2	0.61931
284.267	0.634115
284.333	0.470225
284.4	0.548628
284.467	0.168721
284.533	0.632943
284.6	0.567112
284.667	0.616606
284.733	0.612362
284.8	0.564181
284.867	0.488902
284.933	0.00758668
285	0.379217
285.067	0.407643
285.133	0.00686563
285.2	0.567708
285.267	0.612848
285.333	0.336291
285.4	0.17485
285.467	0.536319
285.533	0.192935
285.6	0.317516
285.667	0.515828
285.733	0.396557
285.8	0.634236
285.867	0.608122
285.933	0.660492
286	0.648983
286.067	0.630051
286.133	0.650566
286.2	0.632238
286.267	0.493334
286.333	0.603682
286.4	0.60958
286.467	0.129091
286.533	0.178197
286.6	0.633449
286.667	0.547746
286.733	0.0224465
286.8	0.290222
286.867	0.613722
286.933	0.437692
287	0.672111
287.067	0.708285
287.133	0.676163
287.2	0.676935
287.267	0.695827
287.333	0.723153
287.4	0.640773
287.467	0.691172
287.533	0.731304
287.6	0.734211
287.667	0.752465
287.733	0.718654
287.8	0.696874
287.867	0.7479
287.933	0.64274
288	0.47213
288.067	0.68199
288.133	0.70995
288.2	0.710766
288.267	0.716702
288.333	0.68362
288.4	0.716326
288.467	0.714245
288.533	0.699107
288.6	0.716075
288.667	0.712701
288.733	0.691548
288.8	0.718815
288.867	0.52653
288.933	0.0888575
289	0.00559596
289.067	0.00416562
289.133	0.00268826
289.2	0.674556
289.267	0.613604
289.333	0.700933
289.4	0.704876
289.467	0.706843
289.533	0.686755
289.6	0.684769
289.667	0.690259
289.733	0.674768
289.8	0.700248
289.867	0.705393
289.933	0.668737
290	0.703539
290.067	0.700467
290.133	0.6746
290.2	0.675458
290.267	0.686246
290.333	0.647642
290.4	0.675454
290.467	0.670332
290.533	0.584163
290.6	0.65762
290.667	0.666868
290.733	0.622947
290.8	0.656914
290.867	0.624675
290.933	0.608443
291	0.634311
291.067	0.640992
291.133	0.469951
291.2	0.590656
291.267	0.311685
291.333	0.484321
291.4	0.601966
291.467	0.611512
291.533	0.593995
291.6	0.592741
291.667	0.627461
291.733	0.608287
291.8	0.608338
291.867	0.611598
291.933	0.561654
292	0.626325
292.067	0.624679
292.133	0.595261
292.2	0.633609
292.267	0.551833
292.333	0.618824
292.4	0.618366
292.467	0.510812
292.533	0.551512
292.6	0.586683
292.667	0.616618
292.733	0.551285
292.8	0.380741
292.867	0.596993
292.933	0.55853
293	0.504318
293.067	0.476491
293.133	0.179326
293.2	0.0186689
293.267	0.546958
293.333	0.557833
293.4	0.593944
293.467	0.576423
293.533	0.5459
293.6	0.596836
293.667	0.592721
293.733	0.568696
293.8	0.596812
293.867	0.589888
293.933	0.563499
294	0.581714
294.067	0.570757
294.133	0.545493
294.2	0.578798
294.267	0.518493
294.333	0.366202
294.4	0.581251
294.467	0.593356
294.533	0.557766
294.6	0.574726
294.667	0.555266
294.733	0.538541
294.8	0.527517
294.867	0.496826
294.933	0.525288
295	0.542111
295.067	0.518206
295.133	0.541527
295.2	0.568131
295.267	0.540191
295.333	0.54137
295.4	0.543737
295.467	0.572356
295.533	0.451897
295.6	0.532772
295.667	0.0515746
295.733	0.00160277
295.8	0.0182026
295.867	0.00776694
295.933	0.596256
296	0.514676
296.067	0.392242
296.133	0.601805
296.2	0.641506
296.267	0.630949
296.333	0.620678
296.4	0.643818
296.467	0.656707
296.533	0.640205
296.6	0.670054
296.667	0.606903
296.733	0.662522
296.8	0.651616
296.867	0.677648
296.933	0.667232
297	0.643402
297.067	0.669983
297.133	0.665018
297.2	0.621869
297.267	0.641188
297.333	0.635667
297.4	0.654829
297.467	0.669599
297.533	0.596115
297.6	0.641224
297.667	0.639836
297.733	0.645401
297.8	0.635106
297.867	0.651608
297.933	0.650292
298	0.622802
298.067	0.648309
298.133	0.537843
298.2	0.634946
298.267	0.643328
298.333	0.625596
298.4	0.646561
298.467	0.631419
298.533	0.61891
298.6	0.638183
298.667	0.628347
298.733	0.619381
298.8	0.618303
298.867	0.630114
298.933	0.538513
299	0.566634
299.067	0.582509
299.133	0.578273
299.2	0.607726
299.267	0.596628
299.333	0.577677
299.4	0.606131
299.467	0.602941
299.533	0.58883
299.6	0.386372
299.667	0.56676
299.733	0.53985
299.8	0.580699
299.867	0.579433
299.933	0.54637
300	0.560623
300.067	0.589359
300.133	0.567418
300.2	0.605453
300.267	0.596479
300.333	0.507787
300.4	0.508798
300.467	0.550861
300.533	0.579499
300.6	0.571431
300.667	0.565502
300.733	0.557053
300.8	0.555873
300.867	0.566999
300.933	0.549451
301	0.560525
301.067	0.562904
301.133	0.559298
301.2	0.535582
301.267	0.509448
301.333	0.500674
301.4	0.527945
301.467	0.495505
301.533	0.425238
301.6	0.550227
301.667	0.444193
301.733	0.542389
301.8	0.51417
301.867	0.57408
301.933	0.549129
302	0.567022
302.067	0.488295
302.133	0.217353
302.2	0.468391
302.267	0.510389
302.333	0.548918
302.4	0.506701
302.467	0.499879
302.533	0.540398
302.6	0.484258
302.667	0.430211
302.733	0.455601
302.8	0.471675
302.867	0.471475
302.933	0.44143
303	0.423996
303.067	0.466589
303.133	0.502947
303.2	0.399508
303.267	0.481084
303.333	0.51073
303.4	0.504173
303.467	0.515934
303.533	0.502144
303.6	0.526463
303.667	0.525883
303.733	0.552703
303.8	0.540292
303.867	0.555889
303.933	0.551226
304	0.584088
304.067	0.584081
304.133	0.580342
304.2	0.601013
304.267	0.615403
304.333	0.559459
304.4	0.608212
304.467	0.614843
304.533	0.60398
304.6	0.606049
304.667	0.615372
304.733	0.600531
304.8	0.617907
304.867	0.602467
304.933	0.590476
305	0.620062
305.067	0.605559
305.133	0.597502
305.2	0.596229
305.267	0.610485
305.333	0.545885
305.4	0.600449
305.467	0.588442
305.533	0.563883
305.6	0.595751
305.667	0.588293
305.733	0.540735
305.8	0.573947
305.867	0.552738
305.933	0.516615
306	0.563911
306.067	0.517536
306.133	0.54554
306.2	0.550176
306.267	0.522403
306.333	0.355814
306.4	0.486598
306.467	0.498938
306.533	0.501466
306.6	0.380882
306.667	0.479532
306.733	0.520127
306.8	0.226123
306.867	0.527133
306.933	0.515099
307	0.522278
307.067	0.5245
307.133	0.46294
307.2	0.394261
307.267	0.270965
307.333	0.243875
307.4	0.495568
307.467	0.102859
307.533	0.500231
307.6	0.382187
307.667	0.232417
307.733	0.144727
307.8	0.458814
307.867	0.477024
307.933	0.470425
308	0.119283
308.067	0.470249
308.133	0.442336
308.2	0.462533
308.267	0.436552
308.333	0.413188
308.4	0.42224
308.467	0.446454
308.533	0.433366
308.6	0.438225
308.667	0.414305
308.733	0.430811
308.8	0.431179
308.867	0.431434
308.933	0.403705
309	0.435016
309.067	0.434004
309.133	0.39294
309.2	0.438942
309.267	0.440271
309.333	0.420849
309.4	0.445694
309.467	0.451506
309.533	0.43752
309.6	0.434855
309.667	0.451263
309.733	0.439412
309.8	0.449295
309.867	0.482166
309.933	0.446697
310	0.475057
310.067	0.493479
310.133	0.446419
310.2	0.471785
310.267	0.467717
310.333	0.454989
310.4	0.468384
310.467	0.475288
310.533	0.419752
310.6	0.466452
310.667	0.46131
310.733	0.398042
310.8	0.45486
310.867	0.457454
310.933	0.400335
311	0.376117
311.067	0.435486
311.133	0.383151
311.2	0.274151
311.267	0.380557
311.333	0.376007
311.4	0.432586
311.467	0.426653
311.533	0.333218
311.6	0.262062
311.667	0.136286
311.733	0.00551367
311.8	0.132975
311.867	0.341507
311.933	0.28722
312	0.426951
312.067	0.411738
312.133	0.381748
312.2	0.410833
312.267	0.393759
312.333	0.378958
312.4	0.366112
312.467	0.34626
312.533	0.31647
312.6	0.393516
312.667	0.367006
312.733	0.375654
312.8	0.394876
312.867	0.395777
312.933	0.378209
313	0.379914
313.067	0.377763
313.133	0.0755925
313.2	0.379444
313.267	0.31683
313.333	0.388465
313.4	0.388884
313.467	0.413666
313.533	0.390311
313.6	0.428793
313.667	0.415998
313.733	0.380134
313.8	0.433852
313.867	0.446
313.933	0.339626
314	0.440745
314.067	0.381776
314.133	0.419172
314.2	0.428812
314.267	0.431763
314.333	0.420238
314.4	0.44437
314.467	0.372159
314.533	0.431473
314.6	0.442974
314.667	0.420861
314.733	0.359705
314.8	0.447994
314.867	0.405174
314.933	0.445255
315	0.427899
315.067	0.440862
315.133	0.45042
315.2	0.450036
315.267	0.38109
315.333	0.342808
315.4	0.452912
315.467	0.451733
315.533	0.34798
315.6	0.415183
315.667	0.426386
315.733	0.376168
315.8	0.462866
315.867	0.459461
315.933	0.399069
316	0.466377
316.067	0.464739
316.133	0.396055
316.2	0.465637
316.267	0.435878
316.333	0.414838
316.4	0.438538
316.467	0.443786
316.533	0.0908756
316.6	0.451858
316.667	0.44435
316.733	0.374585
316.8	0.444393
316.867	0.437179
316.933	0.384785
317	0.437508
317.067	0.378499
317.133	0.0198327
317.2	0.234772
317.267	0.406217
317.333	0.349223
317.4	0.402251
317.467	0.389856
317.533	0.329558
317.6	0.37922
317.667	0.352138
317.733	0.248636
317.8	0.343521
317.867	0.332454
317.933	0.28597
318	0.300987
318.067	0.277055
318.133	0.220535
318.2	0.256403
318.267	0.250745
318.333	0.203622
318.4	0.226625
318.467	0.200812
318.533	0.181402
318.6	0.182856
318.667	0.172977
318.733	0.140397
318.8	0.129087
318.867	0.119588
318.933	0.016784
319	0.103192
319.067	0.0909422
319.133	0.0815608
319.2	0.0749929
319.267	0.0649453
319.333	0.0526013
319.4	0.0469073
319.467	0.0391796
319.533	0.0308248
319.6	0.0441329
319.667	0.0281326
319.733	0.0249741
319.8	0.0129123
319.867	0.0100045
319.933	0.0176108
320	0.00808044
320.067	0.00335836
320.133	0.0227248
320.2	0.0295395
320.267	0.0500384
320.333	0.0557284
320.4	0.0484043
320.467	0.0599058
320.533	0.0174893
320.6	0.0675513
320.667	0.0786413
320.733	0.126654
320.8	0.0561791
320.867	0.0659289
320.933	0.0819526
321	0.118154
321.067	0.0691775
321.133	0.0489686
321.2	0.00973023
321.267	0.129855
321.333	0.0278466
321.4	0.0122774
321.467	0.0258284
321.533	0.0368518
321.6	0.0298177
321.667	0.0289948
321.733	0.021941
321.8	0.0280895
321.867	0.0634405
321.933	0.016298
322	0.0166978
322.067	0.00380902
322.133	0.0088877
322.2	0.105794
322.267	0.0313147
322.333	0.00757885
322.4	0.0142995
322.467	0.020495
322.533	0.0127281
322.6	0.0141427
322.667	0.0772384
322.733	0.0265064
322.8	0.0115093
322.867	0.00803342
322.933	0.0125988
323	0.018132
323.067	0.0218391
323.133	0.0178459
323.2	0.00790802
323.267	0.0118072
323.333	0.00521193
323.4	0.00701063
323.467	0.00765722
323.533	0.00353079
323.6	0.00471816
323.667	0.0165919
323.733	0.00554502
323.8	0.00632485
323.867	0.0881168
323.933	0.00824111
324	0.022282
324.067	0.0208046
324.133	0.0178107
324.2	0.0136333
324.267	0.00716738
324.333	0.00654038
324.4	0.00723791
324.467	0.0267101
324.533	0.0092639
324.6	0.0241786
324.667	0.0177793
324.733	0.0349826
324.8	0.00501991
324.867	0.0154163
324.933	0.00419697
325	0.00308797
325.067	0.0309776
325.133	0.0150636
325.2	0.00554502
325.267	0.00816274
325.333	0.00772776
325.4	0.00848407
325.467	0.00504734
325.533	0.132885
325.6	0.0831635
325.667	0.0320984
325.733	0.053095
325.8	0.00966753
325.867	0.0299744
325.933	0.00376199
326	0.0070459
326.067	0.0166155
326.133	0.0195036
326.2	0.00543138
326.267	0.0343086
326.333	0.00220625
326.4	0.00322904
326.467	0.00428318
326.533	0.00440466
326.6	0.00600743
326.667	0.00734764
326.733	0.00797464
326.8	0.00850367
326.867	0.0132806
326.933	0.00994185
327	0.0105688
327.067	0.0103572
327.133	0.00955389
327.2	0.0288459
327.267	0.0105257
327.333	0.00569393
327.4	0.0046829
327.467	0.00575271
327.533	0.00463979
327.6	0.00331917
327.667	0.0045575
327.733	0.0115799
327.8	0.017701
327.867	0.0218901
327.933	0.0343203
328	0.0440858
328.067	0.0430435
328.133	0.0515197
328.2	0.0522956
328.267	0.0476911
328.333	0.074221
328.4	0.0823132
328.467	0.0781906
328.533	0.0963383
328.6	0.1003
328.667	0.0975962
328.733	0.136819
328.8	0.158156
328.867	0.117731
328.933	0.173925
329	0.159787
329.067	0.119949
329.133	0.200232
329.2	0.186587
329.267	0.136251
329.333	0.176073
329.4	0.174133
329.467	0.143924
329.533	0.196082
329.6	0.215037
329.667	0.170093
329.733	0.22706
329.8	0.219054
329.867	0.16726
329.933	0.248405
330	0.20959
330.067	0.144441
330.133	0.201858
330.2	0.193163
330.267	0.145052
330.333	0.186607
330.4	0.194758
330.467	0.125964
330.533	0.190874
330.6	0.164713
330.667	0.133723
330.733	0.165434
330.8	0.16244
330.867	0.124757
330.933	0.144735
331	0.126325
331.067	0.105602
331.133	0.12895
331.2	0.134515
331.267	0.105261
331.333	0.129405
331.4	0.119733
331.467	0.111073
331.533	0.125223
331.6	0.130427
331.667	0.126685
331.733	0.147494
331.8	0.139072
331.867	0.131928
331.933	0.138688
332	0.141796
332.067	0.132504
332.133	0.160578
332.2	0.149715
332.267	0.136231
332.333	0.168451
332.4	0.178808
332.467	0.160171
332.533	0.183413
332.6	0.192316
332.667	0.157906
332.733	0.196705
332.8	0.199342
332.867	0.178495
332.933	0.204151
333	0.204304
333.067	0.189111
333.133	0.207188
333.2	0.239647
333.267	0.19172
333.333	0.222479
333.4	0.222765
333.467	0.174921
333.533	0.220531
333.6	0.210609
333.667	0.151365
333.733	0.198919
333.8	0.208222
333.867	0.166558
333.933	0.186109
334	0.173416
334.067	0.13147
334.133	0.145824
334.2	0.134534
334.267	0.112503
334.333	0.118224
334.4	0.109231
334.467	0.0733353
334.533	0.0949433
334.6	0.0717874
334.667	0.0621316
334.733	0.0609991
334.8	0.0599332
334.867	0.053436
334.933	0.0529657
335	0.0487922
335.067	0.0401044
335.133	0.0411115
335.2	0.0366677
335.267	0.033035
335.333	0.0345359
335.4	0.0276937
335.467	0.0272078
335.533	0.0391796
335.6	0.0367264
335.667	0.0291162
335.733	0.0500972
335.8	0.0424792
335.867	0.0407941
335.933	0.074076
336	0.0736214
336.067	0.0492468
336.133	0.0741857
336.2	0.0925959
336.267	0.0511592
336.333	0.100994
336.4	0.112107
336.467	0.0692285
336.533	0.12163
336.6	0.115736
336.667	0.0889907
336.733	0.123609
336.8	0.11719
336.867	0.110438
336.933	0.115556
337	0.12723
337.067	0.126438
337.133	0.131207
337.2	0.142979
337.267	0.133135
337.333	0.136603
337.4	0.148665
337.467	0.147752
337.533	0.163537
337.6	0.175324
337.667	0.171088
337.733	0.186591
337.8	0.204339
337.867	0.204331
337.933	0.228267
338	0.234349
338.067	0.218748
338.133	0.238408
338.2	0.240309
338.267	0.230003
338.333	0.256489
338.4	0.255984
338.467	0.245478
338.533	0.260032
338.6	0.249502
338.667	0.241967
338.733	0.253253
338.8	0.259311
338.867	0.246242
338.933	0.247433
339	0.239129
339.067	0.234729
339.133	0.239459
339.2	0.249483
339.267	0.240658
339.333	0.241618
339.4	0.243381
339.467	0.22635
339.533	0.243119
339.6	0.234145
339.667	0.222161
339.733	0.228447
339.8	0.219065
339.867	0.20575
339.933	0.222436
340	0.212321
340.067	0.184102
340.133	0.207113
340.2	0.195102
340.267	0.154171
340.333	0.176947
340.4	0.164924
340.467	0.128731
340.533	0.145056
340.6	0.130263
340.667	0.0962952
340.733	0.131952
340.8	0.108741
340.867	0.0697497
340.933	0.088254
341	0.0887634
341.067	0.0693931
341.133	0.0750909
341.2	0.0643692
341.267	0.0428318
341.333	0.0457278
341.4	0.0357389
341.467	0.0269178
341.533	0.0237593
341.6	0.00855853
341.667	0.00712819
341.733	0.00776303
341.8	0.00716738
341.867	0.0208281
341.933	0.00248448
342	0.00384037
342.067	0.00197896
342.133	0.00651687
342.2	0.138602
342.267	0.0214081
342.333	0.0900997
342.4	0.0831322
342.467	0.0697105
342.533	0.0615438
342.6	0.0400652
342.667	0.0727279
342.733	0.0241159
342.8	0.0651334
342.867	0.0612303
342.933	0.0196015
343	0.0536711
343.067	0.0648512
343.133	0.0148246
343.2	0.00836651
343.267	0.0502108
343.333	0.0594003
343.4	0.0230775
343.467	0.0180928
343.533	0.0454496
343.6	0.0354137
343.667	0.0348063
343.733	0.0647376
343.8	0.0183554
343.867	0.142666
343.933	0.047695
344	0.0326353
344.067	0.070024
344.133	0.0415426
344.2	0.0420207
344.267	0.0259029
344.333	0.0190372
344.4	0.0556461
344.467	0.0725477
344.533	0.0416209
344.6	0.0471856
344.667	0.0560106
344.733	0.0527972
344.8	0.0512689
344.867	0.0608972
344.933	0.041041
345	0.0376003
345.067	0.0366363
345.133	0.0425732
345.2	0.0605916
345.267	0.0564103
345.333	0.0318202
345.4	0.0412879
345.467	0.0244765
345.533	0.0856872
345.6	0.0733823
345.667	0.0755024
345.733	0.0616614
345.8	0.0527031
345.867	0.0714896
345.933	0.0776734
346	0.0642282
346.067	0.0410841
346.133	0.0449597
346.2	0.0241551
346.267	0.115317
346.333	0.0478086
346.4	0.0892807
346.467	0.0873527
346.533	0.0765565
346.6	0.0443876
346.667	0.0501442
346.733	0.0654547
346.8	0.0443641
346.867	0.0345124
346.933	0.0237476
347	0.0481339
347.067	0.0599254
347.133	0.0435921
347.2	0.0335248
347.267	0.0383997
347.333	0.0474677
347.4	0.0324354
347.467	0.042342
347.533	0.0563515
347.6	0.0406452
347.667	0.0360524
347.733	0.041331
347.8	0.0153693
347.867	0.0368832
347.933	0.162675
348	0.0472718
348.067	0.00933444
348.133	0.0375572
348.2	0.0550387
348.267	0.0403238
348.333	0.022956
348.4	0.0686681
348.467	0.0636756
348.533	0.0132806
348.6	0.0217333
348.667	0.0506693
348.733	0.0679627
348.8	0.0553013
348.867	0.0691109
348.933	0.0446462
349	0.0719716
349.067	0.0346338
349.133	0.0442739
349.2	0.0385682
349.267	0.0361778
349.333	0.0231911
349.4	0.0370321
349.467	0.0642752
349.533	0.0317183
349.6	0.104619
349.667	0.0419462
349.733	0.0298961
349.8	0.0465115
349.867	0.0482515
349.933	0.0322865
350	0.126654
350.067	0.0386584
350.133	0.0379413
350.2	0.0421461
350.267	0.0436352
350.333	0.0267101
350.4	0.00661092
350.467	0.00951862
350.533	0.0129358
350.6	0.018469
350.667	0.0272313
350.733	0.0301665
350.8	0.0332701
350.867	0.0407902
350.933	0.0463822
351	0.0497994
351.067	0.0539611
351.133	0.0532635
351.2	0.0565749
351.267	0.0595453
351.333	0.0568805
351.4	0.0621826
351.467	0.0621042
351.533	0.0625392
351.6	0.0632642
351.667	0.0635816
351.733	0.0632916
351.8	0.0660778
351.867	0.0744482
351.933	0.0629389
352	0.0854403
352.067	0.0836573
352.133	0.0686759
352.2	0.0806085
352.267	0.0905817
352.333	0.0729395
352.4	0.0924509
352.467	0.0966362
352.533	0.0908599
352.6	0.110289
352.667	0.119145
352.733	0.111864
352.8	0.126834
352.867	0.141349
352.933	0.199374
353	0.145021
353.067	0.119357
353.133	0.14517
353.2	0.140655
353.267	0.1497
353.333	0.154238
353.4	0.0925176
353.467	0.161558
353.533	0.153066
353.6	0.0853698
353.667	0.163541
353.733	0.157678
353.8	0.169529
353.867	0.107573
353.933	0.158619
354	0.169533
354.067	0.130384
354.133	0.117155
354.2	0.0960523
354.267	0.0964598
354.333	0.104999
354.4	0.106805
354.467	0.107499
354.533	0.0937598
354.6	0.141251
354.667	0.103384
354.733	0.104744
354.8	0.0982781
354.867	0.0961933
354.933	0.102436
355	0.0952176
355.067	0.0945083
355.133	0.0920003
355.2	0.0939597
355.267	0.0552621
355.333	0.0902094
355.4	0.08642
355.467	0.0744561
355.533	0.0349042
355.6	0.0892101
355.667	0.0406295
355.733	0.0814393
355.8	0.0533184
355.867	0.0895824
355.933	0.11025
356	0.0475461
356.067	0.0464018
356.133	0.114553
356.2	0.0516098
356.267	0.0654978
356.333	0.11364
356.4	0.0681626
356.467	0.0557049
356.533	0.112542
356.6	0.0714426
356.667	0.0674337
356.733	0.137716
356.8	0.0762705
356.867	0.0875368
356.933	0.136588
357	0.144852
357.067	0.13022
357.133	0.123977
357.2	0.136435
357.267	0.145342
357.333	0.13611
357.4	0.144758
357.467	0.14294
357.533	0.139268
357.6	0.145025
357.667	0.14814
357.733	0.139292
357.8	0.142207
357.867	0.145914
357.933	0.236206
358	0.158944
358.067	0.153336
358.133	0.158928
358.2	0.160218
358.267	0.166958
358.333	0.165912
358.4	0.16706
358.467	0.164955
358.533	0.163674
358.6	0.16338
358.667	0.162937
358.733	0.162945
358.8	0.161538
358.867	0.164419
358.933	0.160547
359	0.175191
359.067	0.181085
359.133	0.184361
359.2	0.186556
359.267	0.194381
359.333	0.182966
359.4	0.187563
359.467	0.197171
359.533	0.204876
359.6	0.18007
359.667	0.193343
359.733	0.168968
359.8	0.166633
359.867	0.153407
359.933	0.147196
360	0.127798
360.067	0.127708
360.133	0.128829
360.2	0.111006
360.267	0.169333
360.333	0.124565
360.4	0.107346
360.467	0.11554
360.533	0.123052
360.6	0.118624
360.667	0.118256
360.733	0.120247
360.8	0.127986
360.867	0.127853
360.933	0.134742
361	0.124353
361.067	0.106504
361.133	0.125317
361.2	0.123926
361.267	0.129577
361.333	0.130811
361.4	0.11525
361.467	0.10525
361.533	0.13223
361.6	0.138821
361.667	0.138986
361.733	0.130682
361.8	0.117276
361.867	0.124659
361.933	0.128135
362	0.132932
362.067	0.141435
362.133	0.140608
362.2	0.150629
362.267	0.163666
362.333	0.165555
362.4	0.171441
362.467	0.171421
362.533	0.184722
362.6	0.182931
362.667	0.178651
362.733	0.187484
362.8	0.196313
362.867	0.209359
362.933	0.207525
363	0.214802
363.067	0.22195
363.133	0.23177
363.2	0.158407
363.267	0.236986
363.333	0.221334
363.4	0.199738
363.467	0.177064
363.533	0.202133
363.6	0.18442
363.667	0.178608
363.733	0.176461
363.8	0.180337
363.867	0.175136
363.933	0.169623
364	0.181626
364.067	0.173502
364.133	0.174788
364.2	0.169842
364.267	0.177327
364.333	0.169979
364.4	0.168239
364.467	0.164082
364.533	0.17282
364.6	0.27537
364.667	0.168678
364.733	0.137093
364.8	0.159007
364.867	0.163306
364.933	0.164089
365	0.156209
365.067	0.0940263
365.133	0.106531
365.2	0.10679
365.267	0.104293
365.333	0.112589
365.4	0.104427
365.467	0.107217
365.533	0.112123
365.6	0.109098
365.667	0.112601
365.733	0.109642
365.8	0.113691
365.867	0.121661
365.933	0.125361
366	0.125086
366.067	0.0398301
366.133	0.131176
366.2	0.129248
366.267	0.197305
366.333	0.117531
366.4	0.0581776
366.467	0.0546782
366.533	0.0535927
366.6	0.138151
366.667	0.111324
366.733	0.131258
366.8	0.123577
366.867	0.106014
366.933	0.051022
367	0.059557
367.067	0.115023
367.133	0.119439
367.2	0.0918475
367.267	0.104572
367.333	0.105504
367.4	0.105653
367.467	0.106433
367.533	0.118632
367.6	0.118922
367.667	0.111488
367.733	0.125455
367.8	0.124694
367.867	0.125815
367.933	0.205601
368	0.035347
368.067	0.132939
368.133	0.143449
368.2	0.127379
368.267	0.124146
368.333	0.0940615
368.4	0.0494819
368.467	0.026044
368.533	0.0831322
368.6	0.033082
368.667	0.0772188
368.733	0.0658623
368.8	0.0401632
368.867	0.0431806
368.933	0.0662424
369	0.0541021
369.067	0.0626646
369.133	0.0724105
369.2	0.0631779
369.267	0.0666225
369.333	0.082948
369.4	0.0682018
369.467	0.0702082
369.533	0.0783278
369.6	0.14363
369.667	0.100002
369.733	0.100516
369.8	0.0904289
369.867	0.075808
369.933	0.0831008
370	0.0809102
370.067	0.0794486
370.133	0.0763488
370.2	0.0850837
370.267	0.0991285
370.333	0.0995321
370.4	0.0937206
370.467	0.0986112
370.533	0.10001
370.6	0.0994694
370.667	0.104783
370.733	0.112131
370.8	0.104395
370.867	0.110187
370.933	0.135827
371	0.117449
371.067	0.118146
371.133	0.126305
371.2	0.123519
371.267	0.219465
371.333	0.166754
371.4	0.14678
371.467	0.140224
371.533	0.154798
371.6	0.149817
371.667	0.148955
371.733	0.124428
371.8	0.148599
371.867	0.156127
371.933	0.122249
372	0.155978
372.067	0.166703
372.133	0.158145
372.2	0.155797
372.267	0.154304
372.333	0.148042
372.4	0.128621
372.467	0.0620062
372.533	0.0400064
372.6	0.121912
372.667	0.133092
372.733	0.131885
372.8	0.120521
372.867	0.121986
372.933	0.124918
373	0.14216
373.067	0.131536
373.133	0.130839
373.2	0.122069
373.267	0.100951
373.333	0.0885518
373.4	0.0560066
373.467	0.0414446
373.533	0.107738
373.6	0.0701847
373.667	0.0538043
373.733	0.0605837
373.8	0.0626489
373.867	0.0671515
373.933	0.0483886
374	0.0681861
374.067	0.0589457
374.133	0.0575898
374.2	0.0669282
374.267	0.0732256
374.333	0.083191
374.4	0.0791586
374.467	0.0859537
374.533	0.0798091
374.6	0.106398
374.667	0.0930583
374.733	0.096981
374.8	0.0969457
374.867	0.0874193
374.933	0.0937402
375	0.0908991
375.067	0.0936148
375.133	0.0823445
375.2	0.0777831
375.267	0.0689973
375.333	0.0925332
375.4	0.0563162
375.467	0.0608228
375.533	0.0490548
375.6	0.0728612
375.667	0.0580013
375.733	0.0511004
375.8	0.0609364
375.867	0.0528129
375.933	0.0763057
376	0.0605641
376.067	0.0634209
376.133	0.0221135
376.2	0.0226542
376.267	0.116383
376.333	0.103345
376.4	0.0893943
376.467	0.0778575
376.533	0.0933131
376.6	0.0698085
376.667	0.0491018
376.733	0.0897352
376.8	0.0691501
376.867	0.0656546
376.933	0.058499
377	0.0523034
377.067	0.0801187
377.133	0.0873252
377.2	0.0838493
377.267	0.0916162
377.333	0.0854599
377.4	0.08073
377.467	0.0804165
377.533	0.0874859
377.6	0.0658623
377.667	0.0763802
377.733	0.0950256
377.8	0.0652549
377.867	0.0603212
377.933	0.119553
378	0.0816626
378.067	0.0361504
378.133	0.0380588
378.2	0.047456
378.267	0.0392697
378.333	0.0575937
378.4	0.0415543
378.467	0.027776
378.533	0.0325177
378.6	0.0400299
378.667	0.0199699
378.733	0.0371849
378.8	0.0203148
378.867	0.0221056
378.933	0.0255776
379	0.0275096
379.067	0.0175795
379.133	0.0224505
379.2	0.0188687
379.267	0.0187943
379.333	0.0144837
379.4	0.00841354
379.467	0.0129162
379.533	0.013598
379.6	0.0322395
379.667	0.00887203
379.733	0.00920904
379.8	0.0148089
379.867	0.0662267
379.933	0.022137
380	0.0511317
380.067	0.0485062
380.133	0.021992
380.2	0.0284579
380.267	0.0331682
380.333	0.0242178
380.4	0.0213415
380.467	0.0183946
380.533	0.0119326
380.6	0.0120501
380.667	0.012971
380.733	0.0270158
380.8	0.0262399
380.867	0.018132
380.933	0.0780535
381	0.0462372
381.067	0.0321141
381.133	0.0402024
381.2	0.0312833
381.267	0.18
381.333	0.059894
381.4	0.0446815
381.467	0.0793819
381.533	0.0772031
381.6	0.0570804
381.667	0.0484239
381.733	0.0341518
381.8	0.0156946
381.867	0.00983996
381.933	0.0294493
382	0.0355782
382.067	0.0287753
382.133	0.05141
382.2	0.0353392
382.267	0.0368597
382.333	0.0525777
382.4	0.0451478
