time_sec	Dynamic_density
0.0666667	0.0747461
0.133333	0.0782729
0.2	0.0797934
0.266667	0.0773873
0.333333	0.0640166
0.4	0.0808475
0.466667	0.0867884
0.533333	0.0778693
0.6	0.0827168
0.666667	0.0977804
0.733333	0.0809847
0.8	0.0910794
0.866667	0.0946258
0.933333	0.0889554
1	0.090084
1.06667	0.0757806
1.13333	0.0638402
1.2	0.072434
1.26667	0.0953547
1.33333	0.0889084
1.4	0.085264
1.46667	0.077403
1.53333	0.101742
1.6	0.0805105
1.66667	0.0927057
1.73333	0.109509
1.8	0.0963187
1.86667	0.125364
1.93333	0.108733
2	0.109125
2.06667	0.0877328
2.13333	0.114459
2.2	0.113263
2.26667	0.118111
2.33333	0.119721
2.4	0.116438
2.46667	0.100962
2.53333	0.111218
2.6	0.106762
2.66667	0.102197
2.73333	0.107421
2.8	0.0934463
2.86667	0.0996771
2.93333	0.163388
3	0.105489
3.06667	0.107342
3.13333	0.0963697
3.2	0.11583
3.26667	0.105449
3.33333	0.0555991
3.4	0.0753848
3.46667	0.0695459
3.53333	0.0663913
3.6	0.0761529
3.66667	0.0753731
3.73333	0.0388269
3.8	0.075761
3.86667	0.061152
3.93333	0.0639499
4	0.0575114
4.06667	0.0634797
4.13333	0.0377336
4.2	0.05054
4.26667	0.0301547
4.33333	0.0253229
4.4	0.0279171
4.46667	0.0291946
4.53333	0.0265651
4.6	0.0842137
4.66667	0.0802754
4.73333	0.0499012
4.8	0.0707725
4.86667	0.0409979
4.93333	0.0597255
5	0.0570216
5.06667	0.0368087
5.13333	0.0419227
5.2	0.0691815
5.26667	0.0516372
5.33333	0.107393
5.4	0.0530558
5.46667	0.0619083
5.53333	0.0607013
5.6	0.0610461
5.66667	0.0739702
5.73333	0.0808867
5.8	0.0724575
5.86667	0.0760314
5.93333	0.0895981
6	0.0884577
6.06667	0.0902878
6.13333	0.0866042
6.2	0.0884852
6.26667	0.134954
6.33333	0.107131
6.4	0.0899233
6.46667	0.0867609
6.53333	0.0921845
6.6	0.0902564
6.66667	0.0848016
6.73333	0.0912479
6.8	0.0878621
6.86667	0.0972396
6.93333	0.102691
7	0.0893316
7.06667	0.0973533
7.13333	0.112824
7.2	0.0992264
7.26667	0.0980547
7.33333	0.0981723
7.4	0.105332
7.46667	0.105935
7.53333	0.128456
7.6	0.110199
7.66667	0.109192
7.73333	0.114725
7.8	0.121834
7.86667	0.121599
7.93333	0.17967
8	0.118597
8.06667	0.121289
8.13333	0.134162
8.2	0.127645
8.26667	0.13245
8.33333	0.135906
8.4	0.129608
8.46667	0.124847
8.53333	0.131877
8.6	0.129291
8.66667	0.13964
8.73333	0.133896
8.8	0.123883
8.86667	0.133421
8.93333	0.128829
9	0.136846
9.06667	0.136764
9.13333	0.133864
9.2	0.133245
9.26667	0.101589
9.33333	0.13531
9.4	0.141878
9.46667	0.145279
9.53333	0.141294
9.6	0.199127
9.66667	0.145683
9.73333	0.137775
9.8	0.1167
9.86667	0.126117
9.93333	0.122743
10	0.132312
10.0667	0.11632
10.1333	0.103459
10.2	0.106821
10.2667	0.101233
10.3333	0.083814
10.4	0.112413
10.4667	0.106633
10.5333	0.120674
10.6	0.107703
10.6667	0.112664
10.7333	0.114043
10.8	0.110646
10.8667	0.104536
10.9333	0.154735
11	0.114125
11.0667	0.109286
11.1333	0.0982076
11.2	0.110932
11.2667	0.20102
11.3333	0.120948
11.4	0.102013
11.4667	0.131533
11.5333	0.0901114
11.6	0.0913184
11.6667	0.128535
11.7333	0.132422
11.8	0.115301
11.8667	0.123037
11.9333	0.111598
12	0.124518
12.0667	0.119239
12.1333	0.0718109
12.2	0.130255
12.2667	0.109329
12.3333	0.0882422
12.4	0.0967106
12.4667	0.122155
12.5333	0.0551955
12.6	0.0618417
12.6667	0.10119
12.7333	0.0542158
12.8	0.0665912
12.8667	0.0456181
12.9333	0.150797
13	0.0884342
13.0667	0.0564338
13.1333	0.0684134
13.2	0.0739114
13.2667	0.041233
13.3333	0.0517979
13.4	0.0570255
13.4667	0.0628644
13.5333	0.0645142
13.6	0.0551602
13.6667	0.0495877
13.7333	0.0528756
13.8	0.0514844
13.8667	0.0393246
13.9333	0.0369929
14	0.0427221
14.0667	0.061199
14.1333	0.0497053
14.2	0.0289634
14.2667	0.0405159
14.3333	0.0597177
14.4	0.0707803
14.4667	0.0512023
14.5333	0.0705491
14.6	0.194131
14.6667	0.113479
14.7333	0.0616771
14.8	0.0462137
14.8667	0.059655
14.9333	0.0755533
15	0.0476166
15.0667	0.0724223
15.1333	0.0797425
15.2	0.0634327
15.2667	0.0610657
15.3333	0.0830734
15.4	0.0571235
15.4667	0.0556892
15.5333	0.0623276
15.6	0.0493683
15.6667	0.0423616
15.7333	0.0598392
15.8	0.0494819
15.8667	0.0333955
15.9333	0.0499483
16	0.0350335
16.0667	0.0373417
16.1333	0.0345555
16.2	0.0266004
16.2667	0.104039
16.3333	0.0554188
16.4	0.0623746
16.4667	0.0550936
16.5333	0.048565
16.6	0.0538984
16.6667	0.0407745
16.7333	0.0316007
16.8	0.0204676
16.8667	0.0431218
16.9333	0.0445835
17	0.038098
17.0667	0.0503441
17.1333	0.0474324
17.2	0.0359427
17.2667	0.0369812
17.3333	0.0491175
17.4	0.0599685
17.4667	0.0366559
17.5333	0.0596119
17.6	0.0475696
17.6667	0.0357428
17.7333	0.0444777
17.8	0.0377923
17.8667	0.0425967
17.9333	0.145221
18	0.0874624
18.0667	0.0411938
18.1333	0.0573037
18.2	0.0292808
18.2667	0.0252367
18.3333	0.0276467
18.4	0.0202011
18.4667	0.0176069
18.5333	0.0234615
18.6	0.0242923
18.6667	0.0231049
18.7333	0.0294924
18.8	0.0291123
18.8667	0.0307621
18.9333	0.0367108
19	0.0349395
19.0667	0.0403865
19.1333	0.0382861
19.2	0.035014
19.2667	0.0387211
19.3333	0.0526522
19.4	0.045669
19.4667	0.0380196
19.5333	0.0322708
19.6	0.0891827
19.6667	0.0412722
19.7333	0.0782573
19.8	0.0669243
19.8667	0.0571078
19.9333	0.0694127
20	0.0522055
20.0667	0.0446697
20.1333	0.0507673
20.2	0.0451204
20.2667	0.0192841
20.3333	0.0400103
20.4	0.0360054
20.4667	0.0315772
20.5333	0.0285755
20.6	0.024163
20.6667	0.0309189
20.7333	0.024645
20.8	0.0211926
20.8667	0.0364639
20.9333	0.0194409
21	0.0349395
21.0667	0.049819
21.1333	0.0675277
21.2	0.0406961
21.2667	0.151553
21.3333	0.0934972
21.4	0.0782181
21.4667	0.0633935
21.5333	0.0477499
21.6	0.0770777
21.6667	0.0615909
21.7333	0.0982624
21.8	0.0676179
21.8667	0.0657761
21.9333	0.0504303
22	0.0939322
22.0667	0.0754671
22.1333	0.0428867
22.2	0.0442857
22.2667	0.0511866
22.3333	0.0479223
22.4	0.0344261
22.4667	0.0374005
22.5333	0.0447951
22.6	0.0562496
22.6667	0.0286656
22.7333	0.0271451
22.8	0.0405002
22.8667	0.039352
22.9333	0.146792
23	0.0922511
23.0667	0.0797934
23.1333	0.0919964
23.2	0.0638794
23.2667	0.0635816
23.3333	0.0618926
23.4	0.0536476
23.4667	0.0539219
23.5333	0.102514
23.6	0.107808
23.6667	0.072818
23.7333	0.0694009
23.8	0.0394931
23.8667	0.0373143
23.9333	0.0550113
24	0.0456102
24.0667	0.034242
24.1333	0.0411037
24.2	0.0606425
24.2667	0.0317261
24.3333	0.0453712
24.4	0.0329801
24.4667	0.0397086
24.5333	0.0411468
24.6	0.125572
24.6667	0.0781397
24.7333	0.0621512
24.8	0.0612656
24.8667	0.075181
24.9333	0.0524759
25	0.0334817
25.0667	0.0635228
25.1333	0.049674
25.2	0.0571823
25.2667	0.0380902
25.3333	0.0326353
25.4	0.0248056
25.4667	0.0244608
25.5333	0.0330663
25.6	0.0317026
25.6667	0.0356801
25.7333	0.037232
25.8	0.0350531
25.8667	0.0405159
25.9333	0.0638637
26	0.0462059
26.0667	0.0497602
26.1333	0.0601801
26.2	0.0461589
26.2667	0.111073
26.3333	0.0847114
26.4	0.0624373
26.4667	0.0753496
26.5333	0.0812786
26.6	0.0675904
26.6667	0.0674141
26.7333	0.0673749
26.8	0.0664775
26.8667	0.0609403
26.9333	0.0755141
27	0.0682684
27.0667	0.0594982
27.1333	0.0809455
27.2	0.0596668
27.2667	0.076968
27.3333	0.0923647
27.4	0.078077
27.4667	0.0913223
27.5333	0.10041
27.6	0.105512
27.6667	0.10425
27.7333	0.111825
27.8	0.114251
27.8667	0.119106
27.9333	0.240133
28	0.177734
28.0667	0.151385
28.1333	0.178938
28.2	0.162941
28.2667	0.161511
28.3333	0.150934
28.4	0.177727
28.4667	0.160226
28.5333	0.183428
28.6	0.172754
28.6667	0.203457
28.7333	0.193127
28.8	0.189781
28.8667	0.210244
28.9333	0.203583
29	0.220312
29.0667	0.219963
29.1333	0.228576
29.2	0.219779
29.2667	0.233788
29.3333	0.240713
29.4	0.238471
29.4667	0.238792
29.5333	0.240552
29.6	0.301418
29.6667	0.277435
29.7333	0.243773
29.8	0.252245
29.8667	0.252026
29.9333	0.259499
30	0.259479
30.0667	0.246403
30.1333	0.231939
30.2	0.239988
30.2667	0.251795
30.3333	0.236523
30.4	0.245125
30.4667	0.238404
30.5333	0.232005
30.6	0.265871
30.6667	0.251129
30.7333	0.231523
30.8	0.237311
30.8667	0.240846
30.9333	0.231167
31	0.250537
31.0667	0.255063
31.1333	0.234113
31.2	0.24123
31.2667	0.289779
31.3333	0.289791
31.4	0.244032
31.4667	0.241963
31.5333	0.249381
31.6	0.219571
31.6667	0.229403
31.7333	0.223831
31.8	0.238534
31.8667	0.240928
31.9333	0.223016
32	0.229458
32.0667	0.147168
32.1333	0.248088
32.2	0.222353
32.2667	0.181634
32.3333	0.159983
32.4	0.253695
32.4667	0.22184
32.5333	0.123719
32.6	0.233428
32.6667	0.216765
32.7333	0.195835
32.8	0.243707
32.8667	0.211103
32.9333	0.185501
33	0.240195
33.0667	0.0560576
33.1333	0.0348964
33.2	0.0136333
33.2667	0.0160747
33.3333	0.0275409
33.4	0.021847
33.4667	0.0323179
33.5333	0.0386623
33.6	0.038533
33.6667	0.04668
33.7333	0.049286
33.8	0.0483847
33.8667	0.0589457
33.9333	0.0570686
34	0.0677354
34.0667	0.0483612
34.1333	0.0662855
34.2	0.0548389
34.2667	0.0698829
34.3333	0.0704864
34.4	0.0571313
34.4667	0.0623628
34.5333	0.0602036
34.6	0.148199
34.6667	0.0607679
34.7333	0.0826815
34.8	0.0592279
34.8667	0.0673436
34.9333	0.0768779
35	0.0652705
35.0667	0.0786922
35.1333	0.0702983
35.2	0.0653489
35.2667	0.0728572
35.3333	0.0727162
35.4	0.0676727
35.4667	0.0815372
35.5333	0.0855892
35.6	0.0757336
35.6667	0.0784689
35.7333	0.0766271
35.8	0.0793427
35.8667	0.0780221
35.9333	0.0900292
36	0.0782102
36.0667	0.0802441
36.1333	0.0815803
36.2	0.0981449
36.2667	0.198935
36.3333	0.124632
36.4	0.101593
36.4667	0.100226
36.5333	0.127006
36.6	0.100273
36.6667	0.105767
36.7333	0.114188
36.8	0.113158
36.8667	0.0997202
36.9333	0.0977569
37	0.101695
37.0667	0.106472
37.1333	0.0987523
37.2	0.112468
37.2667	0.12161
37.3333	0.100786
37.4	0.117539
37.4667	0.133825
37.5333	0.121536
37.6	0.255357
37.6667	0.211828
37.7333	0.195443
37.8	0.285931
37.8667	0.159305
37.9333	0.206169
38	0.25897
38.0667	0.222878
38.1333	0.11467
38.2	0.224787
38.2667	0.112711
38.3333	0.113941
38.4	0.078798
38.4667	0.0402847
38.5333	0.0501991
38.6	0.0567355
38.6667	0.0717286
38.7333	0.0593258
38.8	0.119412
38.8667	0.146812
38.9333	0.132293
39	0.084778
39.0667	0.143426
39.1333	0.121183
39.2	0.111355
39.2667	0.0921845
39.3333	0.105755
39.4	0.146134
39.4667	0.0804478
39.5333	0.067614
39.6	0.193315
39.6667	0.093125
39.7333	0.0969026
39.8	0.0884029
39.8667	0.0837043
39.9333	0.109811
40	0.0794094
40.0667	0.0829402
40.1333	0.0921649
40.2	0.0774069
40.2667	0.0842686
40.3333	0.100457
40.4	0.0876387
40.4667	0.0825169
40.5333	0.0878111
40.6	0.086804
40.6667	0.102267
40.7333	0.103999
40.8	0.0998143
40.8667	0.100214
40.9333	0.0977961
41	0.103608
41.0667	0.111641
41.1333	0.10822
41.2	0.109368
41.2667	0.224748
41.3333	0.119431
41.4	0.109505
41.4667	0.120247
41.5333	0.0780809
41.6	0.118103
41.6667	0.115086
41.7333	0.104415
41.8	0.120493
41.8667	0.128053
41.9333	0.036652
42	0.128045
42.0667	0.110865
42.1333	0.113373
42.2	0.108647
42.2667	0.121105
42.3333	0.100786
42.4	0.117519
42.4667	0.116626
42.5333	0.0704629
42.6	0.10302
42.6667	0.0921022
42.7333	0.0753378
42.8	0.0841001
42.8667	0.0703022
42.9333	0.188605
43	0.0886067
43.0667	0.0886811
43.1333	0.0937794
43.2	0.0801696
43.2667	0.0804165
43.3333	0.0753378
43.4	0.0756395
43.4667	0.0743542
43.5333	0.0848211
43.6	0.0771365
43.6667	0.0691305
43.7333	0.0810043
43.8	0.0780261
43.8667	0.0826619
43.9333	0.0758002
44	0.108996
44.0667	0.100614
44.1333	0.0683546
44.2	0.091385
44.2667	0.0900252
44.3333	0.0527894
44.4	0.0876505
44.4667	0.093556
44.5333	0.0983722
44.6	0.212948
44.6667	0.114259
44.7333	0.110367
44.8	0.11333
44.8667	0.114643
44.9333	0.065106
45	0.098333
45.0667	0.111171
45.1333	0.101468
45.2	0.120623
45.2667	0.117985
45.3333	0.125031
45.4	0.100492
45.4667	0.109885
45.5333	0.0895315
45.6	0.111657
45.6667	0.102749
45.7333	0.0493605
45.8	0.0981292
45.8667	0.107276
45.9333	0.100375
46	0.105289
46.0667	0.110673
46.1333	0.0782533
46.2	0.109231
46.2667	0.267344
46.3333	0.088881
46.4	0.124518
46.4667	0.123131
46.5333	0.129683
46.6	0.141075
46.6667	0.124197
46.7333	0.107946
46.8	0.0993754
46.8667	0.114298
46.9333	0.0938695
47	0.105375
47.0667	0.123048
47.1333	0.0932229
47.2	0.107816
47.2667	0.068962
47.3333	0.0510063
47.4	0.1167
47.4667	0.0483142
47.5333	0.0850563
47.6	0.0794054
47.6667	0.0835711
47.7333	0.0279054
47.8	0.0675356
47.8667	0.07803
47.9333	0.16695
48	0.0648787
48.0667	0.0758982
48.1333	0.056277
48.2	0.114674
48.2667	0.0657761
48.3333	0.0337168
48.4	0.117578
48.4667	0.0629232
48.5333	0.0373887
48.6	0.0567708
48.6667	0.0456377
48.7333	0.0197857
48.8	0.0398575
48.8667	0.061489
48.9333	0.0244686
49	0.0351746
49.0667	0.0381529
49.1333	0.0207301
49.2	0.026236
49.2667	0.0274665
49.3333	0.0338227
49.4	0.0257461
49.4667	0.0522603
49.5333	0.011094
49.6	0.16041
49.6667	0.0197857
49.7333	0.0343321
49.8	0.0138096
49.8667	0.0520957
49.9333	0.0588281
50	0.114243
50.0667	0.0313499
50.1333	0.0129201
50.2	0.0104239
50.2667	0.015385
50.3333	0.0246802
50.4	0.0057292
50.4667	0.0342341
50.5333	0.0132453
50.6	0.0154594
50.6667	0.0231284
50.7333	0.0640988
50.8	0.0341832
50.8667	0.0238691
50.9333	0.0636678
51	0.0422362
51.0667	0.0381881
51.1333	0.0200365
51.2	0.0137038
51.2667	0.157165
51.3333	0.0757885
51.4	0.0741112
51.4667	0.0507751
51.5333	0.0224583
51.6	0.0275292
51.6667	0.0228463
51.7333	0.0371183
51.8	0.0168702
51.8667	0.0356566
51.9333	0.0212396
52	0.0310521
52.0667	0.0138018
52.1333	0.0114192
52.2	0.0218901
52.2667	0.0193037
52.3333	0.0196799
52.4	0.020013
52.4667	0.0206714
52.5333	0.0247782
52.6	0.0153575
52.6667	0.0159218
52.7333	0.0384428
52.8	0.0265377
52.8667	0.0249545
52.9333	0.185255
53	0.0341166
53.0667	0.0279014
53.1333	0.0271255
53.2	0.0362523
53.2667	0.0393677
53.3333	0.0582364
53.4	0.043016
53.4667	0.041186
53.5333	0.0286578
53.6	0.0428828
53.6667	0.0350845
53.7333	0.0304133
53.8	0.0492547
53.8667	0.0451557
53.9333	0.051892
54	0.0512846
54.0667	0.0596354
54.1333	0.0544548
54.2	0.0441093
54.2667	0.0359309
54.3333	0.0302448
54.4	0.0583344
54.4667	0.0521506
54.5333	0.0100868
54.6	0.116148
54.6667	0.0230696
54.7333	0.0367931
54.8	0.0330428
54.8667	0.0322748
54.9333	0.0265142
55	0.0408607
55.0667	0.0520213
55.1333	0.075471
55.2	0.0408372
55.2667	0.041041
55.3333	0.0356409
55.4	0.0306641
55.4667	0.0260596
55.5333	0.0167369
55.6	0.0196251
55.6667	0.0232695
55.7333	0.0441681
55.8	0.0398732
55.8667	0.0288341
55.9333	0.0373378
56	0.0379844
56.0667	0.042005
56.1333	0.0459982
56.2	0.0447285
56.2667	0.194228
56.3333	0.0915535
56.4	0.0547879
56.4667	0.0706314
56.5333	0.04514
56.6	0.0340774
56.6667	0.0413623
56.7333	0.050011
56.8	0.0297589
56.8667	0.0353157
56.9333	0.044317
57	0.0455044
57.0667	0.0313068
57.1333	0.0614537
57.2	0.0324942
57.2667	0.0443719
57.3333	0.0665912
57.4	0.0293631
57.4667	0.0705256
57.5333	0.0693225
57.6	0.0564926
57.6667	0.052805
57.7333	0.0536868
57.8	0.0656232
57.8667	0.0430866
57.9333	0.170602
58	0.0412447
58.0667	0.0431963
58.1333	0.0406805
58.2	0.0680685
58.2667	0.0454574
58.3333	0.0574331
58.4	0.0496544
58.4667	0.0602036
58.5333	0.0309541
58.6	0.0566023
58.6667	0.0716189
58.7333	0.0656154
58.8	0.0428083
58.8667	0.0450577
58.9333	0.049239
59	0.0557402
59.0667	0.0220899
59.1333	0.0325726
59.2	0.0428475
59.2667	0.049674
59.3333	0.0552307
59.4	0.0497563
59.4667	0.0293553
59.5333	0.0388426
59.6	0.0327293
59.6667	0.0447285
59.7333	0.0597882
59.8	0.0349317
59.8667	0.0342302
59.9333	0.0369263
60	0.0244412
60.0667	0.0483533
60.1333	0.0571588
60.2	0.0327176
60.2667	0.241249
60.3333	0.0600743
60.4	0.0504695
60.4667	0.0419305
60.5333	0.0348533
60.6	0.0781083
60.6667	0.0299588
60.7333	0.0246685
60.8	0.0201776
60.8667	0.031828
60.9333	0.0252289
61	0.0269061
61.0667	0.0242257
61.1333	0.0216315
61.2	0.0229795
61.2667	0.0160668
61.3333	0.0253503
61.4	0.0238612
61.4667	0.0159806
61.5333	0.0225171
61.6	0.0180615
61.6667	0.02064
61.7333	0.0190137
61.8	0.020158
61.8667	0.00738291
61.9333	0.141145
62	0.0234145
62.0667	0.0273175
62.1333	0.0746167
62.2	0.0245627
62.2667	0.0325608
62.3333	0.0156162
62.4	0.0216079
62.4667	0.0236104
62.5333	0.0207889
62.6	0.0229011
62.6667	0.0285245
62.7333	0.0325726
62.8	0.0226699
62.8667	0.0251074
62.9333	0.026957
63	0.0255659
63.0667	0.0281718
63.1333	0.0484396
63.2	0.0758198
63.2667	0.0282972
63.3333	0.0381764
63.4	0.0235556
63.4667	0.0347671
63.5333	0.0222193
63.6	0.0827638
63.6667	0.0158709
63.7333	0.0798365
63.8	0.0359153
63.8667	0.0283913
63.9333	0.0237868
64	0.0344105
64.0667	0.0408881
64.1333	0.0413858
64.2	0.0391286
64.2667	0.0403278
64.3333	0.0301743
64.4	0.03202
64.4667	0.0370909
64.5333	0.0248409
64.6	0.0101417
64.6667	0.0167213
64.7333	0.0112115
64.8	0.0149696
64.8667	0.0269413
64.9333	0.0408842
65	0.0459316
65.0667	0.0342106
65.1333	0.0675865
65.2	0.0377218
65.2667	0.170179
65.3333	0.0717717
65.4	0.0325765
65.4667	0.031252
65.5333	0.0415543
65.6	0.0666931
65.6667	0.0459316
65.7333	0.0324746
65.8	0.0396263
65.8667	0.043404
65.9333	0.0439095
66	0.0361504
66.0667	0.0285715
66.1333	0.0642047
66.2	0.0431571
66.2667	0.048224
66.3333	0.0346456
66.4	0.0228423
66.4667	0.0212004
66.5333	0.0322904
66.6	0.0331682
66.6667	0.0297903
66.7333	0.0202952
66.8	0.0221762
66.8667	0.0402572
66.9333	0.192837
67	0.0523387
67.0667	0.0446776
67.1333	0.0562849
67.2	0.0412173
67.2667	0.0216119
67.3333	0.104121
67.4	0.0458454
67.4667	0.0711016
67.5333	0.038341
67.6	0.047162
67.6667	0.0441603
67.7333	0.0480281
67.8	0.0407079
67.8667	0.0415308
67.9333	0.0528285
68	0.0427143
68.0667	0.0387799
68.1333	0.0294454
68.2	0.0390855
68.2667	0.04157
68.3333	0.0372163
68.4	0.0353862
68.4667	0.0359113
68.5333	0.0307151
68.6	0.0391286
68.6667	0.0392423
68.7333	0.0389405
68.8	0.0319534
68.8667	0.0375611
68.9333	0.0317967
69	0.181116
69.0667	0.0400926
69.1333	0.0744365
69.2	0.0614419
69.2667	0.0416915
69.3333	0.0382743
69.4	0.0425614
69.4667	0.0465311
69.5333	0.0400809
69.6	0.0410371
69.6667	0.0369302
69.7333	0.0517979
69.8	0.0333132
69.8667	0.0429808
69.9333	0.0430435
70	0.0474755
70.0667	0.0313617
70.1333	0.035206
70.2	0.0401436
70.2667	0.0347396
70.3333	0.0318202
70.4	0.0348298
70.4667	0.0334386
70.5333	0.0307073
70.6	0.0329723
70.6667	0.194573
70.7333	0.0952999
70.8	0.0541335
70.8667	0.0752908
70.9333	0.0698085
71	0.0476245
71.0667	0.0804988
71.1333	0.0663129
71.2	0.0400378
71.2667	0.0368048
71.3333	0.0331761
71.4	0.0469975
71.4667	0.0400221
71.5333	0.0374592
71.6	0.0376356
71.6667	0.0357076
71.7333	0.0372907
71.8	0.0276428
71.8667	0.0322395
71.9333	0.0315733
72	0.0322708
72.0667	0.0400299
72.1333	0.0338658
72.2	0.0354176
72.2667	0.0313656
72.3333	0.160586
72.4	0.0562574
72.4667	0.0524249
72.5333	0.0413858
72.6	0.0451086
72.6667	0.041809
72.7333	0.0531342
72.8	0.0735822
72.8667	0.0653137
72.9333	0.0414133
73	0.0510024
73.0667	0.0360642
73.1333	0.0369459
73.2	0.0583461
73.2667	0.0366324
73.3333	0.0431689
73.4	0.0314597
73.4667	0.0487413
73.5333	0.0528599
73.6	0.0544666
73.6667	0.0554345
73.7333	0.0378746
73.8	0.0420834
73.8667	0.0386231
73.9333	0.040896
74	0.13417
74.0667	0.0733863
74.1333	0.0464606
74.2	0.0649962
74.2667	0.0482044
74.3333	0.0417934
74.4	0.033129
74.4667	0.0388112
74.5333	0.0427417
74.6	0.0553365
74.6667	0.0449362
74.7333	0.0520722
74.8	0.0464292
74.8667	0.0326
74.9333	0.038819
75	0.0276232
75.0667	0.0248174
75.1333	0.0356292
75.2	0.0410057
75.2667	0.0428044
75.3333	0.0411507
75.4	0.0452262
75.4667	0.0426633
75.5333	0.050924
75.6	0.042487
75.6667	0.187104
75.7333	0.0476793
75.8	0.0442034
75.8667	0.0333171
75.9333	0.045379
76	0.0482358
76.0667	0.0415739
76.1333	0.0380588
76.2	0.0423185
76.2667	0.064283
76.3333	0.0296257
76.4	0.0429455
76.4667	0.0397282
76.5333	0.036119
76.6	0.0279171
76.6667	0.0316321
76.7333	0.0324158
76.8	0.0398379
76.8667	0.0318319
76.9333	0.0241081
77	0.0447951
77.0667	0.0467858
77.1333	0.0444464
77.2	0.0448343
77.2667	0.0502579
77.3333	0.14486
77.4	0.0493174
77.4667	0.0838454
77.5333	0.0527502
77.6	0.0439683
77.6667	0.042726
77.7333	0.0466017
77.8	0.0455593
77.8667	0.0446815
77.9333	0.0433138
78	0.040653
78.0667	0.0688915
78.1333	0.0405159
78.2	0.0467702
78.2667	0.0530598
78.3333	0.04186
78.4	0.0343282
78.4667	0.0421304
78.5333	0.0395127
78.6	0.0408294
78.6667	0.0454025
78.7333	0.0341479
78.8	0.0448226
78.8667	0.0555403
78.9333	0.0320945
79	0.213019
79.0667	0.0565004
79.1333	0.0894649
79.2	0.0535653
79.2667	0.0901389
79.3333	0.0309816
79.4	0.079088
79.4667	0.0424086
79.5333	0.0500384
79.6	0.0349944
79.6667	0.052468
79.7333	0.0540786
79.8	0.0440388
79.8667	0.0599371
79.9333	0.022909
80	0.0179674
80.0667	0.0348964
80.1333	0.015385
80.2	0.0266161
80.2667	0.0326274
80.3333	0.0104317
80.4	0.0145581
80.4667	0.0377257
80.5333	0.0390855
80.6	0.023485
80.6667	0.257089
80.7333	0.0587576
80.8	0.0278622
80.8667	0.0241669
80.9333	0.0544391
81	0.0600194
81.0667	0.0732648
81.1333	0.0367264
81.2	0.040508
81.2667	0.0275801
81.3333	0.0621434
81.4	0.0754162
81.4667	0.0577426
81.5333	0.0403983
81.6	0.0416484
81.6667	0.0509201
81.7333	0.0275801
81.8	0.0383919
81.8667	0.0482789
81.9333	0.0319456
82	0.0288341
82.0667	0.0260518
82.1333	0.0250329
82.2	0.0302331
82.2667	0.0411546
82.3333	0.118076
82.4	0.0451478
82.4667	0.0628566
82.5333	0.0420481
82.6	0.0401357
82.6667	0.0294611
82.7333	0.0576604
82.8	0.0434001
82.8667	0.0326862
82.9333	0.0332975
83	0.0290026
83.0667	0.0522603
83.1333	0.0401789
83.2	0.0333367
83.2667	0.0395597
83.3333	0.047358
83.4	0.0328116
83.4667	0.0344301
83.5333	0.0274978
83.6	0.0322669
83.6667	0.0436469
83.7333	0.0358917
83.8	0.039787
83.8667	0.0205538
83.9333	0.0284265
84	0.162926
84.0667	0.0529696
84.1333	0.0240415
84.2	0.0242413
84.2667	0.0487021
84.3333	0.0300136
84.4	0.0260871
84.4667	0.0477499
84.5333	0.0376395
84.6	0.0226425
84.6667	0.0287126
84.7333	0.0302644
84.8	0.0325256
84.8667	0.0341048
84.9333	0.0276193
85	0.0247037
85.0667	0.0400339
85.1333	0.0291515
85.2	0.0289242
85.2667	0.0312089
85.3333	0.0384076
85.4	0.0344183
85.4667	0.0364208
85.5333	0.0296688
85.6	0.0327136
85.6667	0.146365
85.7333	0.0397948
85.8	0.0457513
85.8667	0.0350257
85.9333	0.0354764
86	0.0399281
86.0667	0.0554502
86.1333	0.0463078
86.2	0.0408607
86.2667	0.0479889
86.3333	0.0441407
86.4	0.0476636
86.4667	0.0463861
86.5333	0.0352804
86.6	0.0513708
86.6667	0.0370086
86.7333	0.0345398
86.8	0.0275879
86.8667	0.0442426
86.9333	0.0358839
87	0.0397047
87.0667	0.042295
87.1333	0.0365109
87.2	0.0399398
87.2667	0.0381607
87.3333	0.103933
87.4	0.0692833
87.4667	0.0376865
87.5333	0.0538709
87.6	0.0358878
87.6667	0.0495721
87.7333	0.032502
87.8	0.0491763
87.8667	0.042103
87.9333	0.0403474
88	0.0391717
88.0667	0.0366206
88.1333	0.0367617
88.2	0.03231
88.2667	0.036025
88.3333	0.0203108
88.4	0.0230657
88.4667	0.0247233
88.5333	0.0344732
88.6	0.0295395
88.6667	0.0314048
88.7333	0.0327372
88.8	0.0319338
88.8667	0.0225955
88.9333	0.0287949
89	0.175054
89.0667	0.0865807
89.1333	0.0440427
89.2	0.100006
89.2667	0.0728925
89.3333	0.0430513
89.4	0.0481457
89.4667	0.049866
89.5333	0.059416
89.6	0.0573508
89.6667	0.0636599
89.7333	0.0629624
89.8	0.0526444
89.8667	0.0680176
89.9333	0.0578132
90	0.0514335
90.0667	0.056904
90.1333	0.0638794
90.2	0.0528638
90.2667	0.0498229
90.3333	0.0525386
90.4	0.0467231
90.4667	0.0542589
90.5333	0.0553914
90.6	0.0565749
90.6667	0.212376
90.7333	0.0850014
90.8	0.0788098
90.8667	0.0759766
90.9333	0.0708391
91	0.070263
91.0667	0.076968
91.1333	0.0532439
91.2	0.0606856
91.2667	0.0640832
91.3333	0.0595022
91.4	0.0756356
91.4667	0.078269
91.5333	0.0629663
91.6	0.0603055
91.6667	0.0577936
91.7333	0.0705569
91.8	0.061873
91.8667	0.071858
91.9333	0.0644084
92	0.0553679
92.0667	0.0542119
92.1333	0.0532439
92.2	0.0592827
92.2667	0.0453516
92.3333	0.14852
92.4	0.0994655
92.4667	0.0712427
92.5333	0.068237
92.6	0.060717
92.6667	0.0563554
92.7333	0.0486904
92.8	0.0533027
92.8667	0.059608
92.9333	0.0610736
93	0.0516098
93.0667	0.0746599
93.1333	0.0254875
93.2	0.0623472
93.2667	0.0601919
93.3333	0.0467858
93.4	0.0566258
93.4667	0.0555364
93.5333	0.0430474
93.6	0.0424517
93.6667	0.0540825
93.7333	0.0474599
93.8	0.0494271
93.8667	0.0433765
93.9333	0.0541962
94	0.164881
94.0667	0.0938813
94.1333	0.0562849
94.2	0.0869569
94.2667	0.0804086
94.3333	0.0497367
94.4	0.0679353
94.4667	0.0357899
94.5333	0.0403513
94.6	0.0277368
94.6667	0.0875486
94.7333	0.0545058
94.8	0.103427
94.8667	0.0692637
94.9333	0.120215
95	0.0858792
95.0667	0.0917965
95.1333	0.147901
95.2	0.12373
95.2667	0.142478
95.3333	0.170689
95.4	0.191752
95.4667	0.105724
95.5333	0.18123
95.6	0.191325
95.6667	0.176508
95.7333	0.195577
95.8	0.201321
95.8667	0.132022
95.9333	0.203093
96	0.213227
96.0667	0.195435
96.1333	0.246426
96.2	0.241183
96.2667	0.243938
96.3333	0.304353
96.4	0.284128
96.4667	0.269237
96.5333	0.301669
96.6	0.330111
96.6667	0.285249
96.7333	0.299255
96.8	0.341761
96.8667	0.309796
96.9333	0.348623
97	0.347988
97.0667	0.336126
97.1333	0.337447
97.2	0.351766
97.2667	0.325303
97.3333	0.377532
97.4	0.365309
97.4667	0.325538
97.5333	0.351307
97.6	0.340162
97.6667	0.348944
97.7333	0.359693
97.8	0.359133
97.8667	0.356519
97.9333	0.26883
98	0.392991
98.0667	0.412252
98.1333	0.403928
98.2	0.433718
98.2667	0.190098
98.3333	0.255286
98.4	0.213854
98.4667	0.291072
98.5333	0.251952
98.6	0.167001
98.6667	0.432551
98.7333	0.280609
98.8	0.429808
98.8667	0.426065
98.9333	0.457007
99	0.108243
99.0667	0.159685
99.1333	0.153536
99.2	0.434694
99.2667	0.420951
99.3333	0.420877
99.4	0.168149
99.4667	0.424306
99.5333	0.415857
99.6	0.308922
99.6667	0.431708
99.7333	0.378496
99.8	0.38589
99.8667	0.431469
99.9333	0.372919
100	0.42643
100.067	0.3891
100.133	0.144174
100.2	0.412373
100.267	0.471048
100.333	0.264633
100.4	0.48813
100.467	0.558044
100.533	0.56299
100.6	0.616116
100.667	0.353302
100.733	0.424623
100.8	0.608004
100.867	0.583187
100.933	0.58709
101	0.614752
101.067	0.511819
101.133	0.450451
101.2	0.550379
101.267	0.629244
101.333	0.624385
101.4	0.56645
101.467	0.599748
101.533	0.540473
101.6	0.55991
101.667	0.450303
101.733	0.317998
101.8	0.303126
101.867	0.528936
101.933	0.320232
102	0.480857
102.067	0.416394
102.133	0.560392
102.2	0.497849
102.267	0.578532
102.333	0.597208
102.4	0.423263
102.467	0.568715
102.533	0.605289
102.6	0.584461
102.667	0.592427
102.733	0.627802
102.8	0.624404
102.867	0.619036
102.933	0.632544
103	0.633515
103.067	0.31201
103.133	0.305172
103.2	0.448065
103.267	0.607495
103.333	0.610407
103.4	0.636768
103.467	0.617801
103.533	0.603925
103.6	0.545869
103.667	0.636795
103.733	0.650319
103.8	0.642356
103.867	0.630114
103.933	0.610422
104	0.604121
104.067	0.330181
104.133	0.635878
104.2	0.572289
104.267	0.50754
104.333	0.587839
104.4	0.608032
104.467	0.59519
104.533	0.634621
104.6	0.635686
104.667	0.626301
104.733	0.638598
104.8	0.639566
104.867	0.634162
104.933	0.645095
105	0.642023
105.067	0.638508
105.133	0.644892
105.2	0.65733
105.267	0.611328
105.333	0.646322
105.4	0.649602
105.467	0.663274
105.533	0.655699
105.6	0.556916
105.667	0.605822
105.733	0.613769
105.8	0.366414
105.867	0.38515
105.933	0.600038
106	0.621454
106.067	0.630149
106.133	0.626536
106.2	0.639245
106.267	0.596252
106.333	0.495419
106.4	0.630906
106.467	0.611163
106.533	0.648501
106.6	0.569127
106.667	0.589535
106.733	0.668494
106.8	0.663956
106.867	0.642858
106.933	0.681222
107	0.673416
107.067	0.662957
107.133	0.689428
107.2	0.683613
107.267	0.667409
107.333	0.677876
107.4	0.654927
107.467	0.658356
107.533	0.674592
107.6	0.650742
107.667	0.638277
107.733	0.63772
107.8	0.634687
107.867	0.541061
107.933	0.634362
108	0.560533
108.067	0.608302
108.133	0.627837
108.2	0.617441
108.267	0.610422
108.333	0.617519
108.4	0.625098
108.467	0.593685
108.533	0.595566
108.6	0.622523
108.667	0.586859
108.733	0.623507
108.8	0.643285
108.867	0.60617
108.933	0.640158
109	0.617985
109.067	0.556199
109.133	0.590327
109.2	0.611649
109.267	0.575585
109.333	0.600108
109.4	0.610708
109.467	0.590472
109.533	0.614039
109.6	0.58738
109.667	0.557837
109.733	0.593967
109.8	0.588364
109.867	0.573418
109.933	0.590057
110	0.596605
110.067	0.571317
110.133	0.608471
110.2	0.599654
110.267	0.560505
110.333	0.589555
110.4	0.580087
110.467	0.556328
110.533	0.579962
110.6	0.566317
110.667	0.577281
110.733	0.447136
110.8	0.565557
110.867	0.551179
110.933	0.542934
111	0.587745
111.067	0.574201
111.133	0.564436
111.2	0.591753
111.267	0.540085
111.333	0.561818
111.4	0.561426
111.467	0.554592
111.533	0.55895
111.6	0.558374
111.667	0.263418
111.733	0.545783
111.8	0.496073
111.867	0.563656
111.933	0.500701
112	0.285731
112.067	0.588975
112.133	0.561708
112.2	0.463328
112.267	0.562524
112.333	0.566846
112.4	0.447301
112.467	0.245717
112.533	0.474148
112.6	0.566184
112.667	0.582309
112.733	0.339406
112.8	0.518939
112.867	0.610716
112.933	0.630329
113	0.550638
113.067	0.587419
113.133	0.591224
113.2	0.618405
113.267	0.618605
113.333	0.643124
113.4	0.654093
113.467	0.632951
113.533	0.654814
113.6	0.632649
113.667	0.467792
113.733	0.537487
113.8	0.597114
113.867	0.5953
113.933	0.561752
114	0.602232
114.067	0.574824
114.133	0.56897
114.2	0.544756
114.267	0.592764
114.333	0.582842
114.4	0.602158
114.467	0.574209
114.533	0.504938
114.6	0.566873
114.667	0.551316
114.733	0.555674
114.8	0.57444
114.867	0.548683
114.933	0.562802
115	0.554278
115.067	0.559722
115.133	0.572893
115.2	0.563354
115.267	0.53858
115.333	0.562406
115.4	0.558307
115.467	0.548659
115.533	0.568288
115.6	0.562908
115.667	0.535692
115.733	0.563327
115.8	0.55806
115.867	0.528031
115.933	0.566164
116	0.533407
116.067	0.456545
116.133	0.53976
116.2	0.489678
116.267	0.460558
116.333	0.528152
116.4	0.523908
116.467	0.493597
116.533	0.510737
116.6	0.512916
116.667	0.446517
116.733	0.507516
116.8	0.53336
116.867	0.501117
116.933	0.491994
117	0.444914
117.067	0.249173
117.133	0.493761
117.2	0.512301
117.267	0.513716
117.333	0.49286
117.4	0.476723
117.467	0.479591
117.533	0.476045
117.6	0.489705
117.667	0.495427
117.733	0.300297
117.8	0.487476
117.867	0.500274
117.933	0.511564
118	0.514605
118.067	0.50471
118.133	0.530053
118.2	0.506446
118.267	0.424835
118.333	0.509189
118.4	0.474587
118.467	0.505933
118.533	0.498593
118.6	0.503731
118.667	0.484113
118.733	0.502387
118.8	0.488185
118.867	0.445804
118.933	0.486853
119	0.239129
119.067	0.18009
119.133	0.182351
119.2	0.182645
119.267	0.182617
119.333	0.39776
119.4	0.397188
119.467	0.414685
119.533	0.42302
119.6	0.416594
119.667	0.384236
119.733	0.407553
119.8	0.403054
119.867	0.398783
119.933	0.399163
120	0.402807
120.067	0.420101
120.133	0.42177
120.2	0.425371
120.267	0.278082
120.333	0.411531
120.4	0.406036
120.467	0.334049
120.533	0.40943
120.6	0.407216
120.667	0.408987
120.733	0.380145
120.8	0.389021
120.867	0.379973
120.933	0.403395
121	0.393732
121.067	0.389578
121.133	0.412522
121.2	0.421225
121.267	0.398093
121.333	0.415876
121.4	0.404739
121.467	0.391361
121.533	0.40367
121.6	0.399206
121.667	0.358004
121.733	0.40365
121.8	0.413439
121.867	0.389492
121.933	0.427758
122	0.408529
122.067	0.37942
122.133	0.404438
122.2	0.379918
122.267	0.389053
122.333	0.4078
122.4	0.352111
122.467	0.373562
122.533	0.40954
122.6	0.404931
122.667	0.378993
122.733	0.389186
122.8	0.39274
122.867	0.365144
122.933	0.38252
123	0.362358
123.067	0.331236
123.133	0.367241
123.2	0.357287
123.267	0.313374
123.333	0.31551
123.4	0.301339
123.467	0.276694
123.533	0.281585
123.6	0.274876
123.667	0.267301
123.733	0.261568
123.8	0.267293
123.867	0.250176
123.933	0.268261
124	0.261458
124.067	0.236563
124.133	0.233028
124.2	0.230218
124.267	0.224599
124.333	0.22436
124.4	0.232906
124.467	0.214445
124.533	0.222565
124.6	0.22356
124.667	0.211549
124.733	0.238408
124.8	0.244729
124.867	0.226288
124.933	0.249299
125	0.25114
125.067	0.247998
125.133	0.280962
125.2	0.277588
125.267	0.168098
125.333	0.293043
125.4	0.301418
125.467	0.300893
125.533	0.313354
125.6	0.327481
125.667	0.343991
125.733	0.326858
125.8	0.344567
125.867	0.346048
125.933	0.35994
126	0.37935
126.067	0.383453
126.133	0.385404
126.2	0.394284
126.267	0.417158
126.333	0.424925
126.4	0.436501
126.467	0.439487
126.533	0.472957
126.6	0.394386
126.667	0.447599
126.733	0.454625
126.8	0.378864
126.867	0.483036
126.933	0.458524
127	0.433918
127.067	0.514154
127.133	0.466683
127.2	0.477071
127.267	0.45196
127.333	0.431743
127.4	0.479431
127.467	0.489267
127.533	0.459578
127.6	0.457156
127.667	0.452634
127.733	0.443574
127.8	0.438527
127.867	0.398313
127.933	0.394041
128	0.395017
128.067	0.388159
128.133	0.385067
128.2	0.412608
128.267	0.404853
128.333	0.402039
128.4	0.397031
128.467	0.377955
128.533	0.383347
128.6	0.365779
128.667	0.358279
128.733	0.35436
128.8	0.358514
128.867	0.340178
128.933	0.33524
129	0.321717
129.067	0.286844
129.133	0.317822
129.2	0.320682
129.267	0.298467
129.333	0.299799
129.4	0.302637
129.467	0.28356
129.533	0.256842
129.6	0.263218
129.667	0.245446
129.733	0.263418
129.8	0.250353
129.867	0.216859
129.933	0.235113
130	0.222996
130.067	0.18799
130.133	0.222377
130.2	0.210429
130.267	0.188158
130.333	0.177985
130.4	0.156581
130.467	0.132544
130.533	0.124643
130.6	0.114396
130.667	0.130271
130.733	0.0998809
130.8	0.0996262
130.867	0.0848055
130.933	0.0814393
131	0.0598627
131.067	0.0501403
131.133	0.0640793
131.2	0.0477655
131.267	0.037808
131.333	0.0433609
131.4	0.0360759
131.467	0.0222075
131.533	0.0180615
131.6	0.019629
131.667	0.0234419
131.733	0.0349317
131.8	0.0289752
131.867	0.0414838
131.933	0.0413858
132	0.0363189
132.067	0.0448108
132.133	0.0565318
132.2	0.0563868
132.267	0.05025
132.333	0.0771914
132.4	0.0401436
132.467	0.0560027
132.533	0.0608345
132.6	0.0328234
132.667	0.0391757
132.733	0.0705138
132.8	0.0484592
132.867	0.078124
132.933	0.0463391
133	0.0328038
133.067	0.0593101
133.133	0.0504734
133.2	0.0411115
133.267	0.0566963
133.333	0.0976472
133.4	0.0689071
133.467	0.0677198
133.533	0.0828618
133.6	0.0668263
133.667	0.0731394
133.733	0.105751
133.8	0.112942
133.867	0.128833
133.933	0.148148
134	0.218791
134.067	0.142501
134.133	0.150045
134.2	0.167028
134.267	0.203187
134.333	0.197787
134.4	0.205487
134.467	0.215519
134.533	0.21854
134.6	0.231699
134.667	0.254605
134.733	0.25143
134.8	0.260048
134.867	0.300242
134.933	0.27499
135	0.305192
135.067	0.335597
135.133	0.301402
135.2	0.304976
135.267	0.358271
135.333	0.353666
135.4	0.341961
135.467	0.37174
135.533	0.317579
135.6	0.329202
135.667	0.343243
135.733	0.319495
135.8	0.316517
135.867	0.322073
135.933	0.317132
136	0.310117
136.067	0.332909
136.133	0.31451
136.2	0.291237
136.267	0.304059
136.333	0.283603
136.4	0.273861
136.467	0.280856
136.533	0.275817
136.6	0.273528
136.667	0.262826
136.733	0.265683
136.8	0.252837
136.867	0.249357
136.933	0.247551
137	0.216687
137.067	0.203104
137.133	0.194507
137.2	0.184992
137.267	0.168659
137.333	0.159924
137.4	0.142905
137.467	0.16273
137.533	0.129863
137.6	0.145091
137.667	0.110038
137.733	0.0959543
137.8	0.0776459
137.867	0.089171
137.933	0.0805967
138	0.0710272
138.067	0.0631388
138.133	0.0721989
138.2	0.0586596
138.267	0.0503441
138.333	0.0419736
138.4	0.0318123
138.467	0.0311305
138.533	0.0404492
138.6	0.0428436
138.667	0.0536554
138.733	0.0259969
138.8	0.0311971
138.867	0.0244177
138.933	0.029657
139	0.0827873
139.067	0.0816235
139.133	0.0339637
139.2	0.0236927
139.267	0.0450812
139.333	0.0352608
139.4	0.0361896
139.467	0.0359113
139.533	0.0325647
139.6	0.0312089
139.667	0.0316752
139.733	0.0236888
139.8	0.0214512
139.867	0.0323649
139.933	0.0268081
140	0.03646
140.067	0.0445443
140.133	0.0470366
140.2	0.0581188
140.267	0.0624922
140.333	0.0684447
140.4	0.0658466
140.467	0.0911891
140.533	0.0814745
140.6	0.0826619
140.667	0.17813
140.733	0.126834
140.8	0.127657
140.867	0.137027
140.933	0.142834
141	0.180822
141.067	0.188068
141.133	0.15769
141.2	0.188092
141.267	0.186038
141.333	0.1823
141.4	0.20921
141.467	0.232201
141.533	0.226198
141.6	0.230692
141.667	0.251626
141.733	0.236727
141.8	0.26602
141.867	0.261243
141.933	0.246751
142	0.259699
142.067	0.268736
142.133	0.283223
142.2	0.280507
142.267	0.263508
142.333	0.322136
142.4	0.265232
142.467	0.288556
142.533	0.310043
142.6	0.289031
142.667	0.301884
142.733	0.292385
142.8	0.295622
142.867	0.329225
142.933	0.304831
143	0.285398
143.067	0.298161
143.133	0.286393
143.2	0.292291
143.267	0.299568
143.333	0.295998
143.4	0.276365
143.467	0.274457
143.533	0.283341
143.6	0.260044
143.667	0.263496
143.733	0.24558
143.8	0.280982
143.867	0.263175
143.933	0.27827
144	0.275092
144.067	0.256783
144.133	0.237049
144.2	0.0717757
144.267	0.148877
144.333	0.200005
144.4	0.255784
144.467	0.220202
144.533	0.222365
144.6	0.183315
144.667	0.143348
144.733	0.183789
144.8	0.227597
144.867	0.200491
144.933	0.203163
145	0.215429
145.067	0.194417
145.133	0.232859
145.2	0.21488
145.267	0.209429
145.333	0.171265
145.4	0.17322
145.467	0.155464
145.533	0.153058
145.6	0.136059
145.667	0.165794
145.733	0.103517
145.8	0.120513
145.867	0.107824
145.933	0.126383
146	0.120395
146.067	0.111955
146.133	0.090856
146.2	0.0856833
146.267	0.0896804
146.333	0.0896608
146.4	0.0824973
146.467	0.101488
146.533	0.0114976
146.6	0.0720186
146.667	0.029657
146.733	0.0758864
146.8	0.0724027
146.867	0.0711016
146.933	0.076776
147	0.0773364
147.067	0.0505439
147.133	0.0509515
147.2	0.0493879
147.267	0.0306877
147.333	0.0930936
147.4	0.0540081
147.467	0.0528677
147.533	0.0395244
147.6	0.0250094
147.667	0.0475539
147.733	0.0525777
147.8	0.0419109
147.867	0.0335444
147.933	0.0405551
148	0.0464684
148.067	0.0496622
148.133	0.0342263
148.2	0.0377022
148.267	0.0220155
148.333	0.0343713
148.4	0.0300842
148.467	0.0322473
148.533	0.0447559
148.6	0.0432982
148.667	0.0290692
148.733	0.0297432
148.8	0.0354724
148.867	0.0249428
148.933	0.0242688
149	0.0940263
149.067	0.0652
149.133	0.0464136
149.2	0.0445835
149.267	0.0416288
149.333	0.0603133
149.4	0.0171249
149.467	0.0172072
149.533	0.0176853
149.6	0.0172895
149.667	0.0206008
149.733	0.0214825
149.8	0.0257461
149.867	0.0252876
149.933	0.0225759
150	0.0634758
150.067	0.0379608
150.133	0.0336463
150.2	0.043933
150.267	0.0368362
150.333	0.027294
150.4	0.0339951
150.467	0.0494467
150.533	0.037232
150.6	0.0366912
150.667	0.0927213
150.733	0.049815
150.8	0.0646631
150.867	0.0507869
150.933	0.0607758
151	0.059847
151.067	0.052033
151.133	0.0549447
151.2	0.0647768
151.267	0.0882383
151.333	0.0714778
151.4	0.0907071
151.467	0.100884
151.533	0.124154
151.6	0.0946729
151.667	0.09722
151.733	0.0980822
151.8	0.100778
151.867	0.101872
151.933	0.11456
152	0.117456
152.067	0.108032
152.133	0.115203
152.2	0.126513
152.267	0.119247
152.333	0.171112
152.4	0.13455
152.467	0.13397
152.533	0.133664
152.6	0.135322
152.667	0.129773
152.733	0.135487
152.8	0.142462
152.867	0.153074
152.933	0.159767
153	0.167334
153.067	0.152318
153.133	0.152992
153.2	0.160053
153.267	0.158654
153.333	0.168745
153.4	0.164387
153.467	0.148818
153.533	0.178017
153.6	0.177311
153.667	0.182609
153.733	0.170885
153.8	0.175579
153.867	0.16838
153.933	0.162526
154	0.205996
154.067	0.159814
154.133	0.14805
154.2	0.161143
154.267	0.160864
154.333	0.141427
154.4	0.137152
154.467	0.155025
154.533	0.140565
154.6	0.143857
154.667	0.136372
154.733	0.130243
154.8	0.13319
154.867	0.133997
154.933	0.125807
155	0.12132
155.067	0.120286
155.133	0.11246
155.2	0.106978
155.267	0.102158
155.333	0.0938068
155.4	0.0886458
155.467	0.0848016
155.533	0.0795073
155.6	0.0821133
155.667	0.105555
155.733	0.0699103
155.8	0.0672025
155.867	0.0743973
155.933	0.0569667
156	0.0623864
156.067	0.0648669
156.133	0.0617946
156.2	0.0611833
156.267	0.0555991
156.333	0.058593
156.4	0.0554071
156.467	0.0476558
156.533	0.0456729
156.6	0.0460962
156.667	0.0474246
156.733	0.0521193
156.8	0.0472914
156.867	0.0627821
156.933	0.0594826
157	0.0544979
157.067	0.0607758
157.133	0.090954
157.2	0.0869373
157.267	0.050685
157.333	0.0855931
157.4	0.0386466
157.467	0.0324785
157.533	0.034387
157.6	0.0371928
157.667	0.0329174
157.733	0.0392893
157.8	0.037083
157.867	0.0438938
157.933	0.0365658
158	0.0566728
158.067	0.0780104
158.133	0.0598353
158.2	0.0630839
158.267	0.0639852
158.333	0.0621787
158.4	0.0520291
158.467	0.0801265
158.533	0.0652039
158.6	0.0640479
158.667	0.0625078
158.733	0.0612107
158.8	0.048224
158.867	0.0472953
158.933	0.0566768
159	0.0490744
159.067	0.0556265
159.133	0.0680999
159.2	0.0849034
159.267	0.0625784
159.333	0.0776538
159.4	0.0764625
159.467	0.082897
159.533	0.0713211
159.6	0.0670771
159.667	0.0894884
159.733	0.0668224
159.8	0.0780692
159.867	0.087627
159.933	0.0807339
160	0.0823994
160.067	0.0930975
160.133	0.077642
160.2	0.0627116
160.267	0.0980155
160.333	0.0526561
160.4	0.0688327
160.467	0.099297
160.533	0.0897784
160.6	0.100633
160.667	0.183664
160.733	0.115234
160.8	0.122045
160.867	0.157729
160.933	0.141988
161	0.157745
161.067	0.136611
161.133	0.115262
161.2	0.127355
161.267	0.128307
161.333	0.0965578
161.4	0.0770268
161.467	0.110497
161.533	0.0670066
161.6	0.06877
161.667	0.0511709
161.733	0.0214708
161.8	0.0123911
161.867	0.0116739
161.933	0.00912283
162	0.0382665
162.067	0.0300724
162.133	0.0149382
162.2	0.0220547
162.267	0.0255541
162.333	0.0452027
162.4	0.0389288
162.467	0.0406961
162.533	0.0449597
162.6	0.0427104
162.667	0.0533811
162.733	0.0568492
162.8	0.0570412
162.867	0.061054
162.933	0.0582991
163	0.0578328
163.067	0.0623746
163.133	0.0668694
163.2	0.0657761
163.267	0.0733432
163.333	0.0680137
163.4	0.0670418
163.467	0.0683585
163.533	0.0658427
163.6	0.0679
163.667	0.0719246
163.733	0.0710977
163.8	0.0712623
163.867	0.0761294
163.933	0.0764977
164	0.0815255
164.067	0.0710272
164.133	0.0739466
164.2	0.0745149
164.267	0.075134
164.333	0.132579
164.4	0.0936971
164.467	0.0858126
164.533	0.0877759
164.6	0.0746912
164.667	0.0729944
164.733	0.0975257
164.8	0.0725868
164.867	0.0644359
164.933	0.0501716
165	0.052515
165.067	0.0495329
165.133	0.0518763
165.2	0.0553326
165.267	0.0621865
165.333	0.0372398
165.4	0.0444464
165.467	0.0523622
165.533	0.0349591
165.6	0.0301861
165.667	0.140577
165.733	0.0573625
165.8	0.0430003
165.867	0.0543216
165.933	0.0514217
166	0.0675748
166.067	0.0730649
166.133	0.0575859
166.2	0.0671045
166.267	0.067371
166.333	0.0535692
166.4	0.0871646
166.467	0.0828775
166.533	0.0787353
166.6	0.0811493
166.667	0.138363
166.733	0.0576839
166.8	0.0701298
166.867	0.0755494
166.933	0.0744482
167	0.0597843
167.067	0.0543333
167.133	0.0546194
167.2	0.066019
167.267	0.0604583
167.333	0.0643575
167.4	0.0730688
167.467	0.0775715
167.533	0.0788372
167.6	0.08314
167.667	0.0896804
167.733	0.0768504
167.8	0.0817332
167.867	0.0898685
167.933	0.0882657
168	0.0834065
168.067	0.0898528
168.133	0.0857421
168.2	0.0906483
168.267	0.096401
168.333	0.0964089
168.4	0.0976629
168.467	0.100449
168.533	0.107754
168.6	0.1111
168.667	0.108228
168.733	0.123844
168.8	0.127477
168.867	0.117711
168.933	0.137156
169	0.137587
169.067	0.139209
169.133	0.131917
169.2	0.142419
169.267	0.132583
169.333	0.14205
169.4	0.138661
169.467	0.143634
169.533	0.149351
169.6	0.146169
169.667	0.139049
169.733	0.162455
169.8	0.165684
169.867	0.161382
169.933	0.180615
170	0.159845
170.067	0.148893
170.133	0.145428
170.2	0.126285
170.267	0.131094
170.333	0.131529
170.4	0.112217
170.467	0.0887987
170.533	0.0915065
170.6	0.0800403
170.667	0.0675473
170.733	0.0361543
170.8	0.0533537
170.867	0.0437606
170.933	0.0401553
171	0.0295395
171.067	0.0219685
171.133	0.0156906
171.2	0.011286
171.267	0.0104434
171.333	0.00764154
171.4	0.0226699
171.467	0.0405394
171.533	0.0139664
171.6	0.0371222
171.667	0.0327685
171.733	0.025319
171.8	0.0677707
171.867	0.0390503
171.933	0.0335993
172	0.0289281
172.067	0.0381529
172.133	0.0284932
172.2	0.0412056
172.267	0.0445091
172.333	0.173859
172.4	0.067759
172.467	0.0541531
172.533	0.0586479
172.6	0.0427104
172.667	0.0588908
172.733	0.0524719
172.8	0.0434588
172.867	0.0638206
172.933	0.0579229
173	0.0545136
173.067	0.0711369
173.133	0.0671241
173.2	0.040606
173.267	0.0546116
173.333	0.0235987
173.4	0.0656272
173.467	0.045767
173.533	0.061344
173.6	0.0376042
173.667	0.0409038
173.733	0.0698907
173.8	0.0292769
173.867	0.0474755
173.933	0.0137234
174	0.150084
174.067	0.0537259
174.133	0.0641106
174.2	0.0470523
174.267	0.0453124
174.333	0.0476558
174.4	0.0466409
174.467	0.0359113
174.533	0.0366167
174.6	0.0488471
174.667	0.0375611
174.733	0.0404728
174.8	0.0420089
174.867	0.0278035
174.933	0.0251622
175	0.0273293
175.067	0.045669
175.133	0.0482985
175.2	0.051504
175.267	0.0712231
175.333	0.0738212
175.4	0.081792
175.467	0.0596824
175.533	0.0570255
175.6	0.0576564
175.667	0.0955938
175.733	0.056281
175.8	0.0608816
175.867	0.0710664
175.933	0.0813805
176	0.1055
176.067	0.100116
176.133	0.121979
176.2	0.135534
176.267	0.151404
176.333	0.162992
176.4	0.165912
176.467	0.180666
176.533	0.187704
176.6	0.200545
176.667	0.206412
176.733	0.201564
176.8	0.207999
176.867	0.207007
176.933	0.21365
177	0.216601
177.067	0.225445
177.133	0.219097
177.2	0.22994
177.267	0.262062
177.333	0.252402
177.4	0.25716
177.467	0.275969
177.533	0.273156
177.6	0.284763
177.667	0.287361
177.733	0.287894
177.8	0.257924
177.867	0.30092
177.933	0.314455
178	0.256783
178.067	0.117221
178.133	0.280116
178.2	0.300038
178.267	0.290265
178.333	0.284418
178.4	0.292252
178.467	0.276095
178.533	0.27307
178.6	0.260945
178.667	0.264053
178.733	0.272635
178.8	0.249804
178.867	0.231633
178.933	0.239016
179	0.238271
179.067	0.223204
179.133	0.225265
179.2	0.223987
179.267	0.206553
179.333	0.215527
179.4	0.193406
179.467	0.175724
179.533	0.171559
179.6	0.167722
179.667	0.143877
179.733	0.147603
179.8	0.140405
179.867	0.125153
179.933	0.129883
180	0.114208
180.067	0.115191
180.133	0.107072
180.2	0.10409
180.267	0.0976315
180.333	0.0891278
180.4	0.0809847
180.467	0.0470249
180.533	0.0760941
180.6	0.0740407
180.667	0.179184
180.733	0.075906
180.8	0.10945
180.867	0.112033
180.933	0.0837984
181	0.0973023
181.067	0.104689
181.133	0.0914281
181.2	0.108863
181.267	0.0979646
181.333	0.0954213
181.4	0.120368
181.467	0.126901
181.533	0.105853
181.6	0.11891
181.667	0.103517
181.733	0.0837866
181.8	0.0859615
181.867	0.0887516
181.933	0.093125
182	0.0977491
182.067	0.102522
182.133	0.107432
182.2	0.111128
182.267	0.112828
182.333	0.123785
182.4	0.117535
182.467	0.116167
182.533	0.131066
182.6	0.124553
182.667	0.11132
182.733	0.111492
182.8	0.125031
182.867	0.0959347
182.933	0.129326
183	0.105238
183.067	0.129765
183.133	0.132324
183.2	0.14187
183.267	0.0929525
183.333	0.120149
183.4	0.103357
183.467	0.100147
183.533	0.110046
183.6	0.100688
183.667	0.109145
183.733	0.111943
183.8	0.106355
183.867	0.118185
183.933	0.116661
184	0.163819
184.067	0.116665
184.133	0.114976
184.2	0.116065
184.267	0.120102
184.333	0.123233
184.4	0.116065
184.467	0.117068
184.533	0.108075
184.6	0.106198
184.667	0.105069
184.733	0.116982
184.8	0.116445
184.867	0.134283
184.933	0.154751
185	0.122907
185.067	0.114529
185.133	0.11663
185.2	0.116093
185.267	0.117014
185.333	0.120772
185.4	0.125404
185.467	0.133621
185.533	0.127418
185.6	0.130996
185.667	0.218395
185.733	0.149629
185.8	0.140722
185.867	0.152082
185.933	0.139613
186	0.133625
186.067	0.132199
186.133	0.136905
186.2	0.143465
186.267	0.140228
186.333	0.12346
186.4	0.128378
186.467	0.116057
186.533	0.126246
186.6	0.137528
186.667	0.125819
186.733	0.137007
186.8	0.123562
186.867	0.101962
186.933	0.100723
187	0.0994381
187.067	0.077258
187.133	0.104548
187.2	0.0785825
187.267	0.0661562
187.333	0.179086
187.4	0.0815882
187.467	0.0807927
187.533	0.0856637
187.6	0.0492586
187.667	0.0788333
187.733	0.0512375
187.8	0.0669282
187.867	0.0608424
187.933	0.0845272
188	0.0572371
188.067	0.0762861
188.133	0.0789901
188.2	0.0513277
188.267	0.0513316
188.333	0.0401632
188.4	0.0502147
188.467	0.0629154
188.533	0.0664344
188.6	0.0573664
188.667	0.0621943
188.733	0.0764938
188.8	0.0235751
188.867	0.0248017
188.933	0.0293788
189	0.158693
189.067	0.0577387
189.133	0.0401122
189.2	0.0242766
189.267	0.0392501
189.333	0.0275997
189.4	0.0447912
189.467	0.0574174
189.533	0.0617515
189.6	0.0770816
189.667	0.0815294
189.733	0.0853619
189.8	0.0272392
189.867	0.0334856
189.933	0.0316987
190	0.0418012
190.067	0.0525582
190.133	0.0462411
190.2	0.0413701
190.267	0.0519155
190.333	0.0431414
190.4	0.0394304
190.467	0.0360838
190.533	0.0394656
190.6	0.0337012
190.667	0.106182
190.733	0.0450224
190.8	0.0415191
190.867	0.0887281
190.933	0.0832968
191	0.0586361
191.067	0.0659289
191.133	0.0697967
191.2	0.0861574
191.267	0.0805301
191.333	0.046343
191.4	0.0506301
191.467	0.0762979
191.533	0.0641067
191.6	0.0564573
191.667	0.0682174
191.733	0.0429886
191.8	0.0311853
191.867	0.0326784
191.933	0.0259656
192	0.0394147
192.067	0.0396929
192.133	0.040461
192.2	0.0424948
192.267	0.0522642
192.333	0.0941948
192.4	0.0482397
192.467	0.0544117
192.533	0.0506772
192.6	0.0461706
192.667	0.0605445
192.733	0.0465821
192.8	0.0452732
192.867	0.0514492
192.933	0.0538631
193	0.0449323
193.067	0.04697
193.133	0.0505126
193.2	0.0631152
193.267	0.0605837
193.333	0.068433
193.4	0.0498856
193.467	0.0517274
193.533	0.0498503
193.6	0.0538709
193.667	0.0577662
193.733	0.0571979
193.8	0.0482593
193.867	0.0652784
193.933	0.0596393
194	0.131156
194.067	0.0670457
194.133	0.062884
194.2	0.0647925
194.267	0.0631858
194.333	0.0444268
194.4	0.0610579
194.467	0.0667871
194.533	0.06607
194.6	0.0695812
194.667	0.0592474
194.733	0.0642242
194.8	0.0536005
194.867	0.0724223
194.933	0.0634914
195	0.0609364
195.067	0.0545685
195.133	0.0567708
195.2	0.0577818
195.267	0.0553365
195.333	0.0457709
195.4	0.0448853
195.467	0.0415778
195.533	0.0644829
195.6	0.0574527
195.667	0.149935
195.733	0.0738839
195.8	0.0649139
195.867	0.0516059
195.933	0.055074
196	0.0452654
196.067	0.0528521
196.133	0.0461706
196.2	0.0698712
196.267	0.059557
196.333	0.0590241
196.4	0.0664462
196.467	0.0723204
196.533	0.0678177
196.6	0.0779163
196.667	0.0752242
196.733	0.0678765
196.8	0.0795622
196.867	0.0837161
196.933	0.102185
197	0.0971926
197.067	0.102283
197.133	0.107377
197.2	0.13359
197.267	0.11844
197.333	0.203532
197.4	0.167797
197.467	0.136129
197.533	0.14865
197.6	0.137799
197.667	0.141443
197.733	0.150495
197.8	0.153125
197.867	0.161421
197.933	0.141192
198	0.143218
198.067	0.19127
198.133	0.149484
198.2	0.167816
198.267	0.179028
198.333	0.183499
198.4	0.173824
198.467	0.174615
198.533	0.165751
198.6	0.200722
198.667	0.181105
198.733	0.178377
198.8	0.177731
198.867	0.201004
198.933	0.186861
199	0.289489
199.067	0.209445
199.133	0.207058
199.2	0.214128
199.267	0.20575
199.333	0.210335
199.4	0.20649
199.467	0.200397
199.533	0.207152
199.6	0.217235
199.667	0.20756
199.733	0.215668
199.8	0.215848
199.867	0.211616
199.933	0.227675
200	0.206855
200.067	0.206674
200.133	0.242625
200.2	0.227291
200.267	0.202423
200.333	0.23353
200.4	0.236245
200.467	0.270389
200.533	0.266075
200.6	0.25743
200.667	0.298643
200.733	0.259217
200.8	0.279485
200.867	0.276659
200.933	0.277133
201	0.288537
201.067	0.243362
201.133	0.271428
201.2	0.268246
201.267	0.225132
201.333	0.223458
201.4	0.250533
201.467	0.174521
201.533	0.240916
201.6	0.188934
201.667	0.147294
201.733	0.16494
201.8	0.150147
201.867	0.164548
201.933	0.196176
202	0.145805
202.067	0.12489
202.133	0.135255
202.2	0.17402
202.267	0.146032
202.333	0.230375
202.4	0.189663
202.467	0.177597
202.533	0.189608
202.6	0.193394
202.667	0.160998
202.733	0.150276
202.8	0.147505
202.867	0.165637
202.933	0.148849
203	0.17382
203.067	0.171202
203.133	0.152956
203.2	0.158392
203.267	0.139405
203.333	0.155374
203.4	0.185141
203.467	0.157851
203.533	0.141541
203.6	0.170606
203.667	0.128966
203.733	0.140307
203.8	0.128895
203.867	0.132979
203.933	0.134095
204	0.205558
204.067	0.147713
204.133	0.141894
204.2	0.149081
204.267	0.129812
204.333	0.131078
204.4	0.141325
204.467	0.155652
204.533	0.142603
204.6	0.143833
204.667	0.141384
204.733	0.135914
204.8	0.149288
204.867	0.135157
204.933	0.14209
205	0.132512
205.067	0.140036
205.133	0.129432
205.2	0.123084
205.267	0.113205
205.333	0.126097
205.4	0.104811
205.467	0.0938499
205.533	0.10291
205.6	0.111461
205.667	0.165477
205.733	0.120482
205.8	0.111837
205.867	0.136239
205.933	0.12482
206	0.136835
206.067	0.139327
206.133	0.125509
206.2	0.133241
206.267	0.134064
206.333	0.129808
206.4	0.13348
206.467	0.134174
206.533	0.143794
206.6	0.143677
206.667	0.146514
206.733	0.138618
206.8	0.133508
206.867	0.137344
206.933	0.142125
207	0.137317
207.067	0.13531
207.133	0.149312
207.2	0.104191
207.267	0.104967
207.333	0.244729
207.4	0.131168
207.467	0.131207
207.533	0.121516
207.6	0.0958759
207.667	0.0933209
207.733	0.103643
207.8	0.103137
207.867	0.12357
207.933	0.105007
208	0.107844
208.067	0.111018
208.133	0.106747
208.2	0.102201
208.267	0.0882579
208.333	0.0876779
208.4	0.0896882
208.467	0.126705
208.533	0.079088
208.6	0.104325
208.667	0.146624
208.733	0.0960562
208.8	0.0936422
208.867	0.0726809
208.933	0.0650237
209	0.120866
209.067	0.0742249
209.133	0.068237
209.2	0.073014
209.267	0.0757297
209.333	0.0594787
209.4	0.0697497
209.467	0.0697967
209.533	0.0524249
209.6	0.0710311
209.667	0.0707098
209.733	0.0726887
209.8	0.0814902
209.867	0.101409
209.933	0.0702317
210	0.0708548
210.067	0.0830695
210.133	0.0752673
210.2	0.0757101
210.267	0.0799345
210.333	0.0747813
210.4	0.0783121
210.467	0.0858831
210.533	0.0870509
210.6	0.0782964
210.667	0.2423
210.733	0.0603055
210.8	0.0591573
210.867	0.0954174
210.933	0.0630761
211	0.0819722
211.067	0.060956
211.133	0.044223
211.2	0.0940733
211.267	0.0909305
211.333	0.0794329
211.4	0.0932935
211.467	0.0765408
211.533	0.0798248
211.6	0.0426124
211.667	0.0245509
211.733	0.08227
211.8	0.0624726
211.867	0.0364639
211.933	0.0931837
212	0.0930858
212.067	0.0606151
212.133	0.0545332
212.2	0.0625784
212.267	0.0758472
212.333	0.115344
212.4	0.058789
212.467	0.0680803
212.533	0.0474677
212.6	0.0605014
212.667	0.0538513
212.733	0.0248644
212.8	0.039497
212.867	0.0785825
212.933	0.0566219
213	0.0497092
213.067	0.0482044
213.133	0.0460687
213.2	0.0981135
213.267	0.0261458
213.333	0.112413
213.4	0.0604583
213.467	0.041088
213.533	0.0538317
213.6	0.0479615
213.667	0.0729787
213.733	0.0561164
213.8	0.0882187
213.867	0.0180458
213.933	0.0466918
214	0.14439
214.067	0.110959
214.133	0.0899665
214.2	0.0572254
214.267	0.063272
214.333	0.0669125
214.4	0.0686563
214.467	0.0949315
214.533	0.0669478
214.6	0.0384037
214.667	0.0378433
214.733	0.0366128
214.8	0.0194879
214.867	0.0301194
214.933	0.0377492
215	0.026957
215.067	0.03202
215.133	0.0283011
215.2	0.0420207
215.267	0.0410645
215.333	0.0427143
215.4	0.0565082
215.467	0.0407196
215.533	0.0383606
215.6	0.0492821
215.667	0.231225
215.733	0.0583069
215.8	0.0579425
215.867	0.0632524
215.933	0.0337639
216	0.0442739
216.067	0.0630369
216.133	0.0493213
216.2	0.0428436
216.267	0.0629938
216.333	0.0473345
216.4	0.0305152
216.467	0.0541766
216.533	0.0269218
216.6	0.0264397
216.667	0.0502539
216.733	0.0373848
216.8	0.033372
216.867	0.0369028
216.933	0.0237593
217	0.0235908
217.067	0.0304839
217.133	0.0252641
217.2	0.0268316
217.267	0.0209927
217.333	0.0975453
217.4	0.0328782
217.467	0.0458022
217.533	0.0164548
217.6	0.0242688
217.667	0.0341675
217.733	0.0172033
217.8	0.0279132
217.867	0.0344026
217.933	0.0180066
218	0.0226542
218.067	0.0419266
218.133	0.0246019
218.2	0.0332192
218.267	0.0230265
218.333	0.0355195
218.4	0.0279249
218.467	0.0369028
218.533	0.020977
218.6	0.0306994
218.667	0.0421186
218.733	0.0280974
218.8	0.031538
218.867	0.0287048
218.933	0.0264084
219	0.16965
219.067	0.0928232
219.133	0.0367539
219.2	0.0299078
219.267	0.0366324
219.333	0.0440623
219.4	0.0177519
219.467	0.0598823
219.533	0.0290379
219.6	0.0300332
219.667	0.0264515
219.733	0.030864
219.8	0.0217568
219.867	0.0372516
219.933	0.0183946
220	0.0149892
220.067	0.0396067
220.133	0.0445208
220.2	0.0348729
220.267	0.039736
220.333	0.0306916
220.4	0.0424125
220.467	0.0416131
220.533	0.0363385
220.6	0.0399516
220.667	0.131846
220.733	0.0460844
220.8	0.0527698
220.867	0.0649845
220.933	0.0403082
221	0.0435176
221.067	0.0562261
221.133	0.0375494
221.2	0.0388034
221.267	0.0500384
221.333	0.0353039
221.4	0.0432394
221.467	0.0459825
221.533	0.0564691
221.6	0.0521937
221.667	0.0524484
221.733	0.0385487
221.8	0.0520448
221.867	0.0520801
221.933	0.062116
222	0.0486237
222.067	0.0580052
222.133	0.0534164
222.2	0.0585617
222.267	0.0594355
222.333	0.145765
222.4	0.0689894
222.467	0.060811
222.533	0.0559988
222.6	0.0699887
222.667	0.0801618
222.733	0.0534477
222.8	0.0626097
222.867	0.0553326
222.933	0.0570725
223	0.0546155
223.067	0.0600155
223.133	0.0527345
223.2	0.0544078
223.267	0.0551406
223.333	0.0510886
223.4	0.0508927
223.467	0.0455632
223.533	0.0545175
223.6	0.0494114
223.667	0.0492938
223.733	0.0536946
223.8	0.0570255
223.867	0.0675356
223.933	0.0505165
224	0.122657
224.067	0.0651216
224.133	0.0485924
224.2	0.0520761
224.267	0.0631309
224.333	0.0484121
224.4	0.0399006
224.467	0.0573037
224.533	0.0468721
224.6	0.0340264
224.667	0.0456455
224.733	0.0343282
224.8	0.0376983
224.867	0.0387603
224.933	0.0353901
225	0.0337443
225.067	0.0486433
225.133	0.0275252
225.2	0.030092
225.267	0.0284697
225.333	0.028066
225.4	0.0251857
225.467	0.0225837
225.533	0.0255306
225.6	0.0273215
225.667	0.179447
225.733	0.0631152
225.8	0.0371693
225.867	0.0279445
225.933	0.0289399
226	0.0293788
226.067	0.0436509
226.133	0.0339872
226.2	0.0366167
226.267	0.0439056
226.333	0.031683
226.4	0.0495995
226.467	0.0316046
226.533	0.0276546
226.6	0.0248291
226.667	0.0466644
226.733	0.0451948
226.8	0.050493
226.867	0.0503676
226.933	0.0314401
227	0.0552817
227.067	0.0324041
227.133	0.0552621
227.2	0.029853
227.267	0.0352687
227.333	0.220978
227.4	0.0695067
227.467	0.060909
227.533	0.0696948
227.6	0.035833
227.667	0.0565122
227.733	0.0410175
227.8	0.0576329
227.867	0.0343243
227.933	0.029661
228	0.0513551
228.067	0.0777988
228.133	0.0297628
228.2	0.0458963
228.267	0.0273802
228.333	0.0448186
228.4	0.0394421
228.467	0.0237241
228.533	0.0335914
228.6	0.0311971
228.667	0.0246214
228.733	0.0573194
228.8	0.0256129
228.867	0.0576172
228.933	0.0830499
229	0.233024
229.067	0.0518253
229.133	0.0331173
229.2	0.0852169
229.267	0.0606151
229.333	0.0389719
229.4	0.0509476
229.467	0.0545685
229.533	0.0424909
229.6	0.0354372
229.667	0.0283011
229.733	0.0286656
229.8	0.0249741
229.867	0.019292
229.933	0.0218
230	0.0285911
230.067	0.0590554
230.133	0.0509358
230.2	0.055748
230.267	0.0331525
230.333	0.049333
230.4	0.0401162
230.467	0.04427
230.533	0.0477224
230.6	0.0397243
230.667	0.223588
230.733	0.0647141
230.8	0.029273
230.867	0.0811258
230.933	0.0524367
231	0.0513159
231.067	0.0727005
231.133	0.0448657
231.2	0.0430787
231.267	0.0535261
231.333	0.0601056
231.4	0.0407902
231.467	0.0331134
231.533	0.051551
231.6	0.0365423
231.667	0.053291
231.733	0.0293475
231.8	0.0477538
231.867	0.0378159
231.933	0.0433452
232	0.0286029
232.067	0.0322983
232.133	0.0268003
232.2	0.0197583
232.267	0.0297903
232.333	0.185388
232.4	0.0597138
232.467	0.0549995
232.533	0.0241473
232.6	0.0638559
232.667	0.0336816
232.733	0.0407588
232.8	0.054976
232.867	0.0744051
232.933	0.0374436
233	0.0294376
233.067	0.0673945
233.133	0.0499248
233.2	0.00895824
233.267	0.0221252
233.333	0.100688
233.4	0.0199072
233.467	0.0237476
233.533	0.0144523
233.6	0.0182182
233.667	0.0402024
233.733	0.0201541
233.8	0.0282384
233.867	0.0352334
233.933	0.0251191
234	0.161056
234.067	0.0647063
234.133	0.0170387
234.2	0.0268982
234.267	0.0949707
234.333	0.0628213
234.4	0.04427
234.467	0.0538043
234.533	0.0437527
234.6	0.0699456
234.667	0.0464332
234.733	0.0427221
234.8	0.0247743
234.867	0.0123519
234.933	0.0413701
235	0.0437253
235.067	0.0280856
235.133	0.0107765
235.2	0.0047456
235.267	0.0140722
235.333	0.0425575
235.4	0.00632093
235.467	0.0109999
235.533	0.0121755
235.6	0.0122539
235.667	0.252081
235.733	0.101582
235.8	0.0834574
235.867	0.0342067
235.933	0.0592396
236	0.0747304
236.067	0.0473149
236.133	0.0463626
236.2	0.0303781
236.267	0.0385095
236.333	0.0326078
236.4	0.0382116
236.467	0.0406726
236.533	0.0548702
236.6	0.062547
236.667	0.048514
236.733	0.0312716
236.8	0.0293318
236.867	0.0300646
236.933	0.0445639
237	0.0148403
237.067	0.0200444
237.133	0.0452811
237.2	0.0587458
237.267	0.044803
237.333	0.226241
237.4	0.020448
237.467	0.0429572
237.533	0.0485571
237.6	0.0423969
237.667	0.0584676
237.733	0.0694244
237.8	0.0410606
237.867	0.0635816
237.933	0.0768504
238	0.0812316
238.067	0.0939792
238.133	0.0640244
238.2	0.0535339
238.267	0.066987
238.333	0.0446972
238.4	0.0572998
238.467	0.0365423
238.533	0.0735704
238.6	0.0552111
238.667	0.0565435
238.733	0.0334269
238.8	0.0477695
238.867	0.0373456
238.933	0.0401201
239	0.0558068
239.067	0.0173012
239.133	0.0428436
239.2	0.0363855
239.267	0.0404649
239.333	0.0394578
239.4	0.04369
239.467	0.0591338
239.533	0.0308562
239.6	0.154148
239.667	0.0464057
239.733	0.0316752
239.8	0.0698751
239.867	0.045042
239.933	0.0205851
240	0.0224465
240.067	0.0244569
240.133	0.0276546
240.2	0.0247704
240.267	0.0445992
240.333	0.0356253
240.4	0.0375807
240.467	0.0189941
240.533	0.0205146
240.6	0.0126615
240.667	0.0147423
240.733	0.0206126
240.8	0.0235007
240.867	0.024014
240.933	0.0268708
241	0.0321729
241.067	0.0221095
241.133	0.020013
241.2	0.0229168
241.267	0.120905
241.333	0.0398497
241.4	0.0599254
241.467	0.0369929
241.533	0.0398144
241.6	0.039591
241.667	0.0380118
241.733	0.0358016
241.8	0.0490352
241.867	0.0342067
241.933	0.0412447
242	0.0849387
242.067	0.0669752
242.133	0.0546939
242.2	0.0508731
242.267	0.0519076
242.333	0.0480908
242.4	0.0364992
242.467	0.0561477
242.533	0.0572371
242.6	0.040606
242.667	0.0499208
242.733	0.0504146
242.8	0.0493448
242.867	0.0430905
242.933	0.182464
243	0.0545097
243.067	0.0607052
243.133	0.0647572
243.2	0.0539885
243.267	0.0691854
243.333	0.057484
243.4	0.0630761
243.467	0.0598705
243.533	0.0427456
243.6	0.0603094
243.667	0.0661405
243.733	0.0300881
243.8	0.0719363
243.867	0.0503166
243.933	0.0645965
244	0.0685427
244.067	0.0503637
244.133	0.0363738
244.2	0.0508927
244.267	0.0384037
244.333	0.0456298
244.4	0.048177
244.467	0.0528912
244.533	0.0503127
244.6	0.146925
244.667	0.0510965
244.733	0.0441446
244.8	0.0291319
244.867	0.0560066
244.933	0.0628253
245	0.0408764
245.067	0.0456298
245.133	0.0518959
245.2	0.0389758
245.267	0.0313264
245.333	0.0408842
245.4	0.0347357
245.467	0.0319573
245.533	0.0351942
245.6	0.0435255
245.667	0.0357781
245.733	0.0352452
245.8	0.0470288
245.867	0.0307543
245.933	0.0316791
246	0.0452379
246.067	0.0345594
246.133	0.0325373
246.2	0.0188531
246.267	0.166366
246.333	0.0485924
246.4	0.0271804
246.467	0.0341283
246.533	0.0491253
246.6	0.0442779
246.667	0.0610383
246.733	0.0715209
246.8	0.043451
246.867	0.0674886
246.933	0.0710272
247	0.0441407
247.067	0.068335
247.133	0.0495407
247.2	0.0375611
247.267	0.063754
247.333	0.072677
247.4	0.0506732
247.467	0.0706392
247.533	0.0639539
247.6	0.0367891
247.667	0.0628331
247.733	0.0763959
247.8	0.0528442
247.867	0.061775
247.933	0.214528
248	0.0840021
248.067	0.0711056
248.133	0.0853032
248.2	0.0803068
248.267	0.085405
248.333	0.0647063
248.4	0.0827481
248.467	0.0684055
248.533	0.0757689
248.6	0.0700475
248.667	0.0864396
248.733	0.0729552
248.8	0.067708
248.867	0.0734411
248.933	0.070122
249	0.0709175
249.067	0.0659877
249.133	0.065588
249.2	0.0684486
249.267	0.0787863
249.333	0.0816705
249.4	0.05893
249.467	0.0799345
249.533	0.0742837
249.6	0.266815
249.667	0.0836377
249.733	0.113757
249.8	0.0790841
249.867	0.107221
249.933	0.100092
250	0.0201306
250.067	0.0704276
250.133	0.0938107
250.2	0.0667753
250.267	0.0804557
250.333	0.0353353
250.4	0.0527267
250.467	0.0486277
250.533	0.0332505
250.6	0.0398027
250.667	0.026475
250.733	0.0220625
250.8	0.0369263
250.867	0.0364325
250.933	0.0181986
251	0.0146522
251.067	0.0228423
251.133	0.0194174
251.2	0.0246567
251.267	0.108428
251.333	0.0392932
251.4	0.0449911
251.467	0.0288537
251.533	0.0284501
251.6	0.0400378
251.667	0.0285951
251.733	0.0295277
251.8	0.0210397
251.867	0.0452771
251.933	0.0424713
252	0.0263575
252.067	0.0327176
252.133	0.0368009
252.2	0.0484905
252.267	0.0397086
252.333	0.033082
252.4	0.0300332
252.467	0.031154
252.533	0.0308248
252.6	0.0318084
252.667	0.0323375
252.733	0.0306994
252.8	0.038678
252.867	0.0353235
252.933	0.16099
253	0.0556736
253.067	0.0615595
253.133	0.0345555
253.2	0.0603996
253.267	0.0443954
253.333	0.0745149
253.4	0.0673005
253.467	0.0681116
253.533	0.0690208
253.6	0.0558381
253.667	0.0704041
253.733	0.0857029
253.8	0.0709096
253.867	0.0908756
253.933	0.0597138
254	0.0447677
254.067	0.0827011
254.133	0.0699887
254.2	0.0421539
254.267	0.0614223
254.333	0.0875839
254.4	0.0183162
254.467	0.0503989
254.533	0.0484513
254.6	0.208497
254.667	0.0464959
254.733	0.0449127
254.8	0.0523426
254.867	0.0264593
254.933	0.0464292
255	0.0406295
255.067	0.0479458
255.133	0.0423381
255.2	0.0502814
255.267	0.0426281
255.333	0.0400848
255.4	0.0697222
255.467	0.0518449
255.533	0.0384664
255.6	0.045093
255.667	0.0447599
255.733	0.0320592
255.8	0.0599959
255.867	0.0385447
255.933	0.0585225
256	0.0512571
256.067	0.0263457
256.133	0.0290457
256.2	0.0369694
256.267	0.245129
256.333	0.0993048
256.4	0.113553
256.467	0.0542354
256.533	0.0451831
256.6	0.0768426
256.667	0.0435882
256.733	0.0288968
256.8	0.0621747
256.867	0.0278858
256.933	0.0327372
257	0.06607
257.067	0.0358682
257.133	0.05083
257.2	0.0655135
257.267	0.0383801
257.333	0.0433726
257.4	0.0465664
257.467	0.0454966
257.533	0.0438233
257.6	0.0401475
257.667	0.0422871
257.733	0.037471
257.8	0.0208242
257.867	0.0281757
257.933	0.134264
258	0.0610657
258.067	0.0444424
258.133	0.113518
258.2	0.12933
258.267	0.0897117
258.333	0.0664344
258.4	0.0636717
258.467	0.0528246
258.533	0.0497563
258.6	0.0511474
258.667	0.0583657
258.733	0.0588595
258.8	0.072387
258.867	0.0543882
258.933	0.0443523
259	0.0549172
259.067	0.0484513
259.133	0.0475931
259.2	0.0378981
259.267	0.0311422
259.333	0.0306485
259.4	0.035974
259.467	0.0360838
259.533	0.0380549
259.6	0.152709
259.667	0.0463665
259.733	0.0413427
259.8	0.0524798
259.867	0.050105
259.933	0.0642282
260	0.0446031
260.067	0.0469504
260.133	0.0467819
260.2	0.0490391
260.267	0.0345515
260.333	0.0488667
260.4	0.0507986
260.467	0.0451478
260.533	0.0384115
260.6	0.0719951
260.667	0.0364129
260.733	0.045332
260.8	0.0521898
260.867	0.0605328
260.933	0.0473854
261	0.0417463
261.067	0.0430709
261.133	0.0353627
261.2	0.0301625
261.267	0.184102
261.333	0.0508457
261.4	0.077113
261.467	0.0424282
261.533	0.0427143
261.6	0.0395793
261.667	0.029512
261.733	0.0387015
261.8	0.0351237
261.867	0.0235438
261.933	0.0237672
262	0.0324903
262.067	0.0266905
262.133	0.0227875
262.2	0.0256599
262.267	0.0212121
262.333	0.0168467
262.4	0.0262125
262.467	0.0205695
262.533	0.0161491
262.6	0.0171994
262.667	0.0202716
262.733	0.0218
262.8	0.010467
262.867	0.00926782
262.933	0.132261
263	0.0692206
263.067	0.0371575
263.133	0.0459668
263.2	0.0814275
263.267	0.0382391
263.333	0.0585068
263.4	0.0675317
263.467	0.0621904
263.533	0.0566532
263.6	0.0846213
263.667	0.039591
263.733	0.0289007
263.8	0.0192371
263.867	0.0329409
263.933	0.0361661
264	0.0393285
264.067	0.033133
264.133	0.0284892
264.2	0.0347867
264.267	0.0245862
264.333	0.0185944
264.4	0.0381881
264.467	0.0240258
264.533	0.0185552
264.6	0.192853
264.667	0.0860203
264.733	0.0375298
264.8	0.0600116
264.867	0.0809729
264.933	0.0404924
265	0.0647102
265.067	0.0324629
265.133	0.035445
265.2	0.058158
265.267	0.0327842
265.333	0.0347592
265.4	0.0386153
265.467	0.0266278
265.533	0.0292534
265.6	0.026283
265.667	0.0430435
265.733	0.0487374
265.8	0.0319926
265.867	0.0335875
265.933	0.0182417
266	0.0339167
266.067	0.0166429
266.133	0.0447873
266.2	0.0292299
266.267	0.188123
266.333	0.0867884
266.4	0.0731551
266.467	0.0636012
266.533	0.0595374
266.6	0.0513512
266.667	0.129922
266.733	0.0264123
266.8	0.0275017
266.867	0.0302096
266.933	0.0125831
267	0.0549133
267.067	0.0303781
267.133	0.059945
267.2	0.0648003
267.267	0.0810435
267.333	0.0456768
267.4	0.0294689
267.467	0.025123
267.533	0.0217451
267.6	0.010271
267.667	0.013214
267.733	0.0255424
267.8	0.0236418
267.867	0.026428
267.933	0.149139
268	0.0438703
268.067	0.0409626
268.133	0.0489725
268.2	0.0626724
268.267	0.0400691
268.333	0.0368087
268.4	0.0627312
268.467	0.0257579
268.533	0.0288459
268.6	0.0351785
268.667	0.0378119
268.733	0.0336071
268.8	0.0483651
268.867	0.0417934
268.933	0.0711643
269	0.0557441
269.067	0.0463901
269.133	0.026522
269.2	0.0327528
269.267	0.0302057
269.333	0.0186101
269.4	0.0330624
269.467	0.0172503
269.533	0.0412095
269.6	0.144417
269.667	0.0549329
269.733	0.047307
269.8	0.0447363
269.867	0.0587654
269.933	0.0447559
270	0.0403474
270.067	0.0691697
270.133	0.0462725
270.2	0.0684486
270.267	0.0306798
270.333	0.0628801
270.4	0.0509319
270.467	0.0624647
270.533	0.0491332
270.6	0.0465272
270.667	0.0414838
270.733	0.0438546
270.8	0.0428985
270.867	0.0458493
270.933	0.0247312
271	0.0347475
271.067	0.0271216
271.133	0.0168702
271.2	0.0121677
271.267	0.11364
271.333	0.0729356
271.4	0.0464606
271.467	0.0626528
271.533	0.0257657
271.6	0.0323923
271.667	0.0643849
271.733	0.029516
271.8	0.0549956
271.867	0.0732726
271.933	0.0161883
272	0.0356253
272.067	0.0573625
272.133	0.0563515
272.2	0.0300293
272.267	0.0262791
272.333	0.0402964
272.4	0.0202089
272.467	0.0468995
272.533	0.0228619
272.6	0.0196055
272.667	0.0269884
272.733	0.0192175
272.8	0.0328312
272.867	0.0227914
272.933	0.147682
273	0.0839825
273.067	0.150452
273.133	0.0437802
273.2	0.0800129
273.267	0.100731
273.333	0.0725437
273.4	0.11119
273.467	0.10552
273.533	0.0923451
273.6	0.0740995
273.667	0.0937833
273.733	0.0720382
273.8	0.0959896
273.867	0.0616261
273.933	0.0603173
274	0.065733
274.067	0.0731355
274.133	0.0449754
274.2	0.0610618
274.267	0.0560458
274.333	0.0136999
274.4	0.0377688
274.467	0.0268003
274.533	0.0168271
274.6	0.138469
274.667	0.0415191
274.733	0.0651373
274.8	0.0303742
274.867	0.0545058
274.933	0.0589065
275	0.0356292
275.067	0.0309306
275.133	0.0397204
275.2	0.0179322
275.267	0.0193938
275.333	0.040798
275.4	0.0584637
275.467	0.0503754
275.533	0.0320122
275.6	0.0553248
275.667	0.0351394
275.733	0.0437567
275.8	0.113287
275.867	0.130036
275.933	0.0102358
276	0.0804478
276.067	0.0889672
276.133	0.119157
276.2	0.148074
276.267	0.253049
276.333	0.187829
276.4	0.179431
276.467	0.110054
276.533	0.129342
276.6	0.107742
276.667	0.10434
276.733	0.118801
276.8	0.132152
276.867	0.164473
276.933	0.107703
277	0.206153
277.067	0.153195
277.133	0.125372
277.2	0.142783
277.267	0.181685
277.333	0.0511004
277.4	0.216616
277.467	0.216918
277.533	0.0651922
277.6	0.151585
277.667	0.22407
277.733	0.110164
277.8	0.265491
277.867	0.18016
277.933	0.183213
278	0.136333
278.067	0.116093
278.133	0.164893
278.2	0.184898
278.267	0.134914
278.333	0.152204
278.4	0.147117
278.467	0.148634
278.533	0.184878
278.6	0.171292
278.667	0.181187
278.733	0.130384
278.8	0.167561
278.867	0.197469
278.933	0.180117
279	0.201235
279.067	0.203692
279.133	0.195957
279.2	0.202301
279.267	0.203406
279.333	0.163639
279.4	0.206424
279.467	0.192759
279.533	0.164164
279.6	0.160159
279.667	0.182167
279.733	0.146549
279.8	0.16713
279.867	0.183675
279.933	0.241841
280	0.185149
280.067	0.241054
280.133	0.172503
280.2	0.277913
280.267	0.237597
280.333	0.292283
280.4	0.293365
280.467	0.43179
280.533	0.251967
280.6	0.294623
280.667	0.520468
280.733	0.465531
280.8	0.485505
280.867	0.350578
280.933	0.487444
281	0.395734
281.067	0.336502
281.133	0.337243
281.2	0.376716
281.267	0.54996
281.333	0.412208
281.4	0.522693
281.467	0.437429
281.533	0.307202
281.6	0.526373
281.667	0.534693
281.733	0.537816
281.8	0.409673
281.867	0.556234
281.933	0.515381
282	0.565047
282.067	0.567457
282.133	0.507195
282.2	0.535766
282.267	0.524657
282.333	0.439667
282.4	0.548201
282.467	0.552241
282.533	0.565321
282.6	0.55891
282.667	0.577677
282.733	0.564091
282.8	0.565933
282.867	0.581498
282.933	0.518638
283	0.569005
283.067	0.568582
283.133	0.555529
283.2	0.591048
283.267	0.586146
283.333	0.563072
283.4	0.60398
283.467	0.608334
283.533	0.56924
283.6	0.603157
283.667	0.545645
283.733	0.57611
283.8	0.590303
283.867	0.646032
283.933	0.602079
284	0.665908
284.067	0.660594
284.133	0.609509
284.2	0.646377
284.267	0.641016
284.333	0.640836
284.4	0.60264
284.467	0.598987
284.533	0.63678
284.6	0.576909
284.667	0.618354
284.733	0.621265
284.8	0.561446
284.867	0.628672
284.933	0.344038
285	0.541527
285.067	0.512317
285.133	0.293745
285.2	0.597831
285.267	0.626372
285.333	0.458273
285.4	0.435403
285.467	0.539203
285.533	0.403101
285.6	0.473486
285.667	0.62183
285.733	0.492613
285.8	0.640248
285.867	0.62364
285.933	0.658678
286	0.658846
286.067	0.64236
286.133	0.651546
286.2	0.616912
286.267	0.402635
286.333	0.617288
286.4	0.536072
286.467	0.385992
286.533	0.410641
286.6	0.644155
286.667	0.619232
286.733	0.598172
286.8	0.329147
286.867	0.694961
286.933	0.571012
287	0.688875
287.067	0.713975
287.133	0.701615
287.2	0.710922
287.267	0.714849
287.333	0.711898
287.4	0.69455
287.467	0.72365
287.533	0.727691
287.6	0.741512
287.667	0.752602
287.733	0.716561
287.8	0.726076
287.867	0.744949
287.933	0.651013
288	0.60157
288.067	0.675571
288.133	0.685772
288.2	0.719406
288.267	0.722706
288.333	0.679181
288.4	0.718924
288.467	0.716224
288.533	0.69656
288.6	0.717909
288.667	0.719359
288.733	0.689957
288.8	0.714688
288.867	0.631544
288.933	0.379702
289	0.336373
289.067	0.336522
289.133	0.326388
289.2	0.687108
289.267	0.648767
289.333	0.693574
289.4	0.702583
289.467	0.698324
289.533	0.6844
289.6	0.676763
289.667	0.687531
289.733	0.672162
289.8	0.696556
289.867	0.699629
289.933	0.669054
290	0.693174
290.067	0.693711
290.133	0.66717
290.2	0.670908
290.267	0.675215
290.333	0.659814
290.4	0.661456
290.467	0.663098
290.533	0.616191
290.6	0.651667
290.667	0.654136
290.733	0.624929
290.8	0.646765
290.867	0.633135
290.933	0.609584
291	0.622676
291.067	0.623719
291.133	0.573469
291.2	0.608714
291.267	0.456651
291.333	0.543596
291.4	0.597526
291.467	0.612072
291.533	0.597545
291.6	0.608561
291.667	0.623397
291.733	0.607268
291.8	0.61063
291.867	0.61721
291.933	0.605108
292	0.617445
292.067	0.625799
292.133	0.606245
292.2	0.632626
292.267	0.595366
292.333	0.619976
292.4	0.617413
292.467	0.556058
292.533	0.585017
292.6	0.607287
292.667	0.627759
292.733	0.575404
292.8	0.491665
292.867	0.599697
292.933	0.558742
293	0.466628
293.067	0.326459
293.133	0.36536
293.2	0.299893
293.267	0.566536
293.333	0.571627
293.4	0.605978
293.467	0.593654
293.533	0.557018
293.6	0.59267
293.667	0.585201
293.733	0.574472
293.8	0.601374
293.867	0.591432
293.933	0.565259
294	0.589477
294.067	0.574495
294.133	0.551618
294.2	0.580025
294.267	0.50674
294.333	0.476997
294.4	0.582725
294.467	0.596479
294.533	0.560525
294.6	0.578555
294.667	0.556559
294.733	0.537291
294.8	0.53465
294.867	0.507359
294.933	0.531189
295	0.543106
295.067	0.534113
295.133	0.549596
295.2	0.573551
295.267	0.56261
295.333	0.54668
295.4	0.553346
295.467	0.589563
295.533	0.500251
295.6	0.547883
295.667	0.283333
295.733	0.264923
295.8	0.176727
295.867	0.256391
295.933	0.587772
296	0.414552
296.067	0.426884
296.133	0.603325
296.2	0.632003
296.267	0.617092
296.333	0.614365
296.4	0.642101
296.467	0.638814
296.533	0.639664
296.6	0.652216
296.667	0.629205
296.733	0.660061
296.8	0.656107
296.867	0.666558
296.933	0.660018
297	0.640169
297.067	0.636259
297.133	0.657635
297.2	0.622308
297.267	0.628754
297.333	0.631258
297.4	0.631164
297.467	0.643975
297.533	0.616575
297.6	0.630921
297.667	0.620203
297.733	0.64439
297.8	0.622233
297.867	0.634573
297.933	0.643826
298	0.614451
298.067	0.620705
298.133	0.568045
298.2	0.606268
298.267	0.630553
298.333	0.617174
298.4	0.6327
298.467	0.612562
298.533	0.621528
298.6	0.612546
298.667	0.615948
298.733	0.614173
298.8	0.602334
298.867	0.603827
298.933	0.570573
299	0.59508
299.067	0.572614
299.133	0.571834
299.2	0.584766
299.267	0.57062
299.333	0.573226
299.4	0.59222
299.467	0.591017
299.533	0.585131
299.6	0.461255
299.667	0.54697
299.733	0.565647
299.8	0.569683
299.867	0.559291
299.933	0.568711
300	0.559898
300.067	0.579648
300.133	0.571027
300.2	0.58952
300.267	0.582309
300.333	0.507163
300.4	0.544756
300.467	0.570921
300.533	0.576752
300.6	0.596091
300.667	0.573167
300.733	0.565388
300.8	0.568268
300.867	0.587494
300.933	0.56491
301	0.573422
301.067	0.563378
301.133	0.554749
301.2	0.545669
301.267	0.510682
301.333	0.499428
301.4	0.523395
301.467	0.50453
301.533	0.500004
301.6	0.553072
301.667	0.539497
301.733	0.542726
301.8	0.550912
301.867	0.560548
301.933	0.551853
302	0.558327
302.067	0.484141
302.133	0.419137
302.2	0.505921
302.267	0.54188
302.333	0.55614
302.4	0.538929
302.467	0.527521
302.533	0.531953
302.6	0.517854
302.667	0.472483
302.733	0.474834
302.8	0.494823
302.867	0.495435
302.933	0.457615
303	0.446419
303.067	0.486947
303.133	0.501242
303.2	0.447019
303.267	0.499898
303.333	0.50808
303.4	0.511016
303.467	0.503472
303.533	0.508598
303.6	0.520926
303.667	0.533055
303.733	0.551731
303.8	0.551433
303.867	0.562802
303.933	0.558472
304	0.582156
304.067	0.586749
304.133	0.5847
304.2	0.591985
304.267	0.613773
304.333	0.572097
304.4	0.606809
304.467	0.611026
304.533	0.609972
304.6	0.601746
304.667	0.607072
304.733	0.597455
304.8	0.607718
304.867	0.610787
304.933	0.594614
305	0.619118
305.067	0.608232
305.133	0.595308
305.2	0.609776
305.267	0.609015
305.333	0.55534
305.4	0.606868
305.467	0.588254
305.533	0.569852
305.6	0.593129
305.667	0.588712
305.733	0.547405
305.8	0.584006
305.867	0.574268
305.933	0.519523
306	0.565376
306.067	0.565925
306.133	0.543804
306.2	0.569315
306.267	0.556136
306.333	0.399398
306.4	0.534724
306.467	0.539356
306.533	0.515107
306.6	0.511415
306.667	0.51314
306.733	0.519797
306.8	0.457548
306.867	0.529347
306.933	0.513292
307	0.527427
307.067	0.540422
307.133	0.482189
307.2	0.427676
307.267	0.438409
307.333	0.407533
307.4	0.496889
307.467	0.38009
307.533	0.495799
307.6	0.45526
307.667	0.417945
307.733	0.170787
307.8	0.469371
307.867	0.475249
307.933	0.470907
308	0.325177
308.067	0.463689
308.133	0.43953
308.2	0.457709
308.267	0.437382
308.333	0.418275
308.4	0.438942
308.467	0.438378
308.533	0.427989
308.6	0.437861
308.667	0.411527
308.733	0.429416
308.8	0.436434
308.867	0.444056
308.933	0.415837
309	0.443817
309.067	0.445432
309.133	0.407243
309.2	0.446619
309.267	0.447732
309.333	0.430023
309.4	0.447971
309.467	0.456478
309.533	0.443296
309.6	0.451361
309.667	0.459539
309.733	0.441254
309.8	0.447477
309.867	0.475559
309.933	0.457156
310	0.478149
310.067	0.489592
310.133	0.45941
310.2	0.484345
310.267	0.479152
310.333	0.458089
310.4	0.47307
310.467	0.47454
310.533	0.439789
310.6	0.456749
310.667	0.452681
310.733	0.426594
310.8	0.445792
310.867	0.444178
310.933	0.407964
311	0.381403
311.067	0.419435
311.133	0.412353
311.2	0.307445
311.267	0.419333
311.333	0.396855
311.4	0.436458
311.467	0.417252
311.533	0.337733
311.6	0.332062
311.667	0.320196
311.733	0.267909
311.8	0.340492
311.867	0.35782
311.933	0.373911
312	0.410813
312.067	0.393124
312.133	0.379393
312.2	0.392517
312.267	0.362339
312.333	0.375682
312.4	0.364043
312.467	0.340339
312.533	0.325502
312.6	0.376144
312.667	0.356335
312.733	0.372653
312.8	0.383347
312.867	0.386125
312.933	0.381337
313	0.36875
313.067	0.375063
313.133	0.201145
313.2	0.372617
313.267	0.346131
313.333	0.389362
313.4	0.40193
313.467	0.385941
313.533	0.387752
313.6	0.410163
313.667	0.390898
313.733	0.390452
313.8	0.411319
313.867	0.416903
313.933	0.345163
314	0.409218
314.067	0.426794
314.133	0.418761
314.2	0.424188
314.267	0.435016
314.333	0.418208
314.4	0.449382
314.467	0.388332
314.533	0.427562
314.6	0.453394
314.667	0.417898
314.733	0.40347
314.8	0.431199
314.867	0.444036
314.933	0.44049
315	0.447822
315.067	0.46943
315.133	0.446204
315.2	0.442191
315.267	0.385596
315.333	0.375666
315.4	0.462353
315.467	0.464963
315.533	0.41956
315.6	0.457062
315.667	0.44172
315.733	0.380228
315.8	0.451427
315.867	0.447446
315.933	0.385271
316	0.425775
316.067	0.451635
316.133	0.347099
316.2	0.460378
316.267	0.442657
316.333	0.420367
316.4	0.444424
316.467	0.447367
316.533	0.283462
316.6	0.455801
316.667	0.441967
316.733	0.395585
316.8	0.437747
316.867	0.428718
316.933	0.385667
317	0.420077
317.067	0.369318
317.133	0.214963
317.2	0.284399
317.267	0.397129
317.333	0.348882
317.4	0.379177
317.467	0.376928
317.533	0.331377
317.6	0.366163
317.667	0.342032
317.733	0.232887
317.8	0.316093
317.867	0.302801
317.933	0.293063
318	0.270624
318.067	0.251317
318.133	0.228545
318.2	0.252966
318.267	0.238785
318.333	0.215727
318.4	0.224791
318.467	0.204417
318.533	0.184933
318.6	0.18346
318.667	0.170132
318.733	0.145295
318.8	0.134178
318.867	0.120305
318.933	0.0475343
319	0.104105
319.067	0.0920473
319.133	0.0819448
319.2	0.0744796
319.267	0.0636913
319.333	0.0519703
319.4	0.0450812
319.467	0.03289
319.533	0.047311
319.6	0.0998025
319.667	0.0409234
319.733	0.0373691
319.8	0.0418443
319.867	0.0187786
319.933	0.0302723
320	0.0151773
320.067	0.0476636
320.133	0.0555834
320.2	0.0544627
320.267	0.0616261
320.333	0.0579621
320.4	0.0649845
320.467	0.0480163
320.533	0.0315028
320.6	0.0685153
320.667	0.0984035
320.733	0.125537
320.8	0.0679157
320.867	0.0763057
320.933	0.0809925
321	0.120121
321.067	0.0875799
321.133	0.0519233
321.2	0.0263575
321.267	0.14544
321.333	0.0707999
321.4	0.0350061
321.467	0.0428475
321.533	0.0499365
321.6	0.0491097
321.667	0.0414485
321.733	0.0441642
321.8	0.0414054
321.867	0.0729748
321.933	0.0413231
322	0.0292691
322.067	0.0276977
322.133	0.0309894
322.2	0.138422
322.267	0.0533654
322.333	0.0259107
322.4	0.0418326
322.467	0.0217177
322.533	0.0213807
322.6	0.0258402
322.667	0.0796367
322.733	0.0412918
322.8	0.0337521
322.867	0.026957
322.933	0.0449323
323	0.0411938
323.067	0.0358526
323.133	0.025895
323.2	0.0364051
323.267	0.0372711
323.333	0.0195232
323.4	0.0152478
323.467	0.0294807
323.533	0.0290379
323.6	0.0443406
323.667	0.0279641
323.733	0.0318868
323.8	0.0290496
323.867	0.127724
323.933	0.0274625
324	0.0494232
324.067	0.050348
324.133	0.0313029
324.2	0.0306485
324.267	0.032839
324.333	0.0189314
324.4	0.0189432
324.467	0.0381176
324.533	0.0318711
324.6	0.0372672
324.667	0.0454339
324.733	0.0346221
324.8	0.0343047
324.867	0.0309071
324.933	0.0384899
325	0.0234458
325.067	0.0354215
325.133	0.0392932
325.2	0.033952
325.267	0.019386
325.333	0.0384664
325.4	0.0348298
325.467	0.0108001
325.533	0.135918
325.6	0.0879875
325.667	0.0435098
325.733	0.0599763
325.8	0.035829
325.867	0.0300881
325.933	0.0226033
326	0.0153066
326.067	0.0288106
326.133	0.0379413
326.2	0.0280817
326.267	0.0600704
326.333	0.0026138
326.4	0.00456141
326.467	0.0395871
326.533	0.0251779
326.6	0.0193625
326.667	0.0238495
326.733	0.0460609
326.8	0.0313734
326.867	0.0327097
326.933	0.0328195
327	0.0309776
327.067	0.0227796
327.133	0.0163098
327.2	0.100418
327.267	0.0280856
327.333	0.0362758
327.4	0.0274625
327.467	0.0198563
327.533	0.0123871
327.6	0.017411
327.667	0.00466722
327.733	0.0263731
327.8	0.0457983
327.867	0.0364521
327.933	0.0733549
328	0.0808828
328.067	0.0659328
328.133	0.0639734
328.2	0.067563
328.267	0.0685976
328.333	0.0604074
328.4	0.0741465
328.467	0.0812316
328.533	0.0851503
328.6	0.0951666
328.667	0.0983212
328.733	0.109795
328.8	0.110681
328.867	0.124918
328.933	0.0941713
329	0.0912871
329.067	0.133547
329.133	0.0921492
329.2	0.111257
329.267	0.147654
329.333	0.115666
329.4	0.120329
329.467	0.143865
329.533	0.131862
329.6	0.146823
329.667	0.169776
329.733	0.154908
329.8	0.17286
329.867	0.167491
329.933	0.160355
330	0.131047
330.067	0.146718
330.133	0.144253
330.2	0.155096
330.267	0.143532
330.333	0.150229
330.4	0.158627
330.467	0.126955
330.533	0.14921
330.6	0.137493
330.667	0.133931
330.733	0.138669
330.8	0.138143
330.867	0.122265
330.933	0.12382
331	0.119028
331.067	0.105571
331.133	0.126191
331.2	0.0984819
331.267	0.104489
331.333	0.112252
331.4	0.114553
331.467	0.110556
331.533	0.114611
331.6	0.118573
331.667	0.123915
331.733	0.11543
331.8	0.12045
331.867	0.132951
331.933	0.114937
332	0.121383
332.067	0.133641
332.133	0.121481
332.2	0.132935
332.267	0.137975
332.333	0.140185
332.4	0.139797
332.467	0.163094
332.533	0.139245
332.6	0.140859
332.667	0.160641
332.733	0.152443
332.8	0.15374
332.867	0.177754
332.933	0.174502
333	0.177966
333.067	0.186442
333.133	0.192101
333.2	0.194789
333.267	0.188625
333.333	0.194319
333.4	0.197802
333.467	0.17197
333.533	0.174854
333.6	0.169129
333.667	0.155864
333.733	0.164152
333.8	0.16907
333.867	0.165731
333.933	0.156899
334	0.156052
334.067	0.133994
334.133	0.130972
334.2	0.124687
334.267	0.111806
334.333	0.105649
334.4	0.0904955
334.467	0.0751144
334.533	0.0686054
334.6	0.0660739
334.667	0.0615595
334.733	0.0614655
334.8	0.0467349
334.867	0.0517822
334.933	0.0423263
335	0.0466604
335.067	0.0702944
335.133	0.0907855
335.2	0.0807417
335.267	0.0710781
335.333	0.0758002
335.4	0.0744913
335.467	0.0456729
335.533	0.127496
335.6	0.0730061
335.667	0.0652118
335.733	0.0657212
335.8	0.0664462
335.867	0.084104
335.933	0.0707333
336	0.0827952
336.067	0.0917691
336.133	0.0728572
336.2	0.0567473
336.267	0.0521976
336.333	0.0659328
336.4	0.0750517
336.467	0.06935
336.533	0.0830146
336.6	0.0789705
336.667	0.0897274
336.733	0.0721715
336.8	0.0896961
336.867	0.110512
336.933	0.0957309
337	0.10135
337.067	0.125819
337.133	0.0877876
337.2	0.112064
337.267	0.13348
337.333	0.090135
337.4	0.10579
337.467	0.149582
337.533	0.11409
337.6	0.145809
337.667	0.175795
337.733	0.143414
337.8	0.222208
337.867	0.236904
337.933	0.252955
338	0.247598
338.067	0.245145
338.133	0.240689
338.2	0.236034
338.267	0.249306
338.333	0.252759
338.4	0.253429
338.467	0.280076
338.533	0.264789
338.6	0.260248
338.667	0.287107
338.733	0.269131
338.8	0.262881
338.867	0.313523
338.933	0.269711
339	0.272842
339.067	0.262599
339.133	0.25879
339.2	0.294826
339.267	0.26785
339.333	0.254816
339.4	0.25915
339.467	0.270965
339.533	0.25732
339.6	0.256192
339.667	0.26698
339.733	0.237926
339.8	0.219743
339.867	0.206032
339.933	0.204331
340	0.180301
340.067	0.179757
340.133	0.166546
340.2	0.155402
340.267	0.153642
340.333	0.152173
340.4	0.14575
340.467	0.128413
340.533	0.122711
340.6	0.110356
340.667	0.0949629
340.733	0.108694
340.8	0.0935012
340.867	0.0793114
340.933	0.0743542
341	0.0680372
341.067	0.0696164
341.133	0.0651608
341.2	0.0585852
341.267	0.0487139
341.333	0.0403474
341.4	0.0301547
341.467	0.028356
341.533	0.0191979
341.6	0.0122343
341.667	0.0137548
341.733	0.00795896
341.8	0.0139429
341.867	0.0256599
341.933	0.0223329
342	0.0306524
342.067	0.0279367
342.133	0.0264123
342.2	0.145675
342.267	0.0335523
342.333	0.0954213
342.4	0.0826345
342.467	0.0743816
342.533	0.0621042
342.6	0.0688405
342.667	0.0823719
342.733	0.0505243
342.8	0.0678726
342.867	0.0617985
342.933	0.0511121
343	0.0672182
343.067	0.067128
343.133	0.0367931
343.2	0.0224348
343.267	0.0559596
343.333	0.0599685
343.4	0.0341283
343.467	0.0414368
343.533	0.0571039
343.6	0.03829
343.667	0.0386584
343.733	0.0811023
343.8	0.0200679
343.867	0.154367
343.933	0.0819448
344	0.0323884
344.067	0.0675552
344.133	0.054012
344.2	0.0511984
344.267	0.030429
344.333	0.0487805
344.4	0.0594943
344.467	0.0749342
344.533	0.0428828
344.6	0.065733
344.667	0.0749577
344.733	0.0665128
344.8	0.0527776
344.867	0.0655958
344.933	0.0518293
345	0.0398458
345.067	0.0400613
345.133	0.0510377
345.2	0.0697771
345.267	0.0567042
345.333	0.037424
345.4	0.053146
345.467	0.0289517
345.533	0.123272
345.6	0.0828461
345.667	0.0786687
345.733	0.0631152
345.8	0.0718384
345.867	0.0809965
345.933	0.0837709
346	0.0681273
346.067	0.0543921
346.133	0.0621003
346.2	0.0235791
346.267	0.147889
346.333	0.0531499
346.4	0.0822583
346.467	0.0855853
346.533	0.084347
346.6	0.0493409
346.667	0.0617868
346.733	0.0640714
346.8	0.0617515
346.867	0.0628644
346.933	0.0381293
347	0.0544823
347.067	0.0686994
347.133	0.0531303
347.2	0.0392932
347.267	0.0565827
347.333	0.0615673
347.4	0.0440702
347.467	0.0537416
347.533	0.0587576
347.6	0.0474364
347.667	0.0393011
347.733	0.04543
347.8	0.0328038
347.867	0.0371497
347.933	0.163874
348	0.0492037
348.067	0.0506928
348.133	0.0619984
348.2	0.092737
348.267	0.0522682
348.333	0.0360603
348.4	0.0753025
348.467	0.0685662
348.533	0.028983
348.6	0.0268865
348.667	0.0705922
348.733	0.0718854
348.8	0.0796994
348.867	0.0728337
348.933	0.0460021
349	0.070988
349.067	0.0347357
349.133	0.0573155
349.2	0.0428397
349.267	0.0436391
349.333	0.0514256
349.4	0.0424165
349.467	0.0626136
349.533	0.0356253
349.6	0.132348
349.667	0.0482084
349.733	0.0596746
349.8	0.0467976
349.867	0.0527423
349.933	0.0435059
350	0.12913
350.067	0.0524994
350.133	0.041327
350.2	0.0483651
350.267	0.0463744
350.333	0.0350453
350.4	0.0320984
350.467	0.036605
350.533	0.0353157
350.6	0.0305309
350.667	0.0291515
350.733	0.0491959
350.8	0.039736
350.867	0.0375886
350.933	0.0442543
351	0.0458924
351.067	0.0864161
351.133	0.119102
351.2	0.0930897
351.267	0.0854717
351.333	0.0903897
351.4	0.10108
351.467	0.090758
351.533	0.108138
351.6	0.0827873
351.667	0.0939557
351.733	0.103678
351.8	0.0847389
351.867	0.103079
351.933	0.0924862
352	0.104834
352.067	0.119377
352.133	0.0861026
352.2	0.113832
352.267	0.113777
352.333	0.09896
352.4	0.124624
352.467	0.0987523
352.533	0.0919297
352.6	0.114584
352.667	0.128915
352.733	0.111876
352.8	0.126928
352.867	0.141678
352.933	0.202364
353	0.147215
353.067	0.148885
353.133	0.146718
353.2	0.153607
353.267	0.154559
353.333	0.155543
353.4	0.161178
353.467	0.166202
353.533	0.153893
353.6	0.161166
353.667	0.170371
353.733	0.160927
353.8	0.175277
353.867	0.177468
353.933	0.169572
354	0.170414
354.067	0.167691
354.133	0.118985
354.2	0.149574
354.267	0.132837
354.333	0.105332
354.4	0.108925
354.467	0.107319
354.533	0.0955546
354.6	0.143704
354.667	0.102726
354.733	0.105395
354.8	0.0991206
354.867	0.0988385
354.933	0.102628
355	0.0957427
355.067	0.09568
355.133	0.0922276
355.2	0.0916829
355.267	0.0948257
355.333	0.0927409
355.4	0.0982899
355.467	0.0984858
355.533	0.0824346
355.6	0.106637
355.667	0.110622
355.733	0.11293
355.8	0.0682801
355.867	0.0687661
355.933	0.109043
356	0.0684486
356.067	0.0692559
356.133	0.113432
356.2	0.0740329
356.267	0.0834966
356.333	0.113267
356.4	0.0706549
356.467	0.0708861
356.533	0.115717
356.6	0.0817606
356.667	0.085405
356.733	0.137677
356.8	0.0982899
356.867	0.104525
356.933	0.137563
357	0.106531
357.067	0.119623
357.133	0.129017
357.2	0.138108
357.267	0.142576
357.333	0.140271
357.4	0.141898
357.467	0.14227
357.533	0.135792
357.6	0.146886
357.667	0.146153
357.733	0.138159
357.8	0.142305
357.867	0.145503
357.933	0.240595
358	0.150597
358.067	0.153003
358.133	0.154022
358.2	0.154277
358.267	0.160692
358.333	0.161648
358.4	0.161566
358.467	0.158388
358.533	0.159857
358.6	0.161056
358.667	0.160856
358.733	0.159575
358.8	0.156119
358.867	0.163067
358.933	0.155578
359	0.171453
359.067	0.142446
359.133	0.180552
359.2	0.145577
359.267	0.133578
359.333	0.181493
359.4	0.181916
359.467	0.20024
359.533	0.202336
359.6	0.185474
359.667	0.196176
359.733	0.181692
359.8	0.180913
359.867	0.165457
359.933	0.160947
360	0.171711
360.067	0.141655
360.133	0.12489
360.2	0.143253
360.267	0.163944
360.333	0.124859
360.4	0.109329
360.467	0.111343
360.533	0.120689
360.6	0.115959
360.667	0.116312
360.733	0.117915
360.8	0.124314
360.867	0.124067
360.933	0.130416
361	0.116422
361.067	0.116633
361.133	0.158454
361.2	0.131031
361.267	0.1678
361.333	0.145436
361.4	0.121669
361.467	0.117778
361.533	0.143206
361.6	0.147995
361.667	0.145746
361.733	0.134895
361.8	0.125102
361.867	0.129064
361.933	0.131184
362	0.144178
362.067	0.150809
362.133	0.145107
362.2	0.154924
362.267	0.171566
362.333	0.183664
362.4	0.181179
362.467	0.189459
362.533	0.188793
362.6	0.188742
362.667	0.193225
362.733	0.193319
362.8	0.207004
362.867	0.214657
362.933	0.25049
363	0.234207
363.067	0.241626
363.133	0.243801
363.2	0.161178
363.267	0.240572
363.333	0.251693
363.4	0.24701
363.467	0.2604
363.533	0.223392
363.6	0.241916
363.667	0.246477
363.733	0.215609
363.8	0.247186
363.867	0.236531
363.933	0.170924
364	0.246348
364.067	0.20495
364.133	0.204115
364.2	0.204801
364.267	0.185929
364.333	0.197994
364.4	0.204296
364.467	0.172295
364.533	0.190325
364.6	0.287824
364.667	0.249181
364.733	0.152196
364.8	0.221907
364.867	0.192735
364.933	0.192351
365	0.175336
365.067	0.110179
365.133	0.12993
365.2	0.126736
365.267	0.110787
365.333	0.122743
365.4	0.113992
365.467	0.128198
365.533	0.135702
365.6	0.149931
365.667	0.131529
365.733	0.123867
365.8	0.125846
365.867	0.135663
365.933	0.142529
366	0.148885
366.067	0.0669948
366.133	0.14209
366.2	0.139676
366.267	0.228988
366.333	0.171253
366.4	0.0807809
366.467	0.0686015
366.533	0.0913067
366.6	0.178785
366.667	0.211694
366.733	0.163784
366.8	0.16532
366.867	0.163799
366.933	0.0829284
367	0.0970751
367.067	0.159179
367.133	0.143473
367.2	0.1275
367.267	0.158164
367.333	0.120642
367.4	0.123307
367.467	0.139139
367.533	0.138335
367.6	0.138473
367.667	0.131482
367.733	0.151252
367.8	0.130714
367.867	0.140988
367.933	0.249902
368	0.140001
368.067	0.143414
368.133	0.150887
368.2	0.132528
368.267	0.137744
368.333	0.123766
368.4	0.162867
368.467	0.166433
368.533	0.142842
368.6	0.151871
368.667	0.147149
368.733	0.127677
368.8	0.14448
368.867	0.1605
368.933	0.0668616
369	0.181555
369.067	0.16182
369.133	0.0715288
369.2	0.173326
369.267	0.148027
369.333	0.104297
369.4	0.120337
369.467	0.10608
369.533	0.101562
369.6	0.186391
369.667	0.13388
369.733	0.143673
369.8	0.172805
369.867	0.119616
369.933	0.0989639
370	0.114
370.067	0.120129
370.133	0.126007
370.2	0.0935639
370.267	0.0989913
370.333	0.0997124
370.4	0.0932582
370.467	0.0966126
370.533	0.101535
370.6	0.0978706
370.667	0.105265
370.733	0.112915
370.8	0.104152
370.867	0.109345
370.933	0.136384
371	0.117068
371.067	0.1173
371.133	0.126293
371.2	0.123009
371.267	0.218164
371.333	0.167189
371.4	0.146561
371.467	0.140871
371.533	0.153956
371.6	0.148121
371.667	0.146961
371.733	0.138712
371.8	0.151377
371.867	0.152521
371.933	0.154257
372	0.154959
372.067	0.168471
372.133	0.160241
372.2	0.155127
372.267	0.154755
372.333	0.1302
372.4	0.131317
372.467	0.117249
372.533	0.113981
372.6	0.136306
372.667	0.141325
372.733	0.145107
372.8	0.120744
372.867	0.124502
372.933	0.194754
373	0.144413
373.067	0.132457
373.133	0.153587
373.2	0.125114
373.267	0.1038
373.333	0.0927566
373.4	0.0751536
373.467	0.0578641
373.533	0.114337
373.6	0.0775989
373.667	0.0616731
373.733	0.0763763
373.8	0.0715445
373.867	0.0788372
373.933	0.0715915
374	0.0731747
374.067	0.0677394
374.133	0.078461
374.2	0.0731433
374.267	0.0815882
374.333	0.0923961
374.4	0.0872664
374.467	0.094379
374.533	0.102216
374.6	0.173812
374.667	0.0918279
374.733	0.108831
374.8	0.0928702
374.867	0.0919729
374.933	0.0926234
375	0.083383
375.067	0.0897509
375.133	0.0870078
375.2	0.0767289
375.267	0.0639107
375.333	0.0982507
375.4	0.0581972
375.467	0.0619357
375.533	0.0582442
375.6	0.075424
375.667	0.075377
375.733	0.048612
375.8	0.0603447
375.867	0.0546116
375.933	0.071999
376	0.0613361
376.067	0.0468917
376.133	0.0443327
376.2	0.0559087
376.267	0.185239
376.333	0.107738
376.4	0.0806203
376.467	0.0807809
376.533	0.0982154
376.6	0.070263
376.667	0.0450146
376.733	0.118973
376.8	0.0927017
376.867	0.0713603
376.933	0.0859027
377	0.0704119
377.067	0.0831714
377.133	0.0867061
377.2	0.0972122
377.267	0.0920904
377.333	0.0997045
377.4	0.0824033
377.467	0.0846644
377.533	0.0914517
377.6	0.0631074
377.667	0.0727514
377.733	0.0878072
377.8	0.049819
377.867	0.0526914
377.933	0.126791
378	0.0823445
378.067	0.0529696
378.133	0.0483533
378.2	0.040751
378.267	0.0431218
378.333	0.0610893
378.4	0.0402337
378.467	0.0230775
378.533	0.0298451
378.6	0.0307112
378.667	0.0252445
378.733	0.0284853
378.8	0.0279563
378.867	0.0277212
378.933	0.0258637
379	0.0323688
379.067	0.0417699
379.133	0.0251426
379.2	0.0359701
379.267	0.0276702
379.333	0.0186806
379.4	0.0268904
379.467	0.0259499
379.533	0.0167291
379.6	0.138759
379.667	0.0662189
379.733	0.0204402
379.8	0.0785943
379.867	0.071231
379.933	0.0154555
380	0.0567512
380.067	0.0429376
380.133	0.0141114
380.2	0.0335209
380.267	0.0392148
380.333	0.0256913
380.4	0.0219449
380.467	0.022619
380.533	0.022231
380.6	0.0210789
380.667	0.0233557
380.733	0.0294924
380.8	0.0317026
380.867	0.028889
380.933	0.0738408
381	0.0473619
381.067	0.0423969
381.133	0.0464253
381.2	0.0363267
381.267	0.204758
381.333	0.0923922
381.4	0.0567551
381.467	0.0962482
381.533	0.0876857
381.6	0.0814981
381.667	0.0597765
381.733	0.0541805
381.8	0.0275056
381.867	0.0220625
381.933	0.0324981
382	0.0445678
382.067	0.0401397
382.133	0.0542001
382.2	0.0416484
382.267	0.0454535
382.333	0.0731041
382.4	0.0500149
