time_sec	Dynamic_density
0.0666667	0.0302226
0.133333	0.0271765
0.2	0.033436
0.266667	0.015466
0.333333	0.0119469
0.4	0.0287335
0.466667	0.0317823
0.533333	0.0208255
0.6	0.0328064
0.666667	0.0255998
0.733333	0.0215387
0.8	0.0301299
0.866667	0.0263888
0.933333	0.0214891
1	0.0255019
1.06667	0.0188439
1.13333	0.0232982
1.2	0.0183724
1.26667	0.0394617
1.33333	0.0278322
1.4	0.0220429
1.46667	0.0204454
1.53333	0.0270955
1.6	0.0232185
1.66667	0.0256403
1.73333	0.0311318
1.8	0.0152452
1.86667	0.0289046
1.93333	0.0287845
2	0.0284174
2.06667	0.0260505
2.13333	0.0308483
2.2	0.0336999
2.26667	0.0217268
2.33333	0.0349526
2.4	0.0318372
2.46667	0.0260727
2.53333	0.0314061
2.6	0.0288537
2.66667	0.0359349
2.73333	0.0345489
2.8	0.0316621
2.86667	0.0328652
2.93333	0.0572215
3	0.0320135
3.06667	0.0335732
3.13333	0.0307504
3.2	0.0348912
3.26667	0.0341544
3.33333	0.0183227
3.4	0.0270746
3.46667	0.0245431
3.53333	0.018358
3.6	0.0265704
3.66667	0.0279249
3.73333	0.0184729
3.8	0.0273162
3.86667	0.0245039
3.93333	0.0252863
4	0.0235856
4.06667	0.0220181
4.13333	0.0196172
4.2	0.0231924
4.26667	0.0179295
4.33333	0.0157377
4.4	0.0134635
4.46667	0.0163647
4.53333	0.0145738
4.6	0.0432916
4.66667	0.0357115
4.73333	0.0193625
4.8	0.0263993
4.86667	0.0169812
4.93333	0.0261053
5	0.0250172
5.06667	0.0147697
5.13333	0.0200052
5.2	0.0400195
5.26667	0.0255188
5.33333	0.0369981
5.4	0.0237907
5.46667	0.0313447
5.53333	0.0270876
5.6	0.0353483
5.66667	0.0277982
5.73333	0.0309855
5.8	0.0293344
5.86667	0.0345071
5.93333	0.0355103
6	0.0373639
6.06667	0.0347135
6.13333	0.0333315
6.2	0.035108
6.26667	0.0671738
6.33333	0.0383671
6.4	0.0403487
6.46667	0.0359727
6.53333	0.0382561
6.6	0.0378524
6.66667	0.0375533
6.73333	0.0391221
6.8	0.0358722
6.86667	0.0382404
6.93333	0.0420899
7	0.0286238
7.06667	0.02842
7.13333	0.0372346
7.2	0.0290993
7.26667	0.0298451
7.33333	0.0326235
7.4	0.0315759
7.46667	0.0324537
7.53333	0.0427365
7.6	0.0348611
7.66667	0.0344575
7.73333	0.0378381
7.8	0.0392475
7.86667	0.0375585
7.93333	0.0656115
8	0.035206
8.06667	0.0348115
8.13333	0.0443327
8.2	0.0379987
8.26667	0.0383122
8.33333	0.0410057
8.4	0.0388622
8.46667	0.0397582
8.53333	0.0434079
8.6	0.0353131
8.66667	0.0418208
8.73333	0.0435529
8.8	0.0371719
8.86667	0.0430957
8.93333	0.0427809
9	0.0442361
9.06667	0.0454809
9.13333	0.0469544
9.2	0.0435764
9.26667	0.0424752
9.33333	0.0475461
9.4	0.0476793
9.46667	0.0481483
9.53333	0.0483703
9.6	0.0643692
9.66667	0.048659
9.73333	0.0465128
9.8	0.0402233
9.86667	0.0444372
9.93333	0.0395336
10	0.0417072
10.0667	0.036332
10.1333	0.0342498
10.2	0.0338827
10.2667	0.0381346
10.3333	0.032297
10.4	0.039288
10.4667	0.0349878
10.5333	0.0398601
10.6	0.0382247
10.6667	0.0368989
10.7333	0.0407471
10.8	0.0381568
10.8667	0.0372568
10.9333	0.0508953
11	0.0394591
11.0667	0.0373926
11.1333	0.0349277
11.2	0.0362758
11.2667	0.0650864
11.3333	0.0326575
11.4	0.030348
11.4667	0.0417098
11.5333	0.024466
11.6	0.0338945
11.6667	0.0435228
11.7333	0.0434902
11.8	0.0376905
11.8667	0.0404728
11.9333	0.0367317
12	0.0392253
12.0667	0.0386048
12.1333	0.034208
12.2	0.0414707
12.2667	0.0379439
12.3333	0.0299888
12.4	0.0302239
12.4667	0.0391404
12.5333	0.0182287
12.6	0.0248788
12.6667	0.0326183
12.7333	0.0209796
12.8	0.0208699
12.8667	0.0166899
12.9333	0.0521219
13	0.0249219
13.0667	0.0190385
13.1333	0.0261341
13.2	0.026283
13.2667	0.0167121
13.3333	0.0207301
13.4	0.0182796
13.4667	0.0162628
13.5333	0.022632
13.6	0.0176944
13.6667	0.0220429
13.7333	0.0184429
13.8	0.0213258
13.8667	0.0190307
13.9333	0.0163529
14	0.0164261
14.0667	0.0198484
14.1333	0.0213062
14.2	0.0120253
14.2667	0.0185983
14.3333	0.0197073
14.4	0.0224792
14.4667	0.0165933
14.5333	0.0228188
14.6	0.0652261
14.6667	0.0420729
14.7333	0.0206635
14.8	0.0191744
14.8667	0.0255737
14.9333	0.0293266
15	0.0147488
15.0667	0.0249428
15.1333	0.0311448
15.2	0.0209627
15.2667	0.0149526
15.3333	0.0243171
15.4	0.0177767
15.4667	0.0158422
15.5333	0.0189171
15.6	0.0131565
15.6667	0.0126445
15.7333	0.0195859
15.8	0.0130442
15.8667	0.0116191
15.9333	0.0146352
16	0.0116034
16.0667	0.0133159
16.1333	0.0129789
16.2	0.00785054
16.2667	0.0366415
16.3333	0.0250799
16.4	0.0193338
16.4667	0.0235582
16.5333	0.0224949
16.6	0.0195571
16.6667	0.0231193
16.7333	0.014626
16.8	0.012139
16.8667	0.017842
16.9333	0.0158591
17	0.0152439
17.0667	0.0169747
17.1333	0.0156319
17.2	0.0114571
17.2667	0.0151747
17.3333	0.0201371
17.4	0.0174345
17.4667	0.0174462
17.5333	0.0206374
17.6	0.021075
17.6667	0.0175873
17.7333	0.020286
17.8	0.0169381
17.8667	0.0140591
17.9333	0.0503872
18	0.0269296
18.0667	0.0147606
18.1333	0.0220638
18.2	0.0186584
18.2667	0.009806
18.3333	0.0174162
18.4	0.00902617
18.4667	0.0103259
18.5333	0.00848669
18.6	0.0118072
18.6667	0.0111109
18.7333	0.0159284
18.8	0.0116426
18.8667	0.0128156
18.9333	0.020384
19	0.0121716
19.0667	0.0155287
19.1333	0.0140513
19.2	0.00928742
19.2667	0.0129279
19.3333	0.0180419
19.4	0.0121677
19.4667	0.012553
19.5333	0.0149644
19.6	0.0303846
19.6667	0.0187407
19.7333	0.0268355
19.8	0.0273737
19.8667	0.0235085
19.9333	0.032293
20	0.0238103
20.0667	0.0161452
20.1333	0.0150153
20.2	0.0154216
20.2667	0.0146221
20.3333	0.0147449
20.4	0.01283
20.4667	0.0124929
20.5333	0.0159832
20.6	0.00930048
20.6667	0.0121847
20.7333	0.0104016
20.8	0.0113866
20.8667	0.0174554
20.9333	0.00992225
21	0.0177245
21.0667	0.0181399
21.1333	0.0231532
21.2	0.0181281
21.2667	0.0593036
21.3333	0.0309999
21.4	0.0261485
21.4667	0.0212383
21.5333	0.0190882
21.6	0.0287596
21.6667	0.0211599
21.7333	0.0313734
21.8	0.019433
21.8667	0.0195754
21.9333	0.0192828
22	0.0348611
22.0667	0.0231807
22.1333	0.0170178
22.2	0.0161883
22.2667	0.0156005
22.3333	0.0166664
22.4	0.0137195
22.4667	0.0156684
22.5333	0.0163816
22.6	0.013679
22.6667	0.0116465
22.7333	0.0101953
22.8	0.0131578
22.8667	0.0142237
22.9333	0.0490901
23	0.027392
23.0667	0.0219084
23.1333	0.0335105
23.2	0.0198536
23.2667	0.0171745
23.3333	0.015961
23.4	0.0149487
23.4667	0.0137143
23.5333	0.0375572
23.6	0.0285742
23.6667	0.0272117
23.7333	0.0263979
23.8	0.0123493
23.8667	0.0118424
23.9333	0.0253817
24	0.0137665
24.0667	0.0156867
24.1333	0.0186597
24.2	0.0214512
24.2667	0.010625
24.3333	0.0169446
24.4	0.0150323
24.4667	0.0151616
24.5333	0.0136228
24.6	0.0466735
24.6667	0.0299953
24.7333	0.0272274
24.8	0.0225315
24.8667	0.0314009
24.9333	0.0224883
25	0.0161766
25.0667	0.0218065
25.1333	0.0228685
25.2	0.0150349
25.2667	0.0126001
25.3333	0.0153549
25.4	0.0121128
25.4667	0.0165319
25.5333	0.0157546
25.6	0.0135745
25.6667	0.0161126
25.7333	0.0124851
25.8	0.0150362
25.8667	0.0144184
25.9333	0.021928
26	0.0156149
26.0667	0.0200222
26.1333	0.0228711
26.2	0.0190568
26.2667	0.046552
26.3333	0.0373469
26.4	0.0282502
26.4667	0.0325216
26.5333	0.0300385
26.6	0.0266566
26.6667	0.0248239
26.7333	0.025494
26.8	0.0259525
26.8667	0.0232773
26.9333	0.0274377
27	0.0257069
27.0667	0.0256691
27.1333	0.0319887
27.2	0.0199542
27.2667	0.0253033
27.3333	0.0326418
27.4	0.0278845
27.4667	0.0297432
27.5333	0.0369642
27.6	0.0369276
27.6667	0.0349408
27.7333	0.0390202
27.8	0.0370452
27.8667	0.0375494
27.9333	0.0839773
28	0.0637631
28.0667	0.0487557
28.1333	0.0625039
28.2	0.0494584
28.2667	0.0476636
28.3333	0.0552085
28.4	0.0576342
28.4667	0.0533798
28.5333	0.0605406
28.6	0.0574775
28.6667	0.0648421
28.7333	0.0645926
28.8	0.0637867
28.8667	0.0665193
28.9333	0.0664997
29	0.069687
29.0667	0.0688536
29.1333	0.0725424
29.2	0.0708051
29.2667	0.0754736
29.3333	0.0789378
29.4	0.076793
29.4667	0.0763632
29.5333	0.0777021
29.6	0.102645
29.6667	0.0875277
29.7333	0.0847728
29.8	0.0837957
29.8667	0.0817306
29.9333	0.0834744
30	0.0856519
30.0667	0.0802532
30.1333	0.0815346
30.2	0.0785655
30.2667	0.0822936
30.3333	0.0794668
30.4	0.0815686
30.4667	0.0787693
30.5333	0.0782089
30.6	0.0881795
30.6667	0.0836743
30.7333	0.0784362
30.8	0.0788242
30.8667	0.0801487
30.9333	0.0805288
31	0.0829114
31.0667	0.0873631
31.1333	0.0775179
31.2	0.0839159
31.2667	0.0997045
31.3333	0.0995217
31.4	0.0842516
31.4667	0.0883676
31.5333	0.090583
31.6	0.0773259
31.6667	0.0834992
31.7333	0.0774918
31.8	0.0814706
31.8667	0.082402
31.9333	0.0787406
32	0.0849661
32.0667	0.051376
32.1333	0.0862437
32.2	0.0758734
32.2667	0.0667296
32.3333	0.0559061
32.4	0.0850406
32.4667	0.0779764
32.5333	0.0423995
32.6	0.0800808
32.6667	0.0733379
32.7333	0.0668903
32.8	0.0818677
32.8667	0.0734294
32.9333	0.0691566
33	0.0889737
33.0667	0.0212944
33.1333	0.0173731
33.2	0.0140278
33.2667	0.0254588
33.3333	0.0404074
33.4	0.0242831
33.4667	0.0182862
33.5333	0.0254013
33.6	0.0194539
33.6667	0.0236888
33.7333	0.0301025
33.8	0.0257709
33.8667	0.0238495
33.9333	0.0303036
34	0.0268525
34.0667	0.0282162
34.1333	0.0367931
34.2	0.0308457
34.2667	0.041007
34.3333	0.0455737
34.4	0.0374201
34.4667	0.0346208
34.5333	0.0453882
34.6	0.0813674
34.6667	0.0544796
34.7333	0.0353614
34.8	0.0484866
34.8667	0.0334948
34.9333	0.0425941
35	0.0491436
35.0667	0.0536241
35.1333	0.054575
35.2	0.0456102
35.2667	0.0473319
35.3333	0.0390111
35.4	0.0465964
35.4667	0.0325817
35.5333	0.0321389
35.6	0.0297668
35.6667	0.0289451
35.7333	0.0384598
35.8	0.028949
35.8667	0.0266096
35.9333	0.0353039
36	0.0300946
36.0667	0.0323244
36.1333	0.0343203
36.2	0.0401984
36.2667	0.0802428
36.3333	0.0492951
36.4	0.0422963
36.4667	0.0351433
36.5333	0.0563842
36.6	0.0395741
36.6667	0.0439761
36.7333	0.0457409
36.8	0.0433282
36.8667	0.0492364
36.9333	0.0434863
37	0.0399555
37.0667	0.0459002
37.1333	0.0431297
37.2	0.0463927
37.2667	0.0553287
37.3333	0.0560602
37.4	0.0739649
37.4667	0.0874284
37.5333	0.0810147
37.6	0.0969444
37.6667	0.090037
37.7333	0.0608202
37.8	0.0922824
37.8667	0.053982
37.9333	0.0643862
38	0.0741347
38.0667	0.0688418
38.1333	0.0343856
38.2	0.0670405
38.2667	0.0428371
38.3333	0.0398941
38.4	0.0224792
38.4667	0.0122252
38.5333	0.017974
38.6	0.0170452
38.6667	0.0220677
38.7333	0.0208346
38.8	0.0346443
38.8667	0.0419593
38.9333	0.0403003
39	0.0274273
39.0667	0.0456429
39.1333	0.0365383
39.2	0.0349878
39.2667	0.0296675
39.3333	0.0326549
39.4	0.0458793
39.4667	0.0487387
39.5333	0.0293357
39.6	0.0699783
39.6667	0.0460831
39.7333	0.0410671
39.8	0.039271
39.8667	0.0326849
39.9333	0.044594
40	0.0342028
40.0667	0.0310639
40.1333	0.0359335
40.2	0.0344536
40.2667	0.0412199
40.3333	0.0401723
40.4	0.0341283
40.4667	0.0363542
40.5333	0.0385722
40.6	0.0350884
40.6667	0.0484422
40.7333	0.0412108
40.8	0.0351864
40.8667	0.0410201
40.9333	0.0401984
41	0.0374475
41.0667	0.0412056
41.1333	0.0429507
41.2	0.0396211
41.2667	0.0820206
41.3333	0.0449532
41.4	0.0378224
41.4667	0.0412487
41.5333	0.0327424
41.6	0.0410919
41.6667	0.0449519
41.7333	0.0387851
41.8	0.0510089
41.8667	0.0453607
41.9333	0.0431858
42	0.053385
42.0667	0.0451792
42.1333	0.0370713
42.2	0.0348899
42.2667	0.0413088
42.3333	0.039932
42.4	0.0381267
42.4667	0.0379791
42.5333	0.0263248
42.6	0.0368871
42.6667	0.0352151
42.7333	0.0281797
42.8	0.0293239
42.8667	0.0271046
42.9333	0.0780665
43	0.0438755
43.0667	0.0356618
43.1333	0.0387537
43.2	0.02842
43.2667	0.0314858
43.3333	0.0330768
43.4	0.0297276
43.4667	0.0299418
43.5333	0.0385918
43.6	0.0337613
43.6667	0.0273763
43.7333	0.0400443
43.8	0.028966
43.8667	0.0299196
43.9333	0.0327254
44	0.0381372
44.0667	0.0373743
44.1333	0.0341309
44.2	0.0386976
44.2667	0.0337743
44.3333	0.0317849
44.4	0.0335418
44.4667	0.0363842
44.5333	0.0373547
44.6	0.0816012
44.6667	0.0590162
44.7333	0.04459
44.8	0.0427691
44.8667	0.046923
44.9333	0.0461197
45	0.0356945
45.0667	0.0447533
45.1333	0.0412813
45.2	0.0466239
45.2667	0.0461967
45.3333	0.0464501
45.4	0.0395336
45.4667	0.0385199
45.5333	0.0405355
45.6	0.0415661
45.6667	0.0393259
45.7333	0.0309946
45.8	0.0338684
45.8667	0.0384807
45.9333	0.0431545
46	0.0378145
46.0667	0.0357428
46.1333	0.0352648
46.2	0.040073
46.2667	0.088058
46.3333	0.0451883
46.4	0.0554868
46.4667	0.0530519
46.5333	0.0495877
46.6	0.0553026
46.6667	0.0495864
46.7333	0.0471124
46.8	0.0389784
46.8667	0.0457252
46.9333	0.0304669
47	0.0409626
47.0667	0.0441459
47.1333	0.0257592
47.2	0.0393507
47.2667	0.0358787
47.3333	0.0343987
47.4	0.0364182
47.4667	0.0211494
47.5333	0.0394186
47.6	0.0572267
47.6667	0.0309411
47.7333	0.0215361
47.8	0.0391456
47.8667	0.0303598
47.9333	0.0541753
48	0.0307869
48.0667	0.0277826
48.1333	0.0252328
48.2	0.0402834
48.2667	0.0212553
48.3333	0.0330467
48.4	0.0492272
48.4667	0.0318345
48.5333	0.0203213
48.6	0.0238403
48.6667	0.024257
48.7333	0.0213036
48.8	0.0262046
48.8667	0.0242413
48.9333	0.0269322
49	0.0222467
49.0667	0.0247181
49.1333	0.0204793
49.2	0.0238338
49.2667	0.0143975
49.3333	0.0202103
49.4	0.0216615
49.4667	0.0164509
49.5333	0.0157063
49.6	0.05321
49.6667	0.0156528
49.7333	0.0279602
49.8	0.0143334
49.8667	0.0242152
49.9333	0.0206727
50	0.0464253
50.0667	0.0192907
50.1333	0.0188387
50.2	0.020832
50.2667	0.0161544
50.3333	0.0221526
50.4	0.024449
50.4667	0.0225106
50.5333	0.0196629
50.6	0.0281248
50.6667	0.00821237
50.7333	0.0290444
50.8	0.0121468
50.8667	0.0115877
50.9333	0.0312128
51	0.0200718
51.0667	0.0196825
51.1333	0.0156776
51.2	0.0128273
51.2667	0.063754
51.3333	0.026317
51.4	0.025319
51.4667	0.0275474
51.5333	0.0194356
51.6	0.0269074
51.6667	0.0244804
51.7333	0.0297655
51.8	0.0201619
51.8667	0.00937885
51.9333	0.0132571
52	0.00760366
52.0667	0.00619553
52.1333	0.00810788
52.2	0.00549016
52.2667	0.0186702
52.3333	0.0159689
52.4	0.00795113
52.4667	0.0156998
52.5333	0.0185383
52.6	0.00903923
52.6667	0.0141989
52.7333	0.0200679
52.8	0.0142002
52.8667	0.0135628
52.9333	0.062918
53	0.0179844
53.0667	0.0214211
53.1333	0.014869
53.2	0.0255554
53.2667	0.0208111
53.3333	0.0267611
53.4	0.024001
53.4667	0.0174724
53.5333	0.017957
53.6	0.01913
53.6667	0.0250355
53.7333	0.024914
53.8	0.0226046
53.8667	0.0208203
53.9333	0.0220181
54	0.0216053
54.0667	0.0269074
54.1333	0.0249859
54.2	0.0270641
54.2667	0.0349434
54.3333	0.0168427
54.4	0.0349251
54.4667	0.0285337
54.5333	0.0144458
54.6	0.0661679
54.6667	0.0172555
54.7333	0.0211926
54.8	0.0217177
54.8667	0.014498
54.9333	0.0222506
55	0.0262987
55.0667	0.026364
55.1333	0.0251466
55.2	0.0254039
55.2667	0.0218483
55.3333	0.0234785
55.4	0.0134387
55.4667	0.0296636
55.5333	0.0116347
55.6	0.0196211
55.6667	0.019548
55.7333	0.0196316
55.8	0.0190268
55.8667	0.0180301
55.9333	0.0266069
56	0.0187878
56.0667	0.022828
56.1333	0.0288184
56.2	0.0149526
56.2667	0.070728
56.3333	0.026829
56.4	0.0283299
56.4667	0.0329357
56.5333	0.0221592
56.6	0.0255802
56.6667	0.0258846
56.7333	0.0305087
56.8	0.0143152
56.8667	0.0217072
56.9333	0.0218378
57	0.0293893
57.0667	0.0173979
57.1333	0.0240062
57.2	0.0258493
57.2667	0.0152962
57.3333	0.0206256
57.4	0.0154294
57.4667	0.0278871
57.5333	0.0273058
57.6	0.0204728
57.6667	0.0236339
57.7333	0.0166507
57.8	0.0271974
57.8667	0.0184925
57.9333	0.069845
58	0.0148938
58.0667	0.0170922
58.1333	0.024466
58.2	0.0257082
58.2667	0.0243249
58.3333	0.0279393
58.4	0.0175834
58.4667	0.0222166
58.5333	0.013986
58.6	0.0306197
58.6667	0.0200013
58.7333	0.0264463
58.8	0.017377
58.8667	0.0170844
58.9333	0.0178237
59	0.0207275
59.0667	0.0138436
59.1333	0.0210789
59.2	0.0195114
59.2667	0.0226203
59.3333	0.0279981
59.4	0.0262647
59.4667	0.0178237
59.5333	0.0286578
59.6	0.0186989
59.6667	0.018247
59.7333	0.0211351
59.8	0.0209313
59.8667	0.0145947
59.9333	0.0160459
60	0.0162471
60.0667	0.0201267
60.1333	0.0223825
60.2	0.0135732
60.2667	0.0836429
60.3333	0.0381516
60.4	0.0231754
60.4667	0.03289
60.5333	0.027776
60.6	0.0246293
60.6667	0.0175481
60.7333	0.0230396
60.8	0.0198719
60.8667	0.0139246
60.9333	0.021523
61	0.0173313
61.0667	0.0189523
61.1333	0.0159989
61.2	0.0187616
61.2667	0.0123754
61.3333	0.0198066
61.4	0.0165462
61.4667	0.0138175
61.5333	0.0193233
61.6	0.0150179
61.6667	0.0119509
61.7333	0.0167814
61.8	0.010514
61.8667	0.0102749
61.9333	0.0519716
62	0.0154856
62.0667	0.0218195
62.1333	0.0342864
62.2	0.0119313
62.2667	0.0180171
62.3333	0.0174959
62.4	0.0241277
62.4667	0.024449
62.5333	0.021604
62.6	0.0198354
62.6667	0.0171014
62.7333	0.0221435
62.8	0.0238155
62.8667	0.0212265
62.9333	0.0214355
63	0.0186362
63.0667	0.0184729
63.1333	0.0291189
63.2	0.0262098
63.2667	0.0215479
63.3333	0.0227052
63.4	0.013103
63.4667	0.0177924
63.5333	0.0155927
63.6	0.0424792
63.6667	0.0145686
63.7333	0.0275017
63.8	0.0211246
63.8667	0.0240167
63.9333	0.014498
64	0.0194526
64.0667	0.0127372
64.1333	0.0220168
64.2	0.0140004
64.2667	0.020751
64.3333	0.0141793
64.4	0.0134478
64.4667	0.0132767
64.5333	0.014353
64.6	0.0117275
64.6667	0.0119495
64.7333	0.0188021
64.8	0.0162732
64.8667	0.01855
64.9333	0.0168558
65	0.0196316
65.0667	0.0202521
65.1333	0.0269074
65.2	0.016989
65.2667	0.0631897
65.3333	0.0235347
65.4	0.0151642
65.4667	0.0186062
65.5333	0.0232812
65.6	0.0255815
65.6667	0.0176383
65.7333	0.0166964
65.8	0.0146404
65.8667	0.0169146
65.9333	0.0201632
66	0.0160512
66.0667	0.0104879
66.1333	0.0241421
66.2	0.0229743
66.2667	0.019949
66.3333	0.0233296
66.4	0.0116217
66.4667	0.0149879
66.5333	0.0215635
66.6	0.0172777
66.6667	0.0295068
66.7333	0.0164888
66.8	0.0169433
66.8667	0.0138789
66.9333	0.0673187
67	0.0352256
67.0667	0.0357794
67.1333	0.0274704
67.2	0.0275553
67.2667	0.0223734
67.3333	0.0378838
67.4	0.0366873
67.4667	0.0311357
67.5333	0.0293997
67.6	0.0264789
67.6667	0.0236078
67.7333	0.0212709
67.8	0.0283782
67.8667	0.0275866
67.9333	0.0329644
68	0.0200666
68.0667	0.0247821
68.1333	0.0188792
68.2	0.0272509
68.2667	0.0263091
68.3333	0.0231088
68.4	0.0173221
68.4667	0.0218574
68.5333	0.0235882
68.6	0.0233426
68.6667	0.0185761
68.7333	0.0230069
68.8	0.0148964
68.8667	0.0274808
68.9333	0.0151721
69	0.0681129
69.0667	0.0346743
69.1333	0.0375677
69.2	0.0343569
69.2667	0.028309
69.3333	0.0244869
69.4	0.0214734
69.4667	0.0298007
69.5333	0.0217059
69.6	0.0293932
69.6667	0.0272117
69.7333	0.0298412
69.8	0.0227326
69.8667	0.0326261
69.9333	0.0312585
70	0.0255802
70.0667	0.0226098
70.1333	0.0261929
70.2	0.0249872
70.2667	0.0336659
70.3333	0.0241473
70.4	0.032502
70.4667	0.0229103
70.5333	0.0265756
70.6	0.0184769
70.6667	0.0731668
70.7333	0.0389667
70.8	0.0333629
70.8667	0.0306903
70.9333	0.031845
71	0.0258898
71.0667	0.0261785
71.1333	0.0286773
71.2	0.0224413
71.2667	0.0230474
71.3333	0.020256
71.4	0.0314623
71.4667	0.0297733
71.5333	0.0276193
71.6	0.0272483
71.6667	0.0245496
71.7333	0.0173835
71.8	0.0187682
71.8667	0.0188282
71.9333	0.0158252
72	0.0232172
72.0667	0.0265926
72.1333	0.0241068
72.2	0.0317196
72.2667	0.0203552
72.3333	0.0551811
72.4	0.0464919
72.4667	0.0259734
72.5333	0.0287975
72.6	0.0208307
72.6667	0.0323479
72.7333	0.0338383
72.8	0.03321
72.8667	0.0236352
72.9333	0.0310403
73	0.0215047
73.0667	0.0195297
73.1333	0.0240323
73.2	0.0285128
73.2667	0.0287962
73.3333	0.0206322
73.4	0.0248187
73.4667	0.0228254
73.5333	0.0276167
73.6	0.0262725
73.6667	0.0246593
73.7333	0.0179152
73.8	0.0245339
73.8667	0.0182888
73.9333	0.0208242
74	0.0672234
74.0667	0.0373743
74.1333	0.0276781
74.2	0.0234824
74.2667	0.0333877
74.3333	0.0236783
74.4	0.022892
74.4667	0.0275801
74.5333	0.0242897
74.6	0.0230409
74.6667	0.0206701
74.7333	0.0294062
74.8	0.022892
74.8667	0.0386388
74.9333	0.0238834
75	0.0206243
75.0667	0.0247155
75.1333	0.0229978
75.2	0.0216341
75.2667	0.0182901
75.3333	0.0204741
75.4	0.01974
75.4667	0.0289634
75.5333	0.02096
75.6	0.0258023
75.6667	0.071231
75.7333	0.0438337
75.8	0.0350949
75.8667	0.0331721
75.9333	0.0267154
76	0.0144876
76.0667	0.0194788
76.1333	0.0198837
76.2	0.0224648
76.2667	0.0233962
76.3333	0.0119417
76.4	0.0179008
76.4667	0.020273
76.5333	0.0208033
76.6	0.0196355
76.6667	0.0254588
76.7333	0.0149278
76.8	0.0210933
76.8667	0.0246554
76.9333	0.0185814
77	0.0205904
77.0667	0.0170374
77.1333	0.0152779
77.2	0.014694
77.2667	0.0168885
77.3333	0.0483599
77.4	0.016541
77.4667	0.0274247
77.5333	0.0166181
77.6	0.0224178
77.6667	0.0221657
77.7333	0.0232355
77.8	0.0189354
77.8667	0.0181803
77.9333	0.0229808
78	0.0206701
78.0667	0.0270485
78.1333	0.0202142
78.2	0.0220377
78.2667	0.0269479
78.3333	0.0220481
78.4	0.0169525
78.4667	0.0177963
78.5333	0.01791
78.6	0.0170792
78.6667	0.0293096
78.7333	0.0157586
78.8	0.018247
78.8667	0.021476
78.9333	0.0159924
79	0.0737585
79.0667	0.0363111
79.1333	0.0349382
79.2	0.0326105
79.2667	0.0332936
79.3333	0.0187237
79.4	0.0257187
79.4667	0.0139925
79.5333	0.0156018
79.6	0.0112951
79.6667	0.0207445
79.7333	0.0181634
79.8	0.0161583
79.8667	0.0200757
79.9333	0.0071308
80	0.00585852
80.0667	0.0138253
80.1333	0.00665663
80.2	0.015466
80.2667	0.024739
80.3333	0.0117706
80.4	0.00866303
80.4667	0.0218966
80.5333	0.0178538
80.6	0.00941282
80.6667	0.0830447
80.7333	0.0234119
80.8	0.018119
80.8667	0.0106825
80.9333	0.0235908
81	0.0237972
81.0667	0.0331761
81.1333	0.0138136
81.2	0.0132009
81.2667	0.0258519
81.3333	0.0304238
81.4	0.0285885
81.4667	0.0315798
81.5333	0.0200692
81.6	0.025221
81.6667	0.025626
81.7333	0.0154542
81.8	0.0226164
81.8667	0.0178629
81.9333	0.0165332
82	0.0101731
82.0667	0.0126497
82.1333	0.0116465
82.2	0.0119339
82.2667	0.0148429
82.3333	0.035206
82.4	0.0226725
82.4667	0.0215505
82.5333	0.0146078
82.6	0.012877
82.6667	0.0108236
82.7333	0.0227352
82.8	0.0138632
82.8667	0.0126406
82.9333	0.0128639
83	0.0100686
83.0667	0.0179792
83.1333	0.0129736
83.2	0.0136947
83.2667	0.0122121
83.3333	0.018051
83.4	0.0100294
83.4667	0.0144144
83.5333	0.00872312
83.6	0.0114466
83.6667	0.0145202
83.7333	0.0112938
83.8	0.012779
83.8667	0.0132009
83.9333	0.0143988
84	0.0619396
84.0667	0.0250695
84.1333	0.0152583
84.2	0.0133694
84.2667	0.0225053
84.3333	0.0200065
84.4	0.0161517
84.4667	0.0217386
84.5333	0.0197047
84.6	0.0147972
84.6667	0.0109738
84.7333	0.0120279
84.8	0.0171236
84.8667	0.0163712
84.9333	0.0146509
85	0.0150689
85.0667	0.0179165
85.1333	0.0145529
85.2	0.00963227
85.2667	0.01225
85.3333	0.0126001
85.4	0.0118163
85.4667	0.0116596
85.5333	0.00961006
85.6	0.0104147
85.6667	0.0655083
85.7333	0.0119718
85.8	0.0148573
85.8667	0.0162497
85.9333	0.0131004
86	0.0134099
86.0667	0.0200483
86.1333	0.0153915
86.2	0.0129763
86.2667	0.0157468
86.3333	0.0147475
86.4	0.0143165
86.4667	0.0169394
86.5333	0.0114061
86.6	0.0166416
86.6667	0.0152557
86.7333	0.0121376
86.8	0.0105871
86.8667	0.0148703
86.9333	0.0107569
87	0.0134413
87.0667	0.0258859
87.1333	0.0150231
87.2	0.0158931
87.2667	0.0157102
87.3333	0.0374449
87.4	0.0263431
87.4667	0.0174358
87.5333	0.0197126
87.6	0.0236418
87.6667	0.0262765
87.7333	0.0124054
87.8	0.0222206
87.8667	0.025059
87.9333	0.0177558
88	0.0184899
88.0667	0.0223891
88.1333	0.024547
88.2	0.0285585
88.2667	0.0302213
88.3333	0.0182953
88.4	0.0196917
88.4667	0.0232603
88.5333	0.0201253
88.6	0.0188923
88.6667	0.0163594
88.7333	0.0159401
88.8	0.0150493
88.8667	0.015253
88.9333	0.0235151
89	0.0487962
89.0667	0.0455645
89.1333	0.0400678
89.2	0.0333968
89.2667	0.0401148
89.3333	0.0207236
89.4	0.021476
89.4667	0.0231088
89.5333	0.0297864
89.6	0.0195232
89.6667	0.0270628
89.7333	0.0277617
89.8	0.023711
89.8667	0.0270432
89.9333	0.0183789
90	0.0161713
90.0667	0.0224061
90.1333	0.0204075
90.2	0.0187133
90.2667	0.0198837
90.3333	0.0162458
90.4	0.0170086
90.4667	0.0179348
90.5333	0.0181503
90.6	0.0184664
90.6667	0.0767276
90.7333	0.0300567
90.8	0.0258062
90.8667	0.0272692
90.9333	0.0211573
91	0.0211912
91.0667	0.0257605
91.1333	0.0171719
91.2	0.0197374
91.2667	0.0209457
91.3333	0.0196786
91.4	0.0218026
91.4667	0.0242035
91.5333	0.0194748
91.6	0.0216746
91.6667	0.0199999
91.7333	0.0202168
91.8	0.0180066
91.8667	0.0234497
91.9333	0.0179152
92	0.0169616
92.0667	0.0178812
92.1333	0.0155914
92.2	0.0189536
92.2667	0.0159062
92.3333	0.0616052
92.4	0.0279119
92.4667	0.0185761
92.5333	0.0205499
92.6	0.0169995
92.6667	0.0216915
92.7333	0.0156149
92.8	0.0149918
92.8667	0.0196355
92.9333	0.017347
93	0.016477
93.0667	0.0228358
93.1333	0.0122657
93.2	0.0205825
93.2667	0.0187368
93.3333	0.0139246
93.4	0.0147397
93.4667	0.0193847
93.5333	0.0163529
93.6	0.0142916
93.6667	0.0187473
93.7333	0.0140173
93.8	0.0153863
93.8667	0.0172059
93.9333	0.0163986
94	0.0577505
94.0667	0.0288681
94.1333	0.0177741
94.2	0.0270498
94.2667	0.0277525
94.3333	0.0123689
94.4	0.0190555
94.4667	0.0159715
94.5333	0.0269022
94.6	0.0244634
94.6667	0.0293762
94.7333	0.0264842
94.8	0.0319168
94.8667	0.0259342
94.9333	0.0429951
95	0.0477472
95.0667	0.0295512
95.1333	0.0564991
95.2	0.058273
95.2667	0.0502983
95.3333	0.0653306
95.4	0.0678739
95.4667	0.0447246
95.5333	0.0660243
95.6	0.0686198
95.6667	0.0650224
95.7333	0.0665546
95.8	0.0759674
95.8667	0.0579608
95.9333	0.0678008
96	0.0635019
96.0667	0.0673749
96.1333	0.0836965
96.2	0.0877354
96.2667	0.0795387
96.3333	0.101685
96.4	0.101194
96.4667	0.0938708
96.5333	0.102441
96.6	0.109802
96.6667	0.106784
96.7333	0.102819
96.8	0.11305
96.8667	0.10424
96.9333	0.114546
97	0.114436
97.0667	0.113561
97.1333	0.114021
97.2	0.117793
97.2667	0.110548
97.3333	0.12477
97.4	0.120923
97.4667	0.114678
97.5333	0.115859
97.6	0.117372
97.6667	0.120231
97.7333	0.117783
97.8	0.122752
97.8667	0.132148
97.9333	0.117609
98	0.139518
98.0667	0.141124
98.1333	0.136739
98.2	0.158887
98.2667	0.0946859
98.3333	0.122326
98.4	0.0945605
98.4667	0.12231
98.5333	0.149881
98.6	0.138375
98.6667	0.140162
98.7333	0.144193
98.8	0.139094
98.8667	0.137084
98.9333	0.148259
99	0.0627417
99.0667	0.0883859
99.1333	0.0880188
99.2	0.144308
99.2667	0.143628
99.3333	0.136325
99.4	0.132896
99.4667	0.141143
99.5333	0.13665
99.6	0.130886
99.6667	0.14504
99.7333	0.144878
99.8	0.15195
99.8667	0.144858
99.9333	0.12822
100	0.14084
100.067	0.140567
100.133	0.157162
100.2	0.15882
100.267	0.158234
100.333	0.112682
100.4	0.190939
100.467	0.183626
100.533	0.20512
100.6	0.209253
100.667	0.127213
100.733	0.174613
100.8	0.151948
100.867	0.191615
100.933	0.128203
101	0.20584
101.067	0.17049
101.133	0.189385
101.2	0.183492
101.267	0.20843
101.333	0.209804
101.4	0.185635
101.467	0.213745
101.533	0.18295
101.6	0.184621
101.667	0.161443
101.733	0.164167
101.8	0.163341
101.867	0.181165
101.933	0.144929
102	0.169845
102.067	0.205227
102.133	0.186268
102.2	0.174946
102.267	0.199088
102.333	0.203562
102.4	0.144407
102.467	0.192628
102.533	0.200785
102.6	0.195324
102.667	0.19879
102.733	0.204298
102.8	0.205605
102.867	0.203302
102.933	0.205884
103	0.207744
103.067	0.15432
103.133	0.150494
103.2	0.169073
103.267	0.199158
103.333	0.192918
103.4	0.206164
103.467	0.130955
103.533	0.197707
103.6	0.186327
103.667	0.208145
103.733	0.180534
103.8	0.188039
103.867	0.203101
103.933	0.178136
104	0.14103
104.067	0.128138
104.133	0.204173
104.2	0.140372
104.267	0.188323
104.333	0.194265
104.4	0.147966
104.467	0.192793
104.533	0.141514
104.6	0.123773
104.667	0.206729
104.733	0.151284
104.8	0.148187
104.867	0.21052
104.933	0.143649
105	0.176505
105.067	0.14808
105.133	0.149731
105.2	0.147548
105.267	0.214253
105.333	0.184664
105.4	0.165874
105.467	0.215796
105.533	0.197768
105.6	0.19288
105.667	0.19946
105.733	0.15113
105.8	0.145878
105.867	0.119831
105.933	0.16762
106	0.13897
106.067	0.210116
106.133	0.148251
106.2	0.172865
106.267	0.20355
106.333	0.158483
106.4	0.189113
106.467	0.148192
106.533	0.202236
106.6	0.175493
106.667	0.195993
106.733	0.192448
106.8	0.190042
106.867	0.213518
106.933	0.199132
107	0.17623
107.067	0.220535
107.133	0.204251
107.2	0.161645
107.267	0.222332
107.333	0.188417
107.4	0.157613
107.467	0.213565
107.533	0.170165
107.6	0.1923
107.667	0.212886
107.733	0.148549
107.8	0.183025
107.867	0.195746
107.933	0.131363
108	0.144139
108.067	0.201226
108.133	0.159597
108.2	0.147963
108.267	0.203214
108.333	0.139701
108.4	0.148062
108.467	0.201139
108.533	0.149905
108.6	0.17815
108.667	0.19587
108.733	0.172536
108.8	0.160164
108.867	0.200559
108.933	0.138535
109	0.170864
109.067	0.182868
109.133	0.148267
109.2	0.169611
109.267	0.191491
109.333	0.154216
109.4	0.179403
109.467	0.196759
109.533	0.135852
109.6	0.16421
109.667	0.19307
109.733	0.148874
109.8	0.161527
109.867	0.182784
109.933	0.14415
110	0.147912
110.067	0.187505
110.133	0.180765
110.2	0.17251
110.267	0.189883
110.333	0.166985
110.4	0.174555
110.467	0.184658
110.533	0.169436
110.6	0.164897
110.667	0.188741
110.733	0.165803
110.8	0.174362
110.867	0.188204
110.933	0.161942
111	0.166825
111.067	0.188635
111.133	0.158599
111.2	0.152777
111.267	0.180088
111.333	0.138529
111.4	0.155871
111.467	0.186566
111.533	0.132563
111.6	0.123285
111.667	0.123984
111.733	0.114017
111.8	0.10744
111.867	0.188293
111.933	0.112891
112	0.0921923
112.067	0.18694
112.133	0.115193
112.2	0.0891396
112.267	0.191334
112.333	0.127286
112.4	0.0948218
112.467	0.119673
112.533	0.132959
112.6	0.147972
112.667	0.192688
112.733	0.111282
112.8	0.138291
112.867	0.200928
112.933	0.133656
113	0.14288
113.067	0.197131
113.133	0.140752
113.2	0.151898
113.267	0.204577
113.333	0.175669
113.4	0.178416
113.467	0.207764
113.533	0.181332
113.6	0.173825
113.667	0.170075
113.733	0.156337
113.8	0.172999
113.867	0.199293
113.933	0.155955
114	0.179333
114.067	0.187699
114.133	0.15903
114.2	0.147964
114.267	0.193682
114.333	0.171211
114.4	0.153675
114.467	0.186118
114.533	0.156014
114.6	0.151365
114.667	0.182666
114.733	0.155046
114.8	0.157105
114.867	0.181319
114.933	0.159435
115	0.155344
115.067	0.181907
115.133	0.164942
115.2	0.162383
115.267	0.17627
115.333	0.162488
115.4	0.15569
115.467	0.180189
115.533	0.172543
115.6	0.17203
115.667	0.18243
115.733	0.161418
115.8	0.154957
115.867	0.176825
115.933	0.155092
116	0.144228
116.067	0.167066
116.133	0.160764
116.2	0.151086
116.267	0.137445
116.333	0.152975
116.4	0.152139
116.467	0.167158
116.533	0.152425
116.6	0.153326
116.667	0.144042
116.733	0.155719
116.8	0.157752
116.867	0.166793
116.933	0.147076
117	0.11998
117.067	0.092899
117.133	0.15115
117.2	0.15235
117.267	0.17289
117.333	0.155675
117.4	0.131056
117.467	0.160181
117.533	0.131928
117.6	0.122568
117.667	0.163971
117.733	0.114628
117.8	0.127558
117.867	0.165759
117.933	0.150034
118	0.146808
118.067	0.167696
118.133	0.143952
118.2	0.140126
118.267	0.122792
118.333	0.137629
118.4	0.134681
118.467	0.167495
118.533	0.139539
118.6	0.145631
118.667	0.159153
118.733	0.148826
118.8	0.140666
118.867	0.149508
118.933	0.139904
119	0.123948
119.067	0.0981161
119.133	0.0915222
119.2	0.0888183
119.267	0.0953874
119.333	0.114159
119.4	0.108855
119.467	0.138991
119.533	0.126391
119.6	0.121047
119.667	0.127176
119.733	0.115335
119.8	0.11482
119.867	0.133207
119.933	0.119536
120	0.117517
120.067	0.122692
120.133	0.120228
120.2	0.124751
120.267	0.114404
120.333	0.122273
120.4	0.120785
120.467	0.118032
120.533	0.122339
120.6	0.10946
120.667	0.13632
120.733	0.114523
120.8	0.113866
120.867	0.128727
120.933	0.117763
121	0.112802
121.067	0.129424
121.133	0.122497
121.2	0.114169
121.267	0.13106
121.333	0.120649
121.4	0.120791
121.467	0.130029
121.533	0.0992447
121.6	0.108673
121.667	0.118645
121.733	0.105671
121.8	0.108447
121.867	0.127662
121.933	0.111496
122	0.101215
122.067	0.124463
122.133	0.108411
122.2	0.0919898
122.267	0.0624438
122.333	0.0941125
122.4	0.0962221
122.467	0.0593624
122.533	0.102071
122.6	0.0989769
122.667	0.061007
122.733	0.103568
122.8	0.0747304
122.867	0.116687
122.933	0.0628292
123	0.0837553
123.067	0.111102
123.133	0.0571418
123.2	0.0781253
123.267	0.104502
123.333	0.0692337
123.4	0.0716463
123.467	0.0921257
123.533	0.0733993
123.6	0.0704381
123.667	0.0878164
123.733	0.0701977
123.8	0.067533
123.867	0.0824294
123.933	0.0650145
124	0.0712701
124.067	0.0777504
124.133	0.0687674
124.2	0.0619553
124.267	0.0741217
124.333	0.065025
124.4	0.0647481
124.467	0.071726
124.533	0.0579216
124.6	0.0600612
124.667	0.0709658
124.733	0.0631048
124.8	0.0620676
124.867	0.0742497
124.933	0.0679353
125	0.0666382
125.067	0.0788281
125.133	0.0717744
125.2	0.0820833
125.267	0.0489738
125.333	0.077322
125.4	0.0781358
125.467	0.0909448
125.533	0.0843731
125.6	0.0894596
125.667	0.107747
125.733	0.0905425
125.8	0.0885453
125.867	0.0947682
125.933	0.08764
126	0.0996026
126.067	0.113466
126.133	0.102138
126.2	0.0999919
126.267	0.124305
126.333	0.113297
126.4	0.116562
126.467	0.133545
126.533	0.121495
126.6	0.108314
126.667	0.139314
126.733	0.122613
126.8	0.129888
126.867	0.0947068
126.933	0.110203
127	0.129718
127.067	0.146449
127.133	0.141199
127.2	0.133304
127.267	0.142734
127.333	0.115833
127.4	0.128608
127.467	0.135518
127.533	0.134226
127.6	0.127699
127.667	0.137015
127.733	0.103798
127.8	0.116268
127.867	0.12877
127.933	0.110971
128	0.109598
128.067	0.124421
128.133	0.118885
128.2	0.120927
128.267	0.124252
128.333	0.110758
128.4	0.119286
128.467	0.12068
128.533	0.11432
128.6	0.0998182
128.667	0.118181
128.733	0.0880136
128.8	0.101614
128.867	0.10697
128.933	0.097561
129	0.0968948
129.067	0.0936827
129.133	0.0830708
129.2	0.087158
129.267	0.0950438
129.333	0.0758276
129.4	0.0789927
129.467	0.0910088
129.533	0.0653019
129.6	0.0680933
129.667	0.0851843
129.733	0.077322
129.8	0.0746363
129.867	0.0756004
129.933	0.0708534
130	0.0667087
130.067	0.0661052
130.133	0.0659263
130.2	0.0563175
130.267	0.0611363
130.333	0.046134
130.4	0.0427887
130.467	0.0447207
130.533	0.0403787
130.6	0.0378132
130.667	0.0439056
130.733	0.0334621
130.8	0.0311853
130.867	0.0292469
130.933	0.0253438
131	0.0220664
131.067	0.0194095
131.133	0.0210606
131.2	0.0127934
131.267	0.0164156
131.333	0.0140461
131.4	0.0213676
131.467	0.0213571
131.533	0.0113591
131.6	0.0156436
131.667	0.017522
131.733	0.0136072
131.8	0.0144575
131.867	0.0210645
131.933	0.0159754
132	0.0308274
132.067	0.0171432
132.133	0.0268943
132.2	0.023455
132.267	0.0199843
132.333	0.0286917
132.4	0.0176787
132.467	0.0252027
132.533	0.0307726
132.6	0.0160198
132.667	0.0183253
132.733	0.0263444
132.8	0.0218783
132.867	0.0298791
132.933	0.0227039
133	0.0168898
133.067	0.0215674
133.133	0.0221135
133.2	0.0175795
133.267	0.0272117
133.333	0.0435398
133.4	0.0211834
133.467	0.0205068
133.533	0.0215962
133.6	0.0196028
133.667	0.0262882
133.733	0.0320945
133.8	0.0404479
133.867	0.0358447
133.933	0.0410305
134	0.0576238
134.067	0.0456311
134.133	0.0415752
134.2	0.058674
134.267	0.0656402
134.333	0.0533158
134.4	0.0655618
134.467	0.070681
134.533	0.0722119
134.6	0.0660373
134.667	0.0692193
134.733	0.0598235
134.8	0.0627038
134.867	0.0893878
134.933	0.0717913
135	0.0804465
135.067	0.107034
135.133	0.0921283
135.2	0.0799084
135.267	0.107104
135.333	0.0908025
135.4	0.097625
135.467	0.116991
135.533	0.0993767
135.6	0.100484
135.667	0.123891
135.733	0.103682
135.8	0.098687
135.867	0.100661
135.933	0.0978052
136	0.101024
136.067	0.111389
136.133	0.0944286
136.2	0.0978222
136.267	0.0908743
136.333	0.0928559
136.4	0.0885766
136.467	0.0877667
136.533	0.0781815
136.6	0.0767054
136.667	0.081404
136.733	0.0679549
136.8	0.072417
136.867	0.0750948
136.933	0.0709148
137	0.0655057
137.067	0.0610305
137.133	0.0584911
137.2	0.0611585
137.267	0.0458872
137.333	0.0567094
137.4	0.0427156
137.467	0.0491084
137.533	0.0468067
137.6	0.0389862
137.667	0.0418038
137.733	0.0396485
137.8	0.0245979
137.867	0.0305544
137.933	0.0230422
138	0.0276114
138.067	0.0300959
138.133	0.0264515
138.2	0.0195441
138.267	0.0201005
138.333	0.0178786
138.4	0.0131826
138.467	0.0136855
138.533	0.0158069
138.6	0.013662
138.667	0.0219672
138.733	0.00968974
138.8	0.0114754
138.867	0.00953952
138.933	0.00987784
139	0.04218
139.067	0.0287178
139.133	0.0211194
139.2	0.0142812
139.267	0.0211599
139.333	0.0195127
139.4	0.0183867
139.467	0.0183933
139.533	0.0167173
139.6	0.0140526
139.667	0.0140291
139.733	0.0150088
139.8	0.0113657
139.867	0.0142956
139.933	0.0138005
140	0.0248422
140.067	0.0195428
140.133	0.0197883
140.2	0.0157429
140.267	0.0201867
140.333	0.0183397
140.4	0.0153798
140.467	0.0284056
140.533	0.023178
140.6	0.0227692
140.667	0.06131
140.733	0.0316974
140.8	0.0313604
140.867	0.0413336
140.933	0.0311318
141	0.0396955
141.067	0.0548898
141.133	0.0402089
141.2	0.0416484
141.267	0.0496113
141.333	0.0319991
141.4	0.042824
141.467	0.0684604
141.533	0.0577479
141.6	0.0570895
141.667	0.074221
141.733	0.0515602
141.8	0.0557519
141.867	0.0787079
141.933	0.0514661
142	0.052246
142.067	0.0791938
142.133	0.0617894
142.2	0.05141
142.267	0.0819461
142.333	0.0631884
142.4	0.0550087
142.467	0.0842555
142.533	0.0583958
142.6	0.0668093
142.667	0.0874376
142.733	0.0708704
142.8	0.06012
142.867	0.0970881
142.933	0.0735169
143	0.0701363
143.067	0.089858
143.133	0.0713381
143.2	0.073415
143.267	0.0962913
143.333	0.0827207
143.4	0.0727083
143.467	0.0961372
143.533	0.0808867
143.6	0.0917364
143.667	0.0946755
143.733	0.0837291
143.8	0.0889162
143.867	0.0679392
143.933	0.0827899
144	0.094588
144.067	0.092865
144.133	0.0702487
144.2	0.0524837
144.267	0.0921649
144.333	0.0586492
144.4	0.0785094
144.467	0.0703741
144.533	0.0628488
144.6	0.0349878
144.667	0.0335666
144.733	0.0463626
144.8	0.0485388
144.867	0.0546521
144.933	0.0569968
145	0.0603068
145.067	0.0645077
145.133	0.0559923
145.2	0.0598966
145.267	0.0635228
145.333	0.0355234
145.4	0.0359048
145.467	0.0390712
145.533	0.040653
145.6	0.0325909
145.667	0.0419488
145.733	0.0279458
145.8	0.0318084
145.867	0.0314192
145.933	0.0302266
146	0.0296949
146.067	0.0333093
146.133	0.0218666
146.2	0.0215988
146.267	0.036733
146.333	0.0320775
146.4	0.0338827
146.467	0.0371431
146.533	0.0113657
146.6	0.0193168
146.667	0.0201685
146.733	0.0246541
146.8	0.0209365
146.867	0.0209548
146.933	0.0236287
147	0.0227313
147.067	0.0220103
147.133	0.0217072
147.2	0.0178708
147.267	0.0109895
147.333	0.0388608
147.4	0.0198079
147.467	0.0249232
147.533	0.019322
147.6	0.0106799
147.667	0.0243811
147.733	0.0207145
147.8	0.0169525
147.867	0.0135732
147.933	0.0169616
148	0.0187904
148.067	0.0214094
148.133	0.0170152
148.2	0.0208882
148.267	0.0125596
148.333	0.0169355
148.4	0.0117314
148.467	0.0172882
148.533	0.0198523
148.6	0.0159375
148.667	0.00919859
148.733	0.0095356
148.8	0.014549
148.867	0.00779568
148.933	0.00784271
149	0.0319221
149.067	0.024385
149.133	0.0189863
149.2	0.0190738
149.267	0.0227535
149.333	0.0266644
149.4	0.0223238
149.467	0.0238429
149.533	0.0187473
149.6	0.0176565
149.667	0.0174671
149.733	0.0260831
149.8	0.0175129
149.867	0.012766
149.933	0.0154594
150	0.0335653
150.067	0.0175076
150.133	0.0139285
150.2	0.0116844
150.267	0.0112455
150.333	0.00944939
150.4	0.00999671
150.467	0.0145346
150.533	0.0104617
150.6	0.0109437
150.667	0.0384846
150.733	0.0137809
150.8	0.0262569
150.867	0.0171223
150.933	0.0231127
151	0.0235477
151.067	0.0310103
151.133	0.0267898
151.2	0.0226438
151.267	0.0260714
151.333	0.0226151
151.4	0.0272287
151.467	0.032728
151.533	0.035334
151.6	0.0233034
151.667	0.0276376
151.733	0.0275278
151.8	0.0310208
151.867	0.0326314
151.933	0.0339167
152	0.0390594
152.067	0.0346822
152.133	0.0350845
152.2	0.0343465
152.267	0.0332649
152.333	0.0516738
152.4	0.0422532
152.467	0.0350466
152.533	0.0372607
152.6	0.0300136
152.667	0.0346678
152.733	0.0295591
152.8	0.03858
152.867	0.044543
152.933	0.0386231
153	0.0421095
153.067	0.043067
153.133	0.0379452
153.2	0.0423982
153.267	0.0442883
153.333	0.0447847
153.4	0.0439709
153.467	0.0453607
153.533	0.0461406
153.6	0.0455162
153.667	0.0538788
153.733	0.0443183
153.8	0.0500528
153.867	0.0515406
153.933	0.0433269
154	0.0705922
154.067	0.0586884
154.133	0.0563006
154.2	0.0494846
154.267	0.0532557
154.333	0.04488
154.4	0.0514217
154.467	0.0501298
154.533	0.0458911
154.6	0.0429664
154.667	0.0488928
154.733	0.0411677
154.8	0.0528926
154.867	0.0458937
154.933	0.0412408
155	0.0398993
155.067	0.0449075
155.133	0.0406034
155.2	0.0338775
155.267	0.0408045
155.333	0.0360015
155.4	0.0364835
155.467	0.0372894
155.533	0.0401083
155.6	0.0280699
155.667	0.0616131
155.733	0.038742
155.8	0.0269048
155.867	0.0317392
155.933	0.0273332
156	0.029337
156.067	0.0402455
156.133	0.0236979
156.2	0.0233074
156.267	0.0291345
156.333	0.023694
156.4	0.031363
156.467	0.0267363
156.533	0.0244399
156.6	0.0165214
156.667	0.021314
156.733	0.023246
156.8	0.0223055
156.867	0.0280869
156.933	0.0234367
157	0.017569
157.067	0.0231454
157.133	0.022359
157.2	0.0197975
157.267	0.0149278
157.333	0.0437083
157.4	0.0176239
157.467	0.0184651
157.533	0.0174018
157.6	0.0144353
157.667	0.0209692
157.733	0.0251178
157.8	0.0139298
157.867	0.0107504
157.933	0.0101482
158	0.0151642
158.067	0.0180419
158.133	0.0175468
158.2	0.0158539
158.267	0.0145516
158.333	0.0196838
158.4	0.0161818
158.467	0.0171941
158.533	0.0194735
158.6	0.0183384
158.667	0.0204219
158.733	0.0179465
158.8	0.0191496
158.867	0.0147841
158.933	0.0164365
159	0.0249232
159.067	0.0191757
159.133	0.0192959
159.2	0.0227809
159.267	0.0255737
159.333	0.0197113
159.4	0.0209013
159.467	0.0198615
159.533	0.0198745
159.6	0.0172137
159.667	0.0208438
159.733	0.0235673
159.8	0.0228959
159.867	0.0209091
159.933	0.0224518
160	0.025012
160.067	0.0243667
160.133	0.0240976
160.2	0.0298007
160.267	0.0337782
160.333	0.0290222
160.4	0.0245875
160.467	0.0250094
160.533	0.0281666
160.6	0.0256233
160.667	0.0531956
160.733	0.0373926
160.8	0.0328377
160.867	0.0401658
160.933	0.0381032
161	0.0423276
161.067	0.04009
161.133	0.0346378
161.2	0.032199
161.267	0.0376343
161.333	0.023805
161.4	0.0298895
161.467	0.0320279
161.533	0.0172281
161.6	0.0168075
161.667	0.0194409
161.733	0.0125256
161.8	0.0137835
161.867	0.00583631
161.933	0.012894
162	0.0193756
162.067	0.0081549
162.133	0.0150741
162.2	0.0286251
162.267	0.0165136
162.333	0.0341048
162.4	0.0214094
162.467	0.0200705
162.533	0.0192724
162.6	0.0297746
162.667	0.0253125
162.733	0.0192449
162.8	0.0354933
162.867	0.0292691
162.933	0.0300371
163	0.0269701
163.067	0.0267559
163.133	0.0300306
163.2	0.0226399
163.267	0.0308366
163.333	0.0311135
163.4	0.0346717
163.467	0.0327763
163.533	0.0290509
163.6	0.0323806
163.667	0.0329161
163.733	0.0325229
163.8	0.0351158
163.867	0.0317692
163.933	0.0322251
164	0.0520435
164.067	0.0258768
164.133	0.0332388
164.2	0.0278792
164.267	0.0297459
164.333	0.029563
164.4	0.0254261
164.467	0.0270863
164.533	0.0214172
164.6	0.0176461
164.667	0.0214564
164.733	0.0241473
164.8	0.0237632
164.867	0.0169368
164.933	0.0141741
165	0.0136725
165.067	0.0135928
165.133	0.013005
165.2	0.0212187
165.267	0.0230801
165.333	0.0155718
165.4	0.0186192
165.467	0.0221435
165.533	0.0170021
165.6	0.0192946
165.667	0.0535627
165.733	0.0216628
165.8	0.020738
165.867	0.0203566
165.933	0.0212004
166	0.029789
166.067	0.0244085
166.133	0.023165
166.2	0.0248945
166.267	0.0236653
166.333	0.024099
166.4	0.0362928
166.467	0.0295264
166.533	0.0253961
166.6	0.0302736
166.667	0.0552765
166.733	0.0212422
166.8	0.0280033
166.867	0.0245209
166.933	0.0231271
167	0.0177101
167.067	0.0242439
167.133	0.0186806
167.2	0.0180131
167.267	0.0196642
167.333	0.0277329
167.4	0.0204741
167.467	0.0244307
167.533	0.025208
167.6	0.0256521
167.667	0.0271347
167.733	0.0216236
167.8	0.0259969
167.867	0.0276062
167.933	0.026249
168	0.0240872
168.067	0.0272078
168.133	0.0228998
168.2	0.0372855
168.267	0.0348272
168.333	0.0340604
168.4	0.0338135
168.467	0.0377884
168.533	0.029192
168.6	0.0262791
168.667	0.0294402
168.733	0.0282267
168.8	0.0285663
168.867	0.0326614
168.933	0.0238873
169	0.0371954
169.067	0.0347671
169.133	0.0339141
169.2	0.0369733
169.267	0.0372254
169.333	0.034869
169.4	0.0333015
169.467	0.0373926
169.533	0.0343229
169.6	0.0369354
169.667	0.0448944
169.733	0.0293801
169.8	0.0403526
169.867	0.0437906
169.933	0.044931
170	0.0406726
170.067	0.0436051
170.133	0.0402246
170.2	0.0357781
170.267	0.035688
170.333	0.0300515
170.4	0.0274051
170.467	0.0285206
170.533	0.0247416
170.6	0.0196995
170.667	0.0409796
170.733	0.0216184
170.8	0.0201371
170.867	0.0262725
170.933	0.0199372
171	0.0160734
171.067	0.0157494
171.133	0.0141493
171.2	0.0179361
171.267	0.0183031
171.333	0.0122748
171.4	0.0105453
171.467	0.0120201
171.533	0.0112951
171.6	0.0139324
171.667	0.0196394
171.733	0.0112311
171.8	0.0246476
171.867	0.0143792
171.933	0.0144288
172	0.0129554
172.067	0.0130429
172.133	0.0138776
172.2	0.013807
172.267	0.0164757
172.333	0.0594447
172.4	0.0229743
172.467	0.0224688
172.533	0.0203343
172.6	0.018439
172.667	0.0201462
172.733	0.0170687
172.8	0.0146757
172.867	0.017168
172.933	0.0214956
173	0.0212814
173.067	0.0258258
173.133	0.027439
173.2	0.0116583
173.267	0.0208608
173.333	0.0123427
173.4	0.0239657
173.467	0.018503
173.533	0.0159558
173.6	0.0155443
173.667	0.0136255
173.733	0.022713
173.8	0.0133943
173.867	0.015978
173.933	0.00529553
174	0.0554397
174.067	0.0182783
174.133	0.0206622
174.2	0.0200117
174.267	0.0195833
174.333	0.0161139
174.4	0.0149892
174.467	0.0132871
174.533	0.0117784
174.6	0.022585
174.667	0.0139572
174.733	0.0186767
174.8	0.0166298
174.867	0.0126144
174.933	0.00784793
175	0.0104617
175.067	0.012297
175.133	0.012975
175.2	0.014225
175.267	0.0180523
175.333	0.0244255
175.4	0.0212357
175.467	0.0167748
175.533	0.0298948
175.6	0.0247926
175.667	0.0268434
175.733	0.0162876
175.8	0.016106
175.867	0.0245065
175.933	0.0181594
176	0.0219449
176.067	0.0285898
176.133	0.0303938
176.2	0.0389026
176.267	0.0378629
176.333	0.0385447
176.4	0.0435738
176.467	0.0464332
176.533	0.0490705
176.6	0.0467127
176.667	0.0572045
176.733	0.0466304
176.8	0.0489777
176.867	0.0548323
176.933	0.0514674
177	0.0505844
177.067	0.058998
177.133	0.0561307
177.2	0.0568609
177.267	0.0662137
177.333	0.0569537
177.4	0.0562744
177.467	0.0676022
177.533	0.066002
177.6	0.0604871
177.667	0.0775767
177.733	0.0649048
177.8	0.0708561
177.867	0.0829637
177.933	0.0669203
178	0.0500724
178.067	0.0492194
178.133	0.0665494
178.2	0.0735025
178.267	0.0871136
178.333	0.0717299
178.4	0.0709606
178.467	0.0813661
178.533	0.0724641
178.6	0.0743085
178.667	0.080841
178.733	0.073172
178.8	0.0674298
178.867	0.0740263
178.933	0.0676701
179	0.0729278
179.067	0.0699012
179.133	0.0611533
179.2	0.059749
179.267	0.06787
179.333	0.0604387
179.4	0.0546664
179.467	0.0543699
179.533	0.0440048
179.6	0.0475787
179.667	0.0477407
179.733	0.0481117
179.8	0.0437684
179.867	0.044176
179.933	0.0407849
180	0.0379857
180.067	0.0380392
180.133	0.0349238
180.2	0.0396028
180.267	0.0401736
180.333	0.0394265
180.4	0.036008
180.467	0.0343961
180.533	0.0310874
180.6	0.027008
180.667	0.0684199
180.733	0.0339781
180.8	0.0402651
180.867	0.0384402
180.933	0.0307033
181	0.0386479
181.067	0.039096
181.133	0.0340748
181.2	0.0359244
181.267	0.0344901
181.333	0.0373965
181.4	0.042662
181.467	0.0501311
181.533	0.0408058
181.6	0.0491789
181.667	0.0392658
181.733	0.0310247
181.8	0.0288785
181.867	0.0290117
181.933	0.0315798
182	0.0324824
182.067	0.0339663
182.133	0.0351903
182.2	0.0362967
182.267	0.0375285
182.333	0.0428122
182.4	0.0380588
182.467	0.0386858
182.533	0.0421356
182.6	0.03977
182.667	0.0368884
182.733	0.0361778
182.8	0.0402311
182.867	0.0322774
182.933	0.0423956
183	0.0350584
183.067	0.04424
183.133	0.0436051
183.2	0.0449153
183.267	0.0322434
183.333	0.0385395
183.4	0.0336502
183.467	0.0412252
183.533	0.0491959
183.6	0.0483533
183.667	0.0409691
183.733	0.0517274
183.8	0.0498281
183.867	0.0490117
183.933	0.0522812
184	0.059719
184.067	0.0406151
184.133	0.0459538
184.2	0.0436809
184.267	0.045635
184.333	0.0500776
184.4	0.0446658
184.467	0.0391312
184.533	0.0354241
184.6	0.035479
184.667	0.0349134
184.733	0.0382443
184.8	0.0358957
184.867	0.0442204
184.933	0.0508156
185	0.0402024
185.067	0.0377244
185.133	0.0391639
185.2	0.0400312
185.267	0.0400221
185.333	0.0418326
185.4	0.0422284
185.467	0.0448186
185.533	0.0418796
185.6	0.0438403
185.667	0.0742823
185.733	0.0515393
185.8	0.0483612
185.867	0.050988
185.933	0.0480163
186	0.0471307
186.067	0.0452562
186.133	0.0464645
186.2	0.0463065
186.267	0.0474076
186.333	0.0429311
186.4	0.0422597
186.467	0.0366977
186.533	0.0431205
186.6	0.0472874
186.667	0.0403003
186.733	0.0497706
186.8	0.0424778
186.867	0.0310887
186.933	0.0343896
187	0.0410527
187.067	0.0237162
187.133	0.0364338
187.2	0.0295068
187.267	0.0262752
187.333	0.0637187
187.4	0.0371732
187.467	0.0358552
187.533	0.0374044
187.6	0.0240441
187.667	0.0250682
187.733	0.0200692
187.8	0.020384
187.867	0.0221239
187.933	0.0308666
188	0.0244778
188.067	0.0274821
188.133	0.0322904
188.2	0.0170648
188.267	0.0225955
188.333	0.018132
188.4	0.0163333
188.467	0.0250786
188.533	0.020977
188.6	0.0247534
188.667	0.0226895
188.733	0.0308039
188.8	0.0152321
188.867	0.0119195
188.933	0.014357
189	0.0548023
189.067	0.0220508
189.133	0.0198732
189.2	0.0143374
189.267	0.0194474
189.333	0.0141858
189.4	0.0193416
189.467	0.0234119
189.533	0.0217033
189.6	0.0281339
189.667	0.029883
189.733	0.0366023
189.8	0.0160629
189.867	0.0145699
189.933	0.0122657
190	0.0151459
190.067	0.0220573
190.133	0.0159192
190.2	0.013986
190.267	0.018533
190.333	0.0143975
190.4	0.0149121
190.467	0.0120593
190.533	0.0134178
190.6	0.0121494
190.667	0.0378955
190.733	0.0152726
190.8	0.0154607
190.867	0.0278139
190.933	0.0234354
191	0.0177989
191.067	0.0230657
191.133	0.0230448
191.2	0.0226569
191.267	0.0264397
191.333	0.019548
191.4	0.0216119
191.467	0.0227313
191.533	0.0209339
191.6	0.0163764
191.667	0.0248396
191.733	0.0139154
191.8	0.0119064
191.867	0.0138423
191.933	0.0117536
192	0.011781
192.067	0.0135967
192.133	0.0162236
192.2	0.016443
192.267	0.0235151
192.333	0.0391325
192.4	0.0218209
192.467	0.021975
192.533	0.0210959
192.6	0.0223146
192.667	0.0236104
192.733	0.02273
192.8	0.0191848
192.867	0.0186271
192.933	0.0152217
193	0.0168924
193.067	0.0184351
193.133	0.017377
193.2	0.0140487
193.267	0.0177728
193.333	0.0192645
193.4	0.016012
193.467	0.0180706
193.533	0.0199177
193.6	0.0195767
193.667	0.0195284
193.733	0.0193338
193.8	0.0167134
193.867	0.0219619
193.933	0.0184102
194	0.0459446
194.067	0.0280112
194.133	0.0232839
194.2	0.0231402
194.267	0.0211703
194.333	0.0189994
194.4	0.0253869
194.467	0.0257905
194.533	0.0217973
194.6	0.0267141
194.667	0.0234667
194.733	0.0215936
194.8	0.0156306
194.867	0.0231023
194.933	0.0195388
195	0.0184063
195.067	0.0188465
195.133	0.0215949
195.2	0.0210593
195.267	0.0218274
195.333	0.0163516
195.4	0.0272797
195.467	0.0209352
195.533	0.0231794
195.6	0.0211912
195.667	0.0572698
195.733	0.0273528
195.8	0.0238037
195.867	0.0219763
195.933	0.0192907
196	0.0169904
196.067	0.0179936
196.133	0.0215609
196.2	0.0275919
196.267	0.0181477
196.333	0.0235281
196.4	0.0237175
196.467	0.0262503
196.533	0.0260257
196.6	0.0259081
196.667	0.0293814
196.733	0.0249794
196.8	0.0324903
196.867	0.0294128
196.933	0.0253791
197	0.0296727
197.067	0.0342106
197.133	0.035351
197.2	0.0320148
197.267	0.0359166
197.333	0.0577727
197.4	0.0526522
197.467	0.0401645
197.533	0.0507386
197.6	0.0434654
197.667	0.0527998
197.733	0.0514975
197.8	0.0522159
197.867	0.0616967
197.933	0.0515706
198	0.0483194
198.067	0.0657813
198.133	0.0526182
198.2	0.0599554
198.267	0.0641629
198.333	0.0616131
198.4	0.0615216
198.467	0.0611258
198.533	0.0616823
198.6	0.0692507
198.667	0.0613845
198.733	0.0610644
198.8	0.0714935
198.867	0.064411
198.933	0.0648565
199	0.0994041
199.067	0.0752738
199.133	0.0744509
199.2	0.0645508
199.267	0.0681038
199.333	0.0671881
199.4	0.0700775
199.467	0.0764729
199.533	0.0689894
199.6	0.0744509
199.667	0.0794734
199.733	0.075714
199.8	0.0741008
199.867	0.0802414
199.933	0.0809455
200	0.0945031
200.067	0.0705465
200.133	0.0929865
200.2	0.0831478
200.267	0.0739414
200.333	0.0801657
200.4	0.0821172
200.467	0.091001
200.533	0.0845246
200.6	0.0844449
200.667	0.100853
200.733	0.0914412
200.8	0.0953521
200.867	0.0929525
200.933	0.0943881
201	0.0972697
201.067	0.0900749
201.133	0.0999449
201.2	0.0984649
201.267	0.0761359
201.333	0.100821
201.4	0.0958524
201.467	0.0641145
201.533	0.0922798
201.6	0.0593663
201.667	0.0502487
201.733	0.0853789
201.8	0.0932504
201.867	0.0883963
201.933	0.0836952
202	0.0460635
202.067	0.0458349
202.133	0.05742
202.2	0.0660491
202.267	0.0517195
202.333	0.0794512
202.4	0.0873069
202.467	0.0643745
202.533	0.0644215
202.6	0.0628697
202.667	0.0534098
202.733	0.0497798
202.8	0.0732243
202.867	0.0543595
202.933	0.0695864
203	0.0614459
203.067	0.0539833
203.133	0.0652849
203.2	0.0470471
203.267	0.0462059
203.333	0.0590058
203.4	0.0716098
203.467	0.0691945
203.533	0.0614746
203.6	0.0546521
203.667	0.0497432
203.733	0.0502513
203.8	0.0426829
203.867	0.0572188
203.933	0.0614942
204	0.087964
204.067	0.0594199
204.133	0.0590959
204.2	0.0570347
204.267	0.0556997
204.333	0.0508692
204.4	0.0437906
204.467	0.0632642
204.533	0.0539728
204.6	0.0528965
204.667	0.0644764
204.733	0.0538265
204.8	0.055748
204.867	0.0488994
204.933	0.0558969
205	0.0523335
205.067	0.0548911
205.133	0.0384925
205.2	0.0276088
205.267	0.039962
205.333	0.032374
205.4	0.0322591
205.467	0.0418953
205.533	0.0348389
205.6	0.0345594
205.667	0.0689489
205.733	0.0475526
205.8	0.0392828
205.867	0.0472247
205.933	0.042598
206	0.0462215
206.067	0.0482972
206.133	0.0483507
206.2	0.0418926
206.267	0.0457683
206.333	0.0418926
206.4	0.0477642
206.467	0.0490404
206.533	0.0479079
206.6	0.0477094
206.667	0.0495381
206.733	0.0502605
206.8	0.0496113
206.867	0.0491933
206.933	0.0561569
207	0.0482149
207.067	0.0491057
207.133	0.0537129
207.2	0.0524798
207.267	0.0388831
207.333	0.087657
207.4	0.0582351
207.467	0.0557088
207.533	0.0483102
207.6	0.0478243
207.667	0.0463417
207.733	0.0526509
207.8	0.0445378
207.867	0.0464593
207.933	0.0467689
208	0.0412186
208.067	0.0430905
208.133	0.0408829
208.2	0.0505766
208.267	0.0376225
208.333	0.039079
208.4	0.0465364
208.467	0.0531277
208.533	0.0384428
208.6	0.0443967
208.667	0.0501651
208.733	0.0381032
208.8	0.0404035
208.867	0.0324498
208.933	0.0259604
209	0.063643
209.067	0.0417059
209.133	0.029337
209.2	0.0389523
209.267	0.0120449
209.333	0.0156266
209.4	0.0171458
209.467	0.027345
209.533	0.0312284
209.6	0.0298817
209.667	0.0250512
209.733	0.0290601
209.8	0.0307778
209.867	0.0390594
209.933	0.0272287
210	0.0277395
210.067	0.0276559
210.133	0.0249754
210.2	0.0318933
210.267	0.0280895
210.333	0.0307386
210.4	0.0337626
210.467	0.0350518
210.533	0.0340225
210.6	0.0258598
210.667	0.0954135
210.733	0.045285
210.8	0.0326718
210.867	0.0392214
210.933	0.0345437
211	0.0371549
211.067	0.0277734
211.133	0.0238325
211.2	0.0426659
211.267	0.0317
211.333	0.0387537
211.4	0.0353954
211.467	0.027422
211.533	0.0280935
211.6	0.0288929
211.667	0.0128208
211.733	0.0341845
211.8	0.0312337
211.867	0.0310443
211.933	0.0332584
212	0.0345032
212.067	0.0257618
212.133	0.0308418
212.2	0.0349081
212.267	0.0325517
212.333	0.0440414
212.4	0.034033
212.467	0.0250381
212.533	0.032715
212.6	0.0266749
212.667	0.021267
212.733	0.0214825
212.8	0.014515
212.867	0.0272496
212.933	0.0259982
213	0.0334791
213.067	0.0326849
213.133	0.0328443
213.2	0.0358003
213.267	0.0180184
213.333	0.0422649
213.4	0.029883
213.467	0.0182012
213.533	0.0214891
213.6	0.0143478
213.667	0.01974
213.733	0.0174162
213.8	0.0209666
213.867	0.0069845
213.933	0.0147475
214	0.0620193
214.067	0.0334752
214.133	0.0275017
214.2	0.0191822
214.267	0.0219345
214.333	0.0215204
214.4	0.0229272
214.467	0.033551
214.533	0.0234968
214.6	0.0247455
214.667	0.0128757
214.733	0.0239527
214.8	0.0199777
214.867	0.0125896
214.933	0.014771
215	0.0167996
215.067	0.0122461
215.133	0.0106394
215.2	0.0150414
215.267	0.0140121
215.333	0.0162288
215.4	0.0183436
215.467	0.0136085
215.533	0.0150075
215.6	0.0183227
215.667	0.0780365
215.733	0.0306041
215.8	0.0247429
215.867	0.0216942
215.933	0.0111645
216	0.0145255
216.067	0.0244347
216.133	0.0206805
216.2	0.0242335
216.267	0.0276924
216.333	0.0169068
216.4	0.0127999
216.467	0.0152152
216.533	0.00935926
216.6	0.009452
216.667	0.0177623
216.733	0.0138397
216.8	0.01138
216.867	0.0122957
216.933	0.00801905
217	0.00769771
217.067	0.0106028
217.133	0.00866042
217.2	0.0115002
217.267	0.0139115
217.333	0.0425144
217.4	0.0226921
217.467	0.0178917
217.533	0.00967929
217.6	0.0140957
217.667	0.0172594
217.733	0.00810526
217.8	0.0110169
217.867	0.0145568
217.933	0.00753966
218	0.00975375
218.067	0.0173966
218.133	0.0116687
218.2	0.0142642
218.267	0.0100921
218.333	0.0124394
218.4	0.00946637
218.467	0.0124211
218.533	0.00956565
218.6	0.0106629
218.667	0.0146757
218.733	0.0106211
218.8	0.0106668
218.867	0.0116282
218.933	0.011013
219	0.0593493
219.067	0.0313538
219.133	0.0135393
219.2	0.0120358
219.267	0.0163411
219.333	0.0142903
219.4	0.0111057
219.467	0.0197805
219.533	0.010045
219.6	0.011363
219.667	0.0103389
219.733	0.010322
219.8	0.0106381
219.867	0.0139546
219.933	0.00995752
220	0.00918553
220.067	0.0205264
220.133	0.0161478
220.2	0.0127555
220.267	0.0146783
220.333	0.0117928
220.4	0.0142316
220.467	0.0159493
220.533	0.0132101
220.6	0.0129776
220.667	0.0508849
220.733	0.0227039
220.8	0.021318
220.867	0.0236757
220.933	0.0146548
221	0.0147188
221.067	0.0191888
221.133	0.012489
221.2	0.0202207
221.267	0.0197139
221.333	0.0122604
221.4	0.014353
221.467	0.0163999
221.533	0.0186885
221.6	0.0162915
221.667	0.0164822
221.733	0.013099
221.8	0.0180497
221.867	0.0194788
221.933	0.020401
222	0.0150558
222.067	0.0218339
222.133	0.0181098
222.2	0.02035
222.267	0.0211847
222.333	0.0537638
222.4	0.0306263
222.467	0.0232238
222.533	0.0188178
222.6	0.022747
222.667	0.0292717
222.733	0.0179766
222.8	0.0216641
222.867	0.0183489
222.933	0.0213807
223	0.0230174
223.067	0.0229351
223.133	0.0187107
223.2	0.0181346
223.267	0.0195597
223.333	0.0173652
223.4	0.0195179
223.467	0.017556
223.533	0.0184129
223.6	0.0217751
223.667	0.0213493
223.733	0.0182391
223.8	0.0195114
223.867	0.0229286
223.933	0.0169551
224	0.044317
224.067	0.0277016
224.133	0.0172163
224.2	0.0190738
224.267	0.0228854
224.333	0.0168911
224.4	0.0167513
224.467	0.0218666
224.533	0.0199229
224.6	0.0152504
224.667	0.0178473
224.733	0.0108001
224.8	0.0123662
224.867	0.0128038
224.933	0.0109751
225	0.00997581
225.067	0.0155443
225.133	0.00857682
225.2	0.014144
225.267	0.015095
225.333	0.00908495
225.4	0.00878582
225.467	0.00919598
225.533	0.0120253
225.6	0.00850759
225.667	0.0608463
225.733	0.0252132
225.8	0.0180158
225.867	0.00961398
225.933	0.00907842
226	0.00990658
226.067	0.0155901
226.133	0.0101286
226.2	0.0121638
226.267	0.0159245
226.333	0.010578
226.4	0.0219018
226.467	0.0124407
226.533	0.0106577
226.6	0.00854677
226.667	0.0154033
226.733	0.0136764
226.8	0.0174253
226.867	0.0160956
226.933	0.0151694
227	0.0185997
227.067	0.0128953
227.133	0.0153719
227.2	0.0120253
227.267	0.0150636
227.333	0.0775663
227.4	0.0265194
227.467	0.0339872
227.533	0.0248213
227.6	0.0129279
227.667	0.0250473
227.733	0.0248527
227.8	0.0197478
227.867	0.0251492
227.933	0.0202769
228	0.0217608
228.067	0.0249206
228.133	0.0196342
228.2	0.0224139
228.267	0.0141924
228.333	0.0207941
228.4	0.0227026
228.467	0.0139847
228.533	0.0140918
228.6	0.0142067
228.667	0.0157625
228.733	0.030271
228.8	0.0126575
228.867	0.0225184
228.933	0.0198014
229	0.0798901
229.067	0.0302488
229.133	0.025255
229.2	0.0279132
229.267	0.0176082
229.333	0.0167134
229.4	0.02331
229.467	0.0240624
229.533	0.018904
229.6	0.0197021
229.667	0.0133002
229.733	0.0165763
229.8	0.0138828
229.867	0.00964794
229.933	0.00961528
230	0.0185605
230.067	0.0180941
230.133	0.0162732
230.2	0.0168676
230.267	0.0214904
230.333	0.0184298
230.4	0.0149017
230.467	0.0218836
230.533	0.0195388
230.6	0.0182548
230.667	0.0778667
230.733	0.0272287
230.8	0.0125752
230.867	0.0300019
230.933	0.0205081
231	0.0189902
231.067	0.0242844
231.133	0.0180889
231.2	0.0197831
231.267	0.0183136
231.333	0.0244882
231.4	0.017522
231.467	0.0156332
231.533	0.0186467
231.6	0.0166155
231.667	0.0181438
231.733	0.00876622
231.8	0.0192671
231.867	0.0247325
231.933	0.0195219
232	0.0100385
232.067	0.0146731
232.133	0.0128718
232.2	0.00849583
232.267	0.0118189
232.333	0.0699743
232.4	0.0307438
232.467	0.031252
232.533	0.0255045
232.6	0.0312729
232.667	0.0152465
232.733	0.0242675
232.8	0.0200653
232.867	0.0275122
232.933	0.0211638
233	0.0230553
233.067	0.0310952
233.133	0.0321925
233.2	0.00997973
233.267	0.0168049
233.333	0.0395897
233.4	0.0104487
233.467	0.0178682
233.533	0.00981122
233.6	0.00884852
233.667	0.0173666
233.733	0.0109228
233.8	0.0146613
233.867	0.0145281
233.933	0.00973938
234	0.058367
234.067	0.0281836
234.133	0.0171536
234.2	0.0102985
234.267	0.032506
234.333	0.0288223
234.4	0.0352582
234.467	0.0218705
234.533	0.0172242
234.6	0.0314453
234.667	0.0264789
234.733	0.0286682
234.8	0.0309633
234.867	0.0132689
234.933	0.035509
235	0.0218352
235.067	0.0176578
235.133	0.0344248
235.2	0.0197387
235.267	0.0108157
235.333	0.0252145
235.4	0.0248278
235.467	0.0171445
235.533	0.0221762
235.6	0.00967276
235.667	0.0795713
235.733	0.0398575
235.8	0.0343125
235.867	0.0132349
235.933	0.0260884
236	0.0380157
236.067	0.02061
236.133	0.0125779
236.2	0.0153301
236.267	0.0170361
236.333	0.0209561
236.4	0.025831
236.467	0.0198275
236.533	0.0154425
236.6	0.0264476
236.667	0.0216053
236.733	0.00978771
236.8	0.0177885
236.867	0.0151342
236.933	0.0162928
237	0.0144014
237.067	0.0181699
237.133	0.0141244
237.2	0.0207863
237.267	0.0233609
237.333	0.0785812
237.4	0.0222767
237.467	0.01887
237.533	0.026249
237.6	0.0229664
237.667	0.0191404
237.733	0.0284017
237.8	0.0179478
237.867	0.0233452
237.933	0.0405877
238	0.0355704
238.067	0.0367957
238.133	0.0305753
238.2	0.0192632
238.267	0.0222271
238.333	0.0180876
238.4	0.0254026
238.467	0.0279106
238.533	0.0277577
238.6	0.0235307
238.667	0.018968
238.733	0.0192188
238.8	0.0212944
238.867	0.0139873
238.933	0.0126706
239	0.014293
239.067	0.0104461
239.133	0.0183567
239.2	0.0234837
239.267	0.0168859
239.333	0.0189288
239.4	0.0181751
239.467	0.0187773
239.533	0.0170596
239.6	0.0562352
239.667	0.0261498
239.733	0.0145111
239.8	0.0251701
239.867	0.0150989
239.933	0.0136607
240	0.0141493
240.067	0.0117876
240.133	0.0133577
240.2	0.018712
240.267	0.0194748
240.333	0.0273162
240.4	0.0267075
240.467	0.014417
240.533	0.0208817
240.6	0.00897653
240.667	0.0150767
240.733	0.0161282
240.8	0.0166625
240.867	0.0210162
240.933	0.0182757
241	0.0183632
241.067	0.0182169
241.133	0.00936318
241.2	0.0148991
241.267	0.0548807
241.333	0.025831
241.4	0.0337965
241.467	0.0158526
241.533	0.017923
241.6	0.0260609
241.667	0.0232512
241.733	0.0190216
241.8	0.022875
241.867	0.0218169
241.933	0.0215962
242	0.032442
242.067	0.0235111
242.133	0.0286003
242.2	0.0257984
242.267	0.026202
242.333	0.0236836
242.4	0.0141806
242.467	0.0239109
242.533	0.028983
242.6	0.0168702
242.667	0.0214068
242.733	0.023054
242.8	0.0212579
242.867	0.0171484
242.933	0.0677132
243	0.0247651
243.067	0.0263731
243.133	0.0233178
243.2	0.0278479
243.267	0.0302958
243.333	0.0230892
243.4	0.0250969
243.467	0.0209287
243.533	0.0167396
243.6	0.025835
243.667	0.0262699
243.733	0.0167095
243.8	0.0268512
243.867	0.0218052
243.933	0.0307138
244	0.0266971
244.067	0.0177623
244.133	0.0208869
244.2	0.0215766
244.267	0.0138554
244.333	0.0150872
244.4	0.0184272
244.467	0.0178381
244.533	0.0187917
244.6	0.0589353
244.667	0.0263261
244.733	0.0218378
244.8	0.0120227
244.867	0.0219306
244.933	0.025285
245	0.0205473
245.067	0.0181986
245.133	0.0243302
245.2	0.0166403
245.267	0.0134504
245.333	0.0193102
245.4	0.0175599
245.467	0.0123767
245.533	0.0135915
245.6	0.0182248
245.667	0.0129593
245.733	0.0138501
245.8	0.0183489
245.867	0.011235
245.933	0.0102567
246	0.0162719
246.067	0.0111292
246.133	0.012314
246.2	0.00757623
246.267	0.0614877
246.333	0.0206152
246.4	0.0153001
246.467	0.027217
246.533	0.0256129
246.6	0.0288328
246.667	0.0294088
246.733	0.0356057
246.8	0.0328573
246.867	0.0273045
246.933	0.0315341
247	0.0270511
247.067	0.0293605
247.133	0.0281771
247.2	0.0259826
247.267	0.0299849
247.333	0.031717
247.4	0.0278466
247.467	0.0332793
247.533	0.0347122
247.6	0.0218169
247.667	0.0254143
247.733	0.0327489
247.8	0.0273815
247.867	0.0248696
247.933	0.0736971
248	0.0338227
248.067	0.0316164
248.133	0.0372711
248.2	0.036456
248.267	0.0344261
248.333	0.0348428
248.4	0.0351289
248.467	0.0425262
248.533	0.0349095
248.6	0.0258545
248.667	0.0350166
248.733	0.0296035
248.8	0.0311723
248.867	0.0261132
248.933	0.0240545
249	0.0283273
249.067	0.0250982
249.133	0.0270641
249.2	0.0307386
249.267	0.0328613
249.333	0.0380327
249.4	0.0388321
249.467	0.0327071
249.533	0.0270707
249.6	0.0874715
249.667	0.0345032
249.733	0.0419149
249.8	0.0407288
249.867	0.0353692
249.933	0.0401919
250	0.02479
250.067	0.0326052
250.133	0.0366899
250.2	0.0414054
250.267	0.032536
250.333	0.0298713
250.4	0.0190046
250.467	0.0314113
250.533	0.0311997
250.6	0.0190947
250.667	0.0167474
250.733	0.0144066
250.8	0.0214943
250.867	0.0179857
250.933	0.0104173
251	0.0138736
251.067	0.0156606
251.133	0.0153549
251.2	0.0134504
251.267	0.0554476
251.333	0.0212539
251.4	0.01736
251.467	0.0212135
251.533	0.0172229
251.6	0.0219515
251.667	0.0183227
251.733	0.0183619
251.8	0.0236849
251.867	0.0230958
251.933	0.0157507
252	0.0154464
252.067	0.0232799
252.133	0.0180288
252.2	0.0187669
252.267	0.0164012
252.333	0.0149004
252.4	0.014515
252.467	0.013005
252.533	0.0122003
252.6	0.0166272
252.667	0.0125596
252.733	0.0156567
252.8	0.0176369
252.867	0.0155809
252.933	0.0790397
253	0.042086
253.067	0.0288654
253.133	0.0236156
253.2	0.0242701
253.267	0.0246737
253.333	0.0304565
253.4	0.0305832
253.467	0.0275971
253.533	0.0285389
253.6	0.0227522
253.667	0.0252837
253.733	0.0293017
253.8	0.0287936
253.867	0.0313055
253.933	0.0298556
254	0.0190516
254.067	0.0291254
254.133	0.0292299
254.2	0.0148272
254.267	0.0239931
254.333	0.0353588
254.4	0.00988306
254.467	0.0289869
254.533	0.0193573
254.6	0.0813674
254.667	0.0233387
254.733	0.0228214
254.8	0.0195819
254.867	0.0242322
254.933	0.0188505
255	0.0223695
255.067	0.0224061
255.133	0.0239566
255.2	0.0196838
255.267	0.0202521
255.333	0.0160864
255.4	0.0269074
255.467	0.0217412
255.533	0.0157991
255.6	0.0226242
255.667	0.0210672
255.733	0.0147514
255.8	0.0280974
255.867	0.0176526
255.933	0.0213976
256	0.028403
256.067	0.0132702
256.133	0.0136712
256.2	0.0160603
256.267	0.0865493
256.333	0.0381986
256.4	0.0400744
256.467	0.0277068
256.533	0.017633
256.6	0.0292965
256.667	0.0187577
256.733	0.01196
256.8	0.0328717
256.867	0.0102671
256.933	0.0113291
257	0.0235451
257.067	0.0125426
257.133	0.0217503
257.2	0.0261863
257.267	0.0141192
257.333	0.0202965
257.4	0.017343
257.467	0.017539
257.533	0.0157742
257.6	0.0223812
257.667	0.0183698
257.733	0.0157337
257.8	0.0129632
257.867	0.00928742
257.933	0.0527672
258	0.0303036
258.067	0.0217751
258.133	0.039659
258.2	0.0442831
258.267	0.0286852
258.333	0.0204833
258.4	0.0214473
258.467	0.0170935
258.533	0.0176657
258.6	0.0189249
258.667	0.0197387
258.733	0.0220338
258.8	0.0288184
258.867	0.0185944
258.933	0.0167252
259	0.0197491
259.067	0.0150989
259.133	0.0156018
259.2	0.0173783
259.267	0.0106446
259.333	0.0111998
259.4	0.0132362
259.467	0.0119927
259.533	0.0133799
259.6	0.0624556
259.667	0.0173039
259.733	0.0143622
259.8	0.0212879
259.867	0.0218378
259.933	0.0253216
260	0.0181503
260.067	0.0224557
260.133	0.0187002
260.2	0.019804
260.267	0.0256599
260.333	0.0229756
260.4	0.023067
260.467	0.0216288
260.533	0.0181777
260.6	0.0341375
260.667	0.0176905
260.733	0.0215962
260.8	0.0231206
260.867	0.0215818
260.933	0.0241055
261	0.0256403
261.067	0.023067
261.133	0.0208451
261.2	0.0184364
261.267	0.0753182
261.333	0.0236405
261.4	0.0311684
261.467	0.0279654
261.533	0.0163816
261.6	0.0173848
261.667	0.012971
261.733	0.0181555
261.8	0.0186441
261.867	0.0165593
261.933	0.0143543
262	0.0125713
262.067	0.0154255
262.133	0.0123101
262.2	0.014984
262.267	0.0163908
262.333	0.0115538
262.4	0.0119665
262.467	0.011785
262.533	0.0111292
262.6	0.0097224
262.667	0.0172372
262.733	0.0115342
262.8	0.00919075
262.867	0.00902094
262.933	0.0559531
263	0.0294663
263.067	0.0229155
263.133	0.0236679
263.2	0.030608
263.267	0.0245796
263.333	0.029226
263.4	0.0335614
263.467	0.0241721
263.533	0.0264776
263.6	0.0349003
263.667	0.0161099
263.733	0.0163255
263.8	0.010881
263.867	0.0210541
263.933	0.0146313
264	0.0200888
264.067	0.0115394
264.133	0.018597
264.2	0.0178838
264.267	0.0115969
264.333	0.0145424
264.4	0.0117275
264.467	0.0089295
264.533	0.00849191
264.6	0.0811036
264.667	0.0358081
264.733	0.0248252
264.8	0.0278296
264.867	0.0355012
264.933	0.0160969
265	0.0249075
265.067	0.0110482
265.133	0.0139964
265.2	0.0219698
265.267	0.0115459
265.333	0.0168454
265.4	0.0195689
265.467	0.00892559
265.533	0.010015
265.6	0.0103638
265.667	0.0148925
265.733	0.0178629
265.8	0.0136607
265.867	0.0119744
265.933	0.0060649
266	0.0113173
266.067	0.00651817
266.133	0.0151041
266.2	0.0123545
266.267	0.0649766
266.333	0.037377
266.4	0.0287466
266.467	0.0321494
266.533	0.0344039
266.6	0.0189249
266.667	0.0550204
266.733	0.00937363
266.8	0.0121363
266.867	0.0152191
266.933	0.0133276
267	0.0210776
267.067	0.0153131
267.133	0.0312389
267.2	0.0382756
267.267	0.0323845
267.333	0.022764
267.4	0.011559
267.467	0.0147932
267.533	0.0161282
267.6	0.00592906
267.667	0.00822282
267.733	0.0107583
267.8	0.0110639
267.867	0.0104866
267.933	0.0602428
268	0.0228201
268.067	0.0146887
268.133	0.0192867
268.2	0.0219084
268.267	0.0152975
268.333	0.0125165
268.4	0.0292168
268.467	0.00873226
268.533	0.0181085
268.6	0.0161465
268.667	0.0157102
268.733	0.0177428
268.8	0.0235699
268.867	0.017859
268.933	0.0251962
269	0.0319364
269.067	0.0244125
269.133	0.0126719
269.2	0.0164848
269.267	0.0244843
269.333	0.0121768
269.4	0.0131461
269.467	0.0104408
269.533	0.0184233
269.6	0.0622727
269.667	0.0271268
269.733	0.0305544
269.8	0.016059
269.867	0.0255071
269.933	0.0188583
270	0.0131461
270.067	0.0296492
270.133	0.0219724
270.2	0.0336032
270.267	0.0180432
270.333	0.0265064
270.4	0.0206766
270.467	0.0289895
270.533	0.0308183
270.6	0.021476
270.667	0.0270328
270.733	0.0252916
270.8	0.023613
270.867	0.0186349
270.933	0.0143896
271	0.013423
271.067	0.0122278
271.133	0.00969105
271.2	0.00904576
271.267	0.0438794
271.333	0.0289334
271.4	0.0236143
271.467	0.0255371
271.533	0.0137992
271.6	0.0188857
271.667	0.0388595
271.733	0.0264698
271.8	0.0215087
271.867	0.0279942
271.933	0.0126928
272	0.020866
272.067	0.0213075
272.133	0.0255058
272.2	0.0209535
272.267	0.0111423
272.333	0.0199934
272.4	0.0198785
272.467	0.0226124
272.533	0.0223682
272.6	0.011926
272.667	0.0141414
272.733	0.0163281
272.8	0.0201528
272.867	0.0148964
272.933	0.0620376
273	0.0463966
273.067	0.0532047
273.133	0.0233753
273.2	0.0324668
273.267	0.0369093
273.333	0.0319077
273.4	0.0381842
273.467	0.0452628
273.533	0.0334647
273.6	0.0358095
273.667	0.0313996
273.733	0.0314022
273.8	0.0311331
273.867	0.0239762
273.933	0.0233113
274	0.0318372
274.067	0.0345163
274.133	0.0210828
274.2	0.0362523
274.267	0.023728
274.333	0.0108275
274.4	0.0218078
274.467	0.0186728
274.533	0.0134988
274.6	0.0598535
274.667	0.0207119
274.733	0.0337926
274.8	0.0169368
274.867	0.0235464
274.933	0.0282515
275	0.0241695
275.067	0.0211233
275.133	0.0292351
275.2	0.0140069
275.267	0.0191626
275.333	0.0182156
275.4	0.0271843
275.467	0.0370177
275.533	0.0302684
275.6	0.0252942
275.667	0.0308457
275.733	0.0174724
275.8	0.0560249
275.867	0.0504251
275.933	0.0178198
276	0.0535352
276.067	0.0569942
276.133	0.0555246
276.2	0.0508261
276.267	0.0964363
276.333	0.060858
276.4	0.0643327
276.467	0.0376069
276.533	0.041088
276.6	0.0374671
276.667	0.0592239
276.733	0.0465651
276.8	0.0554188
276.867	0.0606321
276.933	0.0439343
277	0.0802963
277.067	0.0645874
277.133	0.0485375
277.2	0.064833
277.267	0.0708273
277.333	0.0266553
277.4	0.0733157
277.467	0.0821081
277.533	0.0336711
277.6	0.0688405
277.667	0.0822831
277.733	0.0478139
277.8	0.0877262
277.867	0.0570582
277.933	0.0683585
278	0.0488288
278.067	0.0606399
278.133	0.0555847
278.2	0.0592683
278.267	0.0480098
278.333	0.0498686
278.4	0.0519142
278.467	0.0614994
278.533	0.0625653
278.6	0.0633308
278.667	0.0677015
278.733	0.0518698
278.8	0.0704746
278.867	0.0712714
278.933	0.0629702
279	0.0706366
279.067	0.062564
279.133	0.0627639
279.2	0.0750504
279.267	0.07629
279.333	0.0514361
279.4	0.0740747
279.467	0.0734868
279.533	0.0573482
279.6	0.0795008
279.667	0.0700736
279.733	0.0657134
279.8	0.080824
279.867	0.0817071
279.933	0.0827716
280	0.0872286
280.067	0.0906875
280.133	0.0499927
280.2	0.0925985
280.267	0.0866107
280.333	0.0904746
280.4	0.119093
280.467	0.14982
280.533	0.0936971
280.6	0.12593
280.667	0.164049
280.733	0.15713
280.8	0.169286
280.867	0.126945
280.933	0.153805
281	0.164667
281.067	0.139674
281.133	0.155949
281.2	0.171726
281.267	0.173105
281.333	0.161017
281.4	0.192324
281.467	0.182864
281.533	0.126722
281.6	0.179525
281.667	0.157677
281.733	0.175782
281.8	0.154166
281.867	0.179213
281.933	0.172163
282	0.178185
282.067	0.168928
282.133	0.166221
282.2	0.15606
282.267	0.16439
282.333	0.152294
282.4	0.167074
282.467	0.181662
282.533	0.180146
282.6	0.170244
282.667	0.179631
282.733	0.179177
282.8	0.171846
282.867	0.154142
282.933	0.174095
283	0.17141
283.067	0.175479
283.133	0.183795
283.2	0.180244
283.267	0.187227
283.333	0.184641
283.4	0.192941
283.467	0.192807
283.533	0.186583
283.6	0.188928
283.667	0.192133
283.733	0.197394
283.8	0.19828
283.867	0.195266
283.933	0.177996
284	0.208312
284.067	0.208339
284.133	0.211097
284.2	0.181306
284.267	0.17627
284.333	0.1884
284.4	0.172029
284.467	0.111866
284.533	0.209889
284.6	0.165389
284.667	0.178825
284.733	0.204601
284.8	0.178973
284.867	0.175429
284.933	0.1325
285	0.160156
285.067	0.185716
285.133	0.136119
285.2	0.182385
285.267	0.195691
285.333	0.205226
285.4	0.14203
285.467	0.150939
285.533	0.146652
285.6	0.162953
285.667	0.191813
285.733	0.194744
285.8	0.192666
285.867	0.181989
285.933	0.211965
286	0.196733
286.067	0.19321
286.133	0.214304
286.2	0.202389
286.267	0.189906
286.333	0.206899
286.4	0.19899
286.467	0.17197
286.533	0.161374
286.6	0.208221
286.667	0.196252
286.733	0.155119
286.8	0.16003
286.867	0.214966
286.933	0.206711
287	0.222707
287.067	0.227804
287.133	0.231466
287.2	0.222133
287.267	0.223521
287.333	0.238478
287.4	0.219668
287.467	0.223273
287.533	0.242323
287.6	0.22642
287.667	0.236457
287.733	0.239661
287.8	0.226228
287.867	0.238253
287.933	0.221332
288	0.221013
288.067	0.229372
288.133	0.234639
288.2	0.222804
288.267	0.226268
288.333	0.223934
288.4	0.22869
288.467	0.219905
288.533	0.230133
288.6	0.223629
288.667	0.220415
288.733	0.228209
288.8	0.226779
288.867	0.20423
288.933	0.196791
289	0.143485
289.067	0.146093
289.133	0.138981
289.2	0.20843
289.267	0.213564
289.333	0.229488
289.4	0.215117
289.467	0.21951
289.533	0.227944
289.6	0.211871
289.667	0.215678
289.733	0.219344
289.8	0.210272
289.867	0.211692
289.933	0.221434
290	0.204507
290.067	0.217793
290.133	0.222882
290.2	0.21383
290.267	0.215277
290.333	0.217084
290.4	0.210231
290.467	0.207776
290.533	0.191956
290.6	0.202679
290.667	0.202238
290.733	0.212111
290.8	0.20646
290.867	0.202854
290.933	0.205116
291	0.193622
291.067	0.199018
291.133	0.193676
291.2	0.181012
291.267	0.160163
291.333	0.183788
291.4	0.176304
291.467	0.186324
291.533	0.196708
291.6	0.189105
291.667	0.191035
291.733	0.200468
291.8	0.189423
291.867	0.1896
291.933	0.19732
292	0.188574
292.067	0.189522
292.133	0.198864
292.2	0.190753
292.267	0.170969
292.333	0.203989
292.4	0.181537
292.467	0.167898
292.533	0.190196
292.6	0.174874
292.667	0.172163
292.733	0.197775
292.8	0.164174
292.867	0.175524
292.933	0.183973
293	0.165903
293.067	0.169312
293.133	0.137903
293.2	0.136654
293.267	0.163677
293.333	0.190389
293.4	0.178083
293.467	0.169624
293.533	0.187987
293.6	0.172357
293.667	0.166706
293.733	0.189779
293.8	0.169914
293.867	0.1639
293.933	0.185142
294	0.160884
294.067	0.161891
294.133	0.183342
294.2	0.159819
294.267	0.142325
294.333	0.159555
294.4	0.157938
294.467	0.163865
294.533	0.184763
294.6	0.161491
294.667	0.163566
294.733	0.177074
294.8	0.157144
294.867	0.139443
294.933	0.177586
295	0.148484
295.067	0.151438
295.133	0.179559
295.2	0.162173
295.267	0.161042
295.333	0.181413
295.4	0.162163
295.467	0.175677
295.533	0.179892
295.6	0.165963
295.667	0.117537
295.733	0.138925
295.8	0.110829
295.867	0.0955938
295.933	0.193336
296	0.140516
296.067	0.152008
296.133	0.19418
296.2	0.173343
296.267	0.173574
296.333	0.198779
296.4	0.168552
296.467	0.17435
296.533	0.203375
296.6	0.166385
296.667	0.168661
296.733	0.211889
296.8	0.1376
296.867	0.182374
296.933	0.215117
297	0.174982
297.067	0.121238
297.133	0.213535
297.2	0.115489
297.267	0.164178
297.333	0.209232
297.4	0.110448
297.467	0.181527
297.533	0.202097
297.6	0.177316
297.667	0.17542
297.733	0.213724
297.8	0.194197
297.867	0.182054
297.933	0.210728
298	0.139659
298.067	0.175492
298.133	0.192257
298.2	0.170102
298.267	0.181396
298.333	0.198389
298.4	0.177682
298.467	0.169779
298.533	0.189394
298.6	0.17402
298.667	0.166522
298.733	0.137911
298.8	0.170367
298.867	0.164629
298.933	0.186498
299	0.163848
299.067	0.156448
299.133	0.178995
299.2	0.159101
299.267	0.157446
299.333	0.187308
299.4	0.155108
299.467	0.150382
299.533	0.193587
299.6	0.116543
299.667	0.144428
299.733	0.184503
299.8	0.1495
299.867	0.124257
299.933	0.186616
300	0.128044
300.067	0.135001
300.133	0.18842
300.2	0.154636
300.267	0.158992
300.333	0.180988
300.4	0.157263
300.467	0.138236
300.533	0.158669
300.6	0.152922
300.667	0.140169
300.733	0.182783
300.8	0.142488
300.867	0.153775
300.933	0.188103
301	0.16446
301.067	0.142896
301.133	0.18501
301.2	0.153095
301.267	0.138962
301.333	0.16695
301.4	0.137765
301.467	0.149377
301.533	0.166732
301.6	0.151868
301.667	0.112284
301.733	0.184869
301.8	0.142551
301.867	0.12557
301.933	0.1862
302	0.153267
302.067	0.145828
302.133	0.169533
302.2	0.1506
302.267	0.130626
302.333	0.184579
302.4	0.152008
302.467	0.10979
302.533	0.178858
302.6	0.0999305
302.667	0.10929
302.733	0.0982546
302.8	0.131647
302.867	0.138121
302.933	0.0991807
303	0.120747
303.067	0.125776
303.133	0.106058
303.2	0.138602
303.267	0.143506
303.333	0.169018
303.4	0.1275
303.467	0.127688
303.533	0.130085
303.6	0.150596
303.667	0.14143
303.733	0.181536
303.8	0.153723
303.867	0.153915
303.933	0.185679
304	0.160888
304.067	0.162778
304.133	0.193194
304.2	0.171323
304.267	0.163466
304.333	0.193328
304.4	0.169458
304.467	0.174716
304.533	0.201734
304.6	0.169001
304.667	0.166415
304.733	0.199022
304.8	0.164437
304.867	0.16301
304.933	0.199284
305	0.172129
305.067	0.171182
305.133	0.198904
305.2	0.16955
305.267	0.174209
305.333	0.188818
305.4	0.174841
305.467	0.175562
305.533	0.189893
305.6	0.166458
305.667	0.171589
305.733	0.182757
305.8	0.146889
305.867	0.154027
305.933	0.175187
306	0.142082
306.067	0.147325
306.133	0.17995
306.2	0.144425
306.267	0.14383
306.333	0.144194
306.4	0.14027
306.467	0.145977
306.533	0.166217
306.6	0.139974
306.667	0.145815
306.733	0.170463
306.8	0.154998
306.867	0.14695
306.933	0.167555
307	0.143796
307.067	0.137266
307.133	0.160907
307.2	0.118564
307.267	0.12586
307.333	0.136183
307.4	0.121068
307.467	0.119267
307.533	0.163341
307.6	0.132354
307.667	0.122218
307.733	0.0942614
307.8	0.134295
307.867	0.127261
307.933	0.156338
308	0.111999
308.067	0.133602
308.133	0.146988
308.2	0.131856
308.267	0.129661
308.333	0.139174
308.4	0.134189
308.467	0.12499
308.533	0.141677
308.6	0.115459
308.667	0.117937
308.733	0.141226
308.8	0.133688
308.867	0.130151
308.933	0.139188
309	0.129359
309.067	0.134461
309.133	0.138705
309.2	0.129018
309.267	0.126477
309.333	0.141267
309.4	0.131846
309.467	0.126246
309.533	0.143785
309.6	0.133342
309.667	0.129836
309.733	0.143366
309.8	0.121785
309.867	0.131735
309.933	0.148936
310	0.132264
310.067	0.111799
310.133	0.145081
310.2	0.130676
310.267	0.132591
310.333	0.145402
310.4	0.131073
310.467	0.125503
310.533	0.146054
310.6	0.125674
310.667	0.127916
310.733	0.141416
310.8	0.12386
310.867	0.114856
310.933	0.136575
311	0.105954
311.067	0.107404
311.133	0.134781
311.2	0.0911055
311.267	0.100501
311.333	0.12945
311.4	0.12189
311.467	0.116193
311.533	0.127342
311.6	0.0884617
311.667	0.0983121
311.733	0.131772
311.8	0.119783
311.867	0.0965081
311.933	0.1282
312	0.111544
312.067	0.106916
312.133	0.126109
312.2	0.116114
312.267	0.113389
312.333	0.124775
312.4	0.100705
312.467	0.0969888
312.533	0.117912
312.6	0.109838
312.667	0.0943372
312.733	0.119716
312.8	0.113222
312.867	0.115101
312.933	0.129582
313	0.10691
313.067	0.106293
313.133	0.116306
313.2	0.103632
313.267	0.0963749
313.333	0.126743
313.4	0.115557
313.467	0.116098
313.533	0.129448
313.6	0.119545
313.667	0.110689
313.733	0.131736
313.8	0.115971
313.867	0.119548
313.933	0.130953
314	0.117016
314.067	0.105775
314.133	0.0983591
314.2	0.107861
314.267	0.117628
314.333	0.123136
314.4	0.118851
314.467	0.0876048
314.533	0.115113
314.6	0.118133
314.667	0.0792226
314.733	0.110771
314.8	0.118576
314.867	0.123337
314.933	0.118989
315	0.122457
315.067	0.131215
315.133	0.116268
315.2	0.126826
315.267	0.114156
315.333	0.116196
315.4	0.116818
315.467	0.106138
315.533	0.133386
315.6	0.113778
315.667	0.110289
315.733	0.129368
315.8	0.125679
315.867	0.121791
315.933	0.142314
316	0.10559
316.067	0.114532
316.133	0.13896
316.2	0.116423
316.267	0.104949
316.333	0.133681
316.4	0.116888
316.467	0.115263
316.533	0.138147
316.6	0.116694
316.667	0.119378
316.733	0.1317
316.8	0.119702
316.867	0.115447
316.933	0.123858
317	0.0979124
317.067	0.0988137
317.133	0.0877328
317.2	0.0947003
317.267	0.10379
317.333	0.112004
317.4	0.0988071
317.467	0.0928324
317.533	0.10469
317.6	0.0883415
317.667	0.0811558
317.733	0.085648
317.8	0.0776067
317.867	0.0826619
317.933	0.0837043
318	0.0727658
318.067	0.0682305
318.133	0.0724288
318.2	0.0671267
318.267	0.0612094
318.333	0.0704041
318.4	0.0604244
318.467	0.0544705
318.533	0.0576969
318.6	0.0502722
318.667	0.047405
318.733	0.0483638
318.8	0.0377793
318.867	0.0371013
318.933	0.0265534
319	0.0316125
319.067	0.0260087
319.133	0.0264123
319.2	0.0212396
319.267	0.0196538
319.333	0.017121
319.4	0.012651
319.467	0.0099118
319.533	0.0243419
319.6	0.0291567
319.667	0.0129305
319.733	0.0113369
319.8	0.00998626
319.867	0.0117941
319.933	0.00895563
320	0.00394356
320.067	0.011879
320.133	0.0198458
320.2	0.0259982
320.267	0.0227992
320.333	0.022619
320.4	0.0225693
320.467	0.0190216
320.533	0.0142198
320.6	0.0254509
320.667	0.0404741
320.733	0.0435228
320.8	0.0289556
320.867	0.0296453
320.933	0.03109
321	0.0386192
321.067	0.033146
321.133	0.0245744
321.2	0.0099941
321.267	0.0552503
321.333	0.022905
321.4	0.0164901
321.467	0.0205969
321.533	0.0212161
321.6	0.0178629
321.667	0.0195846
321.733	0.0159793
321.8	0.0160956
321.867	0.027618
321.933	0.0127803
322	0.0135628
322.067	0.0155979
322.133	0.0125217
322.2	0.0459407
322.267	0.0212971
322.333	0.0158879
322.4	0.0164443
322.467	0.00935403
322.533	0.00896347
322.6	0.0108314
322.667	0.0285284
322.733	0.0145856
322.8	0.0156789
322.867	0.00790279
322.933	0.0192097
323	0.0177806
323.067	0.0134596
323.133	0.0179269
323.2	0.0197217
323.267	0.0130546
323.333	0.00961137
323.4	0.0137809
323.467	0.0185801
323.533	0.0135784
323.6	0.0167004
323.667	0.0147815
323.733	0.0120828
323.8	0.0118215
323.867	0.0481757
323.933	0.0192998
324	0.0164914
324.067	0.0197583
324.133	0.013167
324.2	0.0124302
324.267	0.0164404
324.333	0.0114166
324.4	0.0121533
324.467	0.0119992
324.533	0.0137665
324.6	0.0131578
324.667	0.0159806
324.733	0.0239357
324.8	0.0153889
324.867	0.0146914
324.933	0.0165697
325	0.0142446
325.067	0.0137574
325.133	0.0183724
325.2	0.0162628
325.267	0.00868654
325.333	0.0161831
325.4	0.0123754
325.467	0.00856637
325.533	0.0447324
325.6	0.0294467
325.667	0.0178825
325.733	0.0216458
325.8	0.0164548
325.867	0.0126301
325.933	0.0136516
326	0.00991964
326.067	0.0113604
326.133	0.0144732
326.2	0.0109934
326.267	0.0204989
326.333	0.008552
326.4	0.00541178
326.467	0.0181581
326.533	0.0127712
326.6	0.0072758
326.667	0.0113474
326.733	0.0234093
326.8	0.0171445
326.867	0.0132075
326.933	0.012988
327	0.0115067
327.067	0.0092835
327.133	0.00632877
327.2	0.0417385
327.267	0.0124355
327.333	0.0201815
327.4	0.0130977
327.467	0.00992617
327.533	0.0102671
327.6	0.00757231
327.667	0.00156358
327.733	0.00836259
327.8	0.0117262
327.867	0.0107413
327.933	0.0221409
328	0.0222937
328.067	0.0184899
328.133	0.0202285
328.2	0.0210097
328.267	0.0178982
328.333	0.0201123
328.4	0.0233021
328.467	0.0208425
328.533	0.0256181
328.6	0.0296087
328.667	0.0263196
328.733	0.025818
328.8	0.0346978
328.867	0.0330141
328.933	0.0224857
329	0.0253255
329.067	0.0338422
329.133	0.0342315
329.2	0.0339402
329.267	0.0364312
329.333	0.0386806
329.4	0.0331212
329.467	0.0333302
329.533	0.0340695
329.6	0.0398405
329.667	0.0382116
329.733	0.0416876
329.8	0.037454
329.867	0.0362157
329.933	0.03797
330	0.0387328
330.067	0.0387067
330.133	0.0405733
330.2	0.0421996
330.267	0.0429154
330.333	0.0348886
330.4	0.0376095
330.467	0.0472861
330.533	0.0637148
330.6	0.0501965
330.667	0.04996
330.733	0.0535104
330.8	0.0427091
330.867	0.0537808
330.933	0.04932
331	0.0412265
331.067	0.0437567
331.133	0.0449636
331.2	0.0358578
331.267	0.0471111
331.333	0.0377336
331.4	0.0300006
331.467	0.0326105
331.533	0.0313617
331.6	0.0325321
331.667	0.0330154
331.733	0.0337665
331.8	0.0300071
331.867	0.0368453
331.933	0.0344771
332	0.0375716
332.067	0.03469
332.133	0.037889
332.2	0.0504786
332.267	0.0364913
332.333	0.0399764
332.4	0.0457735
332.467	0.0397465
332.533	0.0445326
332.6	0.0443001
332.667	0.03887
332.733	0.0452954
332.8	0.0393455
332.867	0.0434706
332.933	0.045234
333	0.0432642
333.067	0.0501037
333.133	0.0480673
333.2	0.0472574
333.267	0.0499979
333.333	0.0460126
333.4	0.046731
333.467	0.0506171
333.533	0.0476467
333.6	0.0439866
333.667	0.0462137
333.733	0.0471137
333.8	0.0458858
333.867	0.0564442
333.933	0.0421317
334	0.0424713
334.067	0.0494245
334.133	0.0479994
334.2	0.0445691
334.267	0.0426868
334.333	0.0298308
334.4	0.0317562
334.467	0.0309332
334.533	0.0257605
334.6	0.0342576
334.667	0.0290927
334.733	0.0227496
334.8	0.023114
334.867	0.0276049
334.933	0.0171171
335	0.023374
335.067	0.0186258
335.133	0.0210606
335.2	0.0221213
335.267	0.0188465
335.333	0.0197635
335.4	0.020606
335.467	0.0131356
335.533	0.0373979
335.6	0.021668
335.667	0.0154516
335.733	0.0174567
335.8	0.0165136
335.867	0.0222571
335.933	0.01977
336	0.0154503
336.067	0.0194252
336.133	0.0156593
336.2	0.0120671
336.267	0.0118255
336.333	0.016413
336.4	0.024163
336.467	0.0228711
336.533	0.0244373
336.6	0.0213375
336.667	0.0311383
336.733	0.0285689
336.8	0.0341139
336.867	0.0390659
336.933	0.0324772
337	0.0312232
337.067	0.0345463
337.133	0.0290967
337.2	0.0456651
337.267	0.0391835
337.333	0.0331486
337.4	0.0350322
337.467	0.0426424
337.533	0.0361425
337.6	0.0380484
337.667	0.0513917
337.733	0.0373038
337.8	0.0516699
337.867	0.066552
337.933	0.0543542
338	0.0589496
338.067	0.0670719
338.133	0.0471307
338.2	0.0404336
338.267	0.068399
338.333	0.0572907
338.4	0.0569615
338.467	0.0805576
338.533	0.0653267
338.6	0.0634091
338.667	0.0861104
338.733	0.0574448
338.8	0.0567865
338.867	0.0949119
338.933	0.0617842
339	0.0647742
339.067	0.081438
339.133	0.0611206
339.2	0.0844371
339.267	0.0810409
339.333	0.0699639
339.4	0.0617306
339.467	0.0765291
339.533	0.0701128
339.6	0.0630656
339.667	0.07954
339.733	0.0705961
339.8	0.0700723
339.867	0.0673057
339.933	0.0611324
340	0.0577557
340.067	0.0648029
340.133	0.0498751
340.2	0.0463012
340.267	0.052967
340.333	0.046185
340.4	0.0435725
340.467	0.0459002
340.533	0.0534164
340.6	0.0416249
340.667	0.039079
340.733	0.0347396
340.8	0.0288511
340.867	0.0281078
340.933	0.0312337
341	0.0254862
341.067	0.0300071
341.133	0.0285141
341.2	0.0186767
341.267	0.021911
341.333	0.0176252
341.4	0.0148377
341.467	0.0137104
341.533	0.017522
341.6	0.00490365
341.667	0.00753443
341.733	0.0261184
341.8	0.0181294
341.867	0.0138488
341.933	0.0130729
342	0.0161831
342.067	0.0161844
342.133	0.0129736
342.2	0.0473619
342.267	0.0203121
342.333	0.0333145
342.4	0.0246959
342.467	0.0234929
342.533	0.0211965
342.6	0.0223068
342.667	0.0309032
342.733	0.0223094
342.8	0.0225733
342.867	0.0214251
342.933	0.0195454
343	0.0278505
343.067	0.0236483
343.133	0.0154751
343.2	0.0093475
343.267	0.02061
343.333	0.019915
343.4	0.0146456
343.467	0.0170282
343.533	0.0219541
343.6	0.0129619
343.667	0.0175246
343.733	0.0240114
343.8	0.0093253
343.867	0.0489059
343.933	0.0364025
344	0.0162184
344.067	0.0261223
344.133	0.0234236
344.2	0.0179243
344.267	0.0125779
344.333	0.0129619
344.4	0.0225759
344.467	0.0236888
344.533	0.017505
344.6	0.0239696
344.667	0.0263575
344.733	0.0242348
344.8	0.0169133
344.867	0.0248866
344.933	0.0182679
345	0.018648
345.067	0.0163307
345.133	0.0167239
345.2	0.0233897
345.267	0.0196094
345.333	0.0171092
345.4	0.01884
345.467	0.0108902
345.533	0.0449062
345.6	0.0306263
345.667	0.0261524
345.733	0.0225733
345.8	0.0256717
345.867	0.0277747
345.933	0.0303271
346	0.0235843
346.067	0.0204245
346.133	0.0224322
346.2	0.0102371
346.267	0.05144
346.333	0.0261654
346.4	0.0309019
346.467	0.028467
346.533	0.0285049
346.6	0.0188126
346.667	0.0227509
346.733	0.0238155
346.8	0.0281966
346.867	0.0214447
346.933	0.0129201
347	0.0177806
347.067	0.0243315
347.133	0.0218052
347.2	0.0138632
347.267	0.0191378
347.333	0.0222428
347.4	0.0202899
347.467	0.0208072
347.533	0.0214355
347.6	0.0184364
347.667	0.0144719
347.733	0.016477
347.8	0.0131696
347.867	0.013568
347.933	0.0556984
348	0.0206844
348.067	0.0176565
348.133	0.0201515
348.2	0.0267559
348.267	0.0199477
348.333	0.0113239
348.4	0.0271203
348.467	0.0216432
348.533	0.0150088
348.6	0.0106812
348.667	0.0302083
348.733	0.0325151
348.8	0.0250055
348.867	0.0246175
348.933	0.0171406
349	0.025046
349.067	0.0125635
349.133	0.0186088
349.2	0.0240219
349.267	0.023664
349.333	0.0166873
349.4	0.0194918
349.467	0.0261537
349.533	0.0126419
349.6	0.0564952
349.667	0.0234746
349.733	0.0242348
349.8	0.0162798
349.867	0.0228828
349.933	0.0170648
350	0.0506745
350.067	0.0181621
350.133	0.0154216
350.2	0.019514
350.267	0.0221866
350.333	0.0205211
350.4	0.00674285
350.467	0.00995621
350.533	0.0130324
350.6	0.0136869
350.667	0.0142721
350.733	0.0175769
350.8	0.0259238
350.867	0.0221931
350.933	0.0206661
351	0.0255006
351.067	0.0259839
351.133	0.029452
351.2	0.0242609
351.267	0.0374828
351.333	0.0241695
351.4	0.0253307
351.467	0.030928
351.533	0.0285794
351.6	0.0217137
351.667	0.0329004
351.733	0.0275553
351.8	0.0290091
351.867	0.0270942
351.933	0.02569
352	0.0256469
352.067	0.0288067
352.133	0.0240728
352.2	0.0296322
352.267	0.0243589
352.333	0.0309607
352.4	0.0292625
352.467	0.0266788
352.533	0.0302853
352.6	0.0309554
352.667	0.0347031
352.733	0.0365488
352.8	0.0361595
352.867	0.0425588
352.933	0.0692794
353	0.0477616
353.067	0.0486486
353.133	0.048949
353.2	0.049704
353.267	0.04993
353.333	0.0524275
353.4	0.0491358
353.467	0.0483403
353.533	0.051137
353.6	0.0505191
353.667	0.0509149
353.733	0.0538526
353.8	0.0534712
353.867	0.0530598
353.933	0.0556775
354	0.0520487
354.067	0.0540773
354.133	0.0425876
354.2	0.0550635
354.267	0.0500698
354.333	0.0450525
354.4	0.0386022
354.467	0.0382443
354.533	0.0445561
354.6	0.0534934
354.667	0.0391796
354.733	0.0543007
354.8	0.037842
354.867	0.0378851
354.933	0.0458584
355	0.0335666
355.067	0.0264188
355.133	0.0307686
355.2	0.0313552
355.267	0.031282
355.333	0.0340264
355.4	0.0324485
355.467	0.0334491
355.533	0.0355887
355.6	0.0346587
355.667	0.0337586
355.733	0.0374344
355.8	0.0376539
355.867	0.0379256
355.933	0.0391378
356	0.036942
356.067	0.033551
356.133	0.0387289
356.2	0.0360119
356.267	0.0549708
356.333	0.042585
356.4	0.036588
356.467	0.0407836
356.533	0.0439657
356.6	0.0448265
356.667	0.0411416
356.733	0.0503624
356.8	0.0455201
356.867	0.0381816
356.933	0.047277
357	0.0346247
357.067	0.0382887
357.133	0.0430317
357.2	0.0413323
357.267	0.0486342
357.333	0.0454705
357.4	0.0493369
357.467	0.0503375
357.533	0.0469034
357.6	0.0516555
357.667	0.0488536
357.733	0.0459825
357.8	0.0518724
357.867	0.0551158
357.933	0.0811297
358	0.0472822
358.067	0.0546508
358.133	0.0527162
358.2	0.0557088
358.267	0.0566154
358.333	0.0557088
358.4	0.0530101
358.467	0.0494663
358.533	0.0552425
358.6	0.041954
358.667	0.0526822
358.733	0.054669
358.8	0.0513747
358.867	0.0549146
358.933	0.0556592
359	0.0567747
359.067	0.0480085
359.133	0.0618077
359.2	0.0613387
359.267	0.0508822
359.333	0.0621708
359.4	0.0451517
359.467	0.061519
359.533	0.0692546
359.6	0.0481914
359.667	0.044688
359.733	0.0472874
359.8	0.0459263
359.867	0.0333759
359.933	0.0555299
360	0.0497236
360.067	0.0297197
360.133	0.0461811
360.2	0.0212984
360.267	0.029243
360.333	0.0454901
360.4	0.0297302
360.467	0.0317666
360.533	0.0415099
360.6	0.0347775
360.667	0.0302148
360.733	0.0412225
360.8	0.028983
360.867	0.0276637
360.933	0.0453229
361	0.027695
361.067	0.0450002
361.133	0.0533184
361.2	0.042794
361.267	0.0601331
361.333	0.047503
361.4	0.0482253
361.467	0.046087
361.533	0.0506641
361.6	0.0488092
361.667	0.0472078
361.733	0.0481692
361.8	0.0437684
361.867	0.0447063
361.933	0.0453633
362	0.0537024
362.067	0.0536463
362.133	0.0519494
362.2	0.0580222
362.267	0.0544796
362.333	0.0636208
362.4	0.0541518
362.467	0.0581437
362.533	0.0610109
362.6	0.0624765
362.667	0.0596001
362.733	0.0653842
362.8	0.0686289
362.867	0.0704315
362.933	0.0763972
363	0.0819592
363.067	0.0791912
363.133	0.0793114
363.2	0.0690456
363.267	0.0716359
363.333	0.0876244
363.4	0.0792422
363.467	0.0843404
363.533	0.0775545
363.6	0.0774069
363.667	0.0744143
363.733	0.0808071
363.8	0.069299
363.867	0.0630682
363.933	0.0609743
364	0.0670758
364.067	0.0686367
364.133	0.0795086
364.2	0.0651125
364.267	0.0753783
364.333	0.0652105
364.4	0.0639042
364.467	0.0632184
364.533	0.0639421
364.6	0.104032
364.667	0.0825914
364.733	0.0604309
364.8	0.0752111
364.867	0.0688039
364.933	0.067388
365	0.0591887
365.067	0.0125622
365.133	0.0465612
365.2	0.0338932
365.267	0.0133525
365.333	0.0458649
365.4	0.039028
365.467	0.0370347
365.533	0.0440845
365.6	0.0434066
365.667	0.0415896
365.733	0.0400613
365.8	0.0407497
365.867	0.0426673
365.933	0.0467414
366	0.0222846
366.067	0.0279785
366.133	0.0474925
366.2	0.0189772
366.267	0.0445509
366.333	0.060376
366.4	0.0349486
366.467	0.0222584
366.533	0.0387394
366.6	0.0564599
366.667	0.0653999
366.733	0.0550021
366.8	0.0554489
366.867	0.036601
366.933	0.0289895
367	0.0245431
367.067	0.0490039
367.133	0.0485924
367.2	0.0367095
367.267	0.0454025
367.333	0.0460975
367.4	0.0390085
367.467	0.0440048
367.533	0.0462725
367.6	0.0432707
367.667	0.0434928
367.733	0.0494284
367.8	0.0436025
367.867	0.047934
367.933	0.0889646
368	0.0492834
368.067	0.0502879
368.133	0.0553679
368.2	0.0465416
368.267	0.04874
368.333	0.0403565
368.4	0.0571248
368.467	0.0537821
368.533	0.0501076
368.6	0.0494741
368.667	0.0514531
368.733	0.0522042
368.8	0.0535365
368.867	0.0520278
368.933	0.0226621
369	0.0577426
369.067	0.0511997
369.133	0.0240976
369.2	0.0537599
369.267	0.0464946
369.333	0.0350518
369.4	0.0388125
369.467	0.033197
369.533	0.0369668
369.6	0.0608345
369.667	0.0456024
369.733	0.0470445
369.8	0.0529161
369.867	0.0375572
369.933	0.0336973
370	0.0340094
370.067	0.0368492
370.133	0.0415517
370.2	0.0368022
370.267	0.0399659
370.333	0.0365553
370.4	0.0326209
370.467	0.0344536
370.533	0.0354084
370.6	0.0353797
370.667	0.0373913
370.733	0.0423329
370.8	0.0433491
370.867	0.0468446
370.933	0.0495629
371	0.0414564
371.067	0.0461301
371.133	0.0534869
371.2	0.0444816
371.267	0.0956539
371.333	0.0706706
371.4	0.0652523
371.467	0.0564011
371.533	0.0622179
371.6	0.0550505
371.667	0.0589692
371.733	0.0589353
371.8	0.067115
371.867	0.0562992
371.933	0.0556618
372	0.0605877
372.067	0.0624909
372.133	0.0559204
372.2	0.0569458
372.267	0.0561007
372.333	0.0612996
372.4	0.0596511
372.467	0.0507372
372.533	0.0637475
372.6	0.0560484
372.667	0.0741818
372.733	0.0621891
372.8	0.0600534
372.867	0.0542001
372.933	0.0721662
373	0.0788385
373.067	0.0780234
373.133	0.0698346
373.2	0.0688209
373.267	0.0563659
373.333	0.0572188
373.4	0.0462085
373.467	0.0427626
373.533	0.0474494
373.6	0.0325321
373.667	0.0175142
373.733	0.0263979
373.8	0.0114375
373.867	0.0132323
373.933	0.0270667
374	0.0249898
374.067	0.0207197
374.133	0.0289752
374.2	0.0250577
374.267	0.0286146
374.333	0.0353457
374.4	0.0289634
374.467	0.0298608
374.533	0.0305779
374.6	0.0591652
374.667	0.0461876
374.733	0.0421787
374.8	0.0397034
374.867	0.0495551
374.933	0.0401566
375	0.0409561
375.067	0.0417855
375.133	0.0372267
375.2	0.0325843
375.267	0.025929
375.333	0.0329867
375.4	0.0198798
375.467	0.022346
375.533	0.0196446
375.6	0.0284644
375.667	0.0266122
375.733	0.0273489
375.8	0.021395
375.867	0.0229586
375.933	0.0314505
376	0.0236888
376.067	0.025204
376.133	0.0211351
376.2	0.0172372
376.267	0.0645247
376.333	0.0502539
376.4	0.0311331
376.467	0.0312872
376.533	0.0375781
376.6	0.027072
376.667	0.0230526
376.733	0.0477198
376.8	0.0381973
376.867	0.032216
376.933	0.0325216
377	0.0283299
377.067	0.0289752
377.133	0.0310821
377.2	0.0331212
377.267	0.0315119
377.333	0.0346247
377.4	0.029661
377.467	0.033274
377.533	0.0379491
377.6	0.0222062
377.667	0.025703
377.733	0.035364
377.8	0.021796
377.867	0.0238495
377.933	0.0494101
378	0.0309058
378.067	0.0171144
378.133	0.0287257
378.2	0.0191848
378.267	0.0177062
378.333	0.0263823
378.4	0.0244921
378.467	0.0218836
378.533	0.0233074
378.6	0.0217621
378.667	0.0239383
378.733	0.025963
378.8	0.0221304
378.867	0.0180314
378.933	0.0219371
379	0.0193507
379.067	0.0273815
379.133	0.0210058
379.2	0.0216458
379.267	0.0179857
379.333	0.0141924
379.4	0.0205669
379.467	0.0174149
379.533	0.00966231
379.6	0.0387093
379.667	0.0202129
379.733	0.0261824
379.8	0.029162
379.867	0.0305192
379.933	0.0187042
380	0.0348376
380.067	0.0262778
380.133	0.0216928
380.2	0.0180497
380.267	0.0216719
380.333	0.0133786
380.4	0.0194605
380.467	0.0177637
380.533	0.0217738
380.6	0.0219528
380.667	0.0244477
380.733	0.0250538
380.8	0.0126288
380.867	0.0190725
380.933	0.0267363
381	0.0272366
381.067	0.0226477
381.133	0.019484
381.2	0.0128535
381.267	0.0694061
381.333	0.027857
381.4	0.0219737
381.467	0.0441943
381.533	0.0330663
381.6	0.0315785
381.667	0.0287009
381.733	0.0118281
381.8	0.0175233
381.867	0.0168885
381.933	0.0231323
382	0.0164652
382.067	0.0243733
382.133	0.0201528
382.2	0.0242962
382.267	0.0202089
382.333	0.030092
382.4	0.023566
