time_sec	Dynamic_density
0.0666667	0.0287583
0.133333	0.0276114
0.2	0.0263966
0.266667	0.0271987
0.333333	0.0217346
0.4	0.0255737
0.466667	0.0318633
0.533333	0.0304917
0.6	0.0327868
0.666667	0.0348781
0.733333	0.0279524
0.8	0.0321859
0.866667	0.028825
0.933333	0.0298216
1	0.0296244
1.06667	0.0215648
1.13333	0.0229429
1.2	0.0198889
1.26667	0.0318541
1.33333	0.0267637
1.4	0.0281718
1.46667	0.0232995
1.53333	0.0334647
1.6	0.0262294
1.66667	0.0299222
1.73333	0.0370896
1.8	0.0285846
1.86667	0.039305
1.93333	0.0358343
2	0.0331499
2.06667	0.0297772
2.13333	0.039096
2.2	0.032229
2.26667	0.0293435
2.33333	0.0403487
2.4	0.0405041
2.46667	0.0331251
2.53333	0.0372529
2.6	0.0395597
2.66667	0.0414446
2.73333	0.0387433
2.8	0.0346221
2.86667	0.0388373
2.93333	0.0653764
3	0.0407823
3.06667	0.0366206
3.13333	0.0346364
3.2	0.0388021
3.26667	0.0370308
3.33333	0.0164509
3.4	0.0328456
3.46667	0.0304983
3.53333	0.0277643
3.6	0.0301861
3.66667	0.0344274
3.73333	0.0218731
3.8	0.0366076
3.86667	0.0300215
3.93333	0.024368
4	0.0275357
4.06667	0.026556
4.13333	0.0177388
4.2	0.01887
4.26667	0.0147462
4.33333	0.0123545
4.4	0.0137051
4.46667	0.0219345
4.53333	0.0163307
4.6	0.0475526
4.66667	0.0293292
4.73333	0.0221592
4.8	0.0292521
4.86667	0.016656
4.93333	0.028825
5	0.0264254
5.06667	0.0167369
5.13333	0.0252289
5.2	0.0436887
5.26667	0.024432
5.33333	0.0377257
5.4	0.0266984
5.46667	0.0340134
5.53333	0.0274273
5.6	0.0363398
5.66667	0.0295212
5.73333	0.0331943
5.8	0.0298765
5.86667	0.0393664
5.93333	0.0371066
6	0.0409717
6.06667	0.0352608
6.13333	0.0370804
6.2	0.0368989
6.26667	0.0733693
6.33333	0.0488445
6.4	0.0482998
6.46667	0.0375559
6.53333	0.0435255
6.6	0.0446906
6.66667	0.0431937
6.73333	0.0462229
6.8	0.0411246
6.86667	0.0501912
6.93333	0.0466591
7	0.0309084
7.06667	0.031056
7.13333	0.0431375
7.2	0.0322682
7.26667	0.0353066
7.33333	0.0372542
7.4	0.0388439
7.46667	0.0387903
7.53333	0.0464149
7.6	0.0379347
7.66667	0.0404819
7.73333	0.0413362
7.8	0.0471189
7.86667	0.0434079
7.93333	0.0763253
8	0.0521532
8.06667	0.0436757
8.13333	0.0502147
8.2	0.0510181
8.26667	0.0437749
8.33333	0.0528168
8.4	0.0516164
8.46667	0.0421526
8.53333	0.0477525
8.6	0.0402376
8.66667	0.043195
8.73333	0.0496021
8.8	0.0440101
8.86667	0.0484578
8.93333	0.0456808
9	0.0496622
9.06667	0.0475578
9.13333	0.0488732
9.2	0.0455332
9.26667	0.0462607
9.33333	0.0506079
9.4	0.0527463
9.46667	0.0509959
9.53333	0.0526404
9.6	0.0750361
9.66667	0.0583853
9.73333	0.0544953
9.8	0.0449937
9.86667	0.0490065
9.93333	0.0443419
10	0.0486159
10.0667	0.0459198
10.1333	0.0420951
10.2	0.0376356
10.2667	0.0256429
10.3333	0.0365501
10.4	0.044287
10.4667	0.0487583
10.5333	0.0499404
10.6	0.045315
10.6667	0.0447468
10.7333	0.0464436
10.8	0.0393481
10.8667	0.0403696
10.9333	0.0562692
11	0.0476297
11.0667	0.0396093
11.1333	0.0411847
11.2	0.0418391
11.2667	0.077962
11.3333	0.0526143
11.4	0.0515393
11.4667	0.0491893
11.5333	0.0302305
11.6	0.0441694
11.6667	0.0486668
11.7333	0.0443379
11.8	0.0433622
11.8667	0.0456768
11.9333	0.0412421
12	0.042807
12.0667	0.0416549
12.1333	0.0337221
12.2	0.0434197
12.2667	0.0423629
12.3333	0.0286055
12.4	0.0370948
12.4667	0.0488523
12.5333	0.0240689
12.6	0.0306093
12.6667	0.0365632
12.7333	0.0253373
12.8	0.0245483
12.8667	0.0236143
12.9333	0.0577048
13	0.0326849
13.0667	0.021992
13.1333	0.0283038
13.2	0.0257226
13.2667	0.0188465
13.3333	0.022636
13.4	0.0282489
13.4667	0.0259277
13.5333	0.0243511
13.6	0.0252093
13.6667	0.0264672
13.7333	0.0244804
13.8	0.0263692
13.8667	0.0211246
13.9333	0.0173744
14	0.0182078
14.0667	0.0249154
14.1333	0.0268016
14.2	0.0219084
14.2667	0.0238259
14.3333	0.0209195
14.4	0.029209
14.4667	0.0177036
14.5333	0.0255711
14.6	0.0710807
14.6667	0.0483259
14.7333	0.0344679
14.8	0.0220899
14.8667	0.0315041
14.9333	0.0292704
15	0.0197936
15.0667	0.028535
15.1333	0.0303219
15.2	0.0246802
15.2667	0.0216876
15.3333	0.0289268
15.4	0.0247743
15.4667	0.0222545
15.5333	0.023391
15.6	0.0192188
15.6667	0.0196551
15.7333	0.023118
15.8	0.0232394
15.8667	0.0164979
15.9333	0.0201449
16	0.0153654
16.0667	0.017185
16.1333	0.0180327
16.2	0.0104787
16.2667	0.0413976
16.3333	0.0356867
16.4	0.0253569
16.4667	0.0342942
16.5333	0.0247181
16.6	0.0238416
16.6667	0.0292691
16.7333	0.0177414
16.8	0.0182039
16.8667	0.0174332
16.9333	0.0182692
17	0.021557
17.0667	0.0207719
17.1333	0.0217477
17.2	0.0188687
17.2667	0.0194213
17.3333	0.0235738
17.4	0.0218182
17.4667	0.0184129
17.5333	0.0228227
17.6	0.0191639
17.6667	0.019369
17.7333	0.0227705
17.8	0.0159911
17.8667	0.0168872
17.9333	0.0593219
18	0.0328678
18.0667	0.0202063
18.1333	0.0272757
18.2	0.0202364
18.2667	0.0149121
18.3333	0.0204441
18.4	0.0151538
18.4667	0.0160041
18.5333	0.0150467
18.6	0.0125073
18.6667	0.0120723
18.7333	0.0191444
18.8	0.0121716
18.8667	0.0164705
18.9333	0.0238142
19	0.0141832
19.0667	0.0153001
19.1333	0.0222245
19.2	0.0116818
19.2667	0.0138397
19.3333	0.022504
19.4	0.0145895
19.4667	0.014161
19.5333	0.0169394
19.6	0.0444516
19.6667	0.0318907
19.7333	0.0345476
19.8	0.0312389
19.8667	0.0285663
19.9333	0.0379674
20	0.0256521
20.0667	0.0242035
20.1333	0.024965
20.2	0.0255045
20.2667	0.0167683
20.3333	0.0177414
20.4	0.0201462
20.4667	0.0150127
20.5333	0.01913
20.6	0.0152635
20.6667	0.0187342
20.7333	0.0175129
20.8	0.00932007
20.8667	0.0164613
20.9333	0.012766
21	0.0208608
21.0667	0.0221135
21.1333	0.0250225
21.2	0.0233348
21.2667	0.0674807
21.3333	0.041314
21.4	0.0374592
21.4667	0.0241055
21.5333	0.0190359
21.6	0.0327933
21.6667	0.0269048
21.7333	0.0335431
21.8	0.0276741
21.8667	0.0258911
21.9333	0.0228711
22	0.0384664
22.0667	0.0272117
22.1333	0.0190882
22.2	0.0175873
22.2667	0.0212644
22.3333	0.0192893
22.4	0.0183475
22.4667	0.0188766
22.5333	0.0210345
22.6	0.020397
22.6667	0.0134844
22.7333	0.0119574
22.8	0.0160342
22.8667	0.0178499
22.9333	0.0547866
23	0.0350414
23.0667	0.0327763
23.1333	0.0398706
23.2	0.0277016
23.2667	0.0210854
23.3333	0.0261458
23.4	0.0182287
23.4667	0.0190124
23.5333	0.040734
23.6	0.0394421
23.6667	0.0303441
23.7333	0.0285232
23.8	0.0178381
23.8667	0.0189589
23.9333	0.0271099
24	0.0173496
24.0667	0.0128639
24.1333	0.0197648
24.2	0.0265168
24.2667	0.0181059
24.3333	0.0176409
24.4	0.0192436
24.4667	0.014434
24.5333	0.0158683
24.6	0.0501664
24.6667	0.0368283
24.7333	0.0273881
24.8	0.0258807
24.8667	0.0327554
24.9333	0.0270641
25	0.0218065
25.0667	0.0248971
25.1333	0.022973
25.2	0.0208908
25.2667	0.0161086
25.3333	0.0209026
25.4	0.0136307
25.4667	0.0197831
25.5333	0.0167226
25.6	0.019676
25.6667	0.0182848
25.7333	0.0165828
25.8	0.0167435
25.8667	0.0151864
25.9333	0.0225968
26	0.0178146
26.0667	0.0194317
26.1333	0.0207732
26.2	0.0165306
26.2667	0.0498111
26.3333	0.0332766
26.4	0.023886
26.4667	0.027085
26.5333	0.0275461
26.6	0.0250995
26.6667	0.0242204
26.7333	0.0259917
26.8	0.0241551
26.8667	0.0210658
26.9333	0.0253725
27	0.0255489
27.0667	0.0250512
27.1333	0.0281731
27.2	0.0218026
27.2667	0.0263705
27.3333	0.0324171
27.4	0.02694
27.4667	0.0292155
27.5333	0.0355169
27.6	0.0314218
27.6667	0.0330062
27.7333	0.0373103
27.8	0.0373952
27.8667	0.0352021
27.9333	0.0868419
28	0.0584572
28.0667	0.0468747
28.1333	0.0623668
28.2	0.0495355
28.2667	0.0499796
28.3333	0.0546024
28.4	0.0580744
28.4667	0.0540969
28.5333	0.0632171
28.6	0.0605942
28.6667	0.0683167
28.7333	0.0702656
28.8	0.0675251
28.8667	0.0702395
28.9333	0.0690639
29	0.0726077
29.0667	0.0719063
29.1333	0.0807587
29.2	0.0762104
29.2667	0.0791324
29.3333	0.0804674
29.4	0.0799227
29.4667	0.0820676
29.5333	0.0825626
29.6	0.105865
29.6667	0.0937859
29.7333	0.090182
29.8	0.093539
29.8667	0.0884826
29.9333	0.086919
30	0.0898136
30.0667	0.0866917
30.1333	0.0820819
30.2	0.0826489
30.2667	0.0853672
30.3333	0.0839917
30.4	0.0838362
30.4667	0.0834352
30.5333	0.0809338
30.6	0.0888797
30.6667	0.0856127
30.7333	0.0830433
30.8	0.0845351
30.8667	0.0832314
30.9333	0.0819788
31	0.0857329
31.0667	0.086322
31.1333	0.0790397
31.2	0.0842895
31.2667	0.105682
31.3333	0.101369
31.4	0.0855304
31.4667	0.0858439
31.5333	0.0887059
31.6	0.081485
31.6667	0.0788268
31.7333	0.0822766
31.8	0.0848081
31.8667	0.0845625
31.9333	0.0817998
32	0.0850798
32.0667	0.0661536
32.1333	0.0858492
32.2	0.0804152
32.2667	0.0708103
32.3333	0.0705818
32.4	0.085068
32.4667	0.0748336
32.5333	0.0501116
32.6	0.0817162
32.6667	0.0813282
32.7333	0.070378
32.8	0.0811898
32.8667	0.0820049
32.9333	0.070826
33	0.0933274
33.0667	0.0492481
33.1333	0.0361713
33.2	0.0093462
33.2667	0.0212513
33.3333	0.0400992
33.4	0.0193716
33.4667	0.0152165
33.5333	0.0246946
33.6	0.0251701
33.6667	0.0271386
33.7333	0.0267428
33.8	0.0227261
33.8667	0.0272823
33.9333	0.0271765
34	0.0300737
34.0667	0.0258284
34.1333	0.0321964
34.2	0.0286355
34.2667	0.0352974
34.3333	0.0359806
34.4	0.0323009
34.4667	0.0378903
34.5333	0.035219
34.6	0.0780718
34.6667	0.0466082
34.7333	0.0423668
34.8	0.0404662
34.8667	0.0430265
34.9333	0.0395349
35	0.0471451
35.0667	0.0452941
35.1333	0.0523165
35.2	0.0458297
35.2667	0.0408659
35.3333	0.0371862
35.4	0.0387759
35.4667	0.0324602
35.5333	0.0313486
35.6	0.03556
35.6667	0.0319168
35.7333	0.0355652
35.8	0.0271673
35.8667	0.0289686
35.9333	0.037437
36	0.0324145
36.0667	0.0329096
36.1333	0.0335196
36.2	0.0372907
36.2667	0.0781854
36.3333	0.051137
36.4	0.0396015
36.4667	0.0413127
36.5333	0.0555116
36.6	0.035219
36.6667	0.0399176
36.7333	0.0446175
36.8	0.0426464
36.8667	0.0438546
36.9333	0.0458271
37	0.0433374
37.0667	0.0440689
37.1333	0.0444529
37.2	0.0487674
37.2667	0.0592644
37.3333	0.0534595
37.4	0.073317
37.4667	0.0787928
37.5333	0.0773246
37.6	0.092481
37.6667	0.0901898
37.7333	0.0774735
37.8	0.0953848
37.8667	0.08703
37.9333	0.0869255
38	0.0844005
38.0667	0.0770189
38.1333	0.0454574
38.2	0.0796798
38.2667	0.0492129
38.3333	0.0444137
38.4	0.0366141
38.4667	0.0250172
38.5333	0.0301077
38.6	0.0226947
38.6667	0.0331473
38.7333	0.0280151
38.8	0.0413166
38.8667	0.047375
38.9333	0.0447115
39	0.0309071
39.0667	0.049333
39.1333	0.0440584
39.2	0.0383449
39.2667	0.0316504
39.3333	0.0376225
39.4	0.0508365
39.4667	0.0402037
39.5333	0.028309
39.6	0.0708757
39.6667	0.0429781
39.7333	0.04279
39.8	0.0397086
39.8667	0.0321023
39.9333	0.0452967
40	0.0355364
40.0667	0.0311409
40.1333	0.0351537
40.2	0.0353039
40.2667	0.0391051
40.3333	0.040397
40.4	0.0351537
40.4667	0.0346247
40.5333	0.0425654
40.6	0.0346443
40.6667	0.0452602
40.7333	0.0407236
40.8	0.0390189
40.8667	0.0368949
40.9333	0.0406191
41	0.0372725
41.0667	0.0426464
41.1333	0.0422493
41.2	0.0408294
41.2667	0.0914255
41.3333	0.0524589
41.4	0.0469204
41.4667	0.0470184
41.5333	0.0291541
41.6	0.0454012
41.6667	0.0429729
41.7333	0.0419945
41.8	0.0494623
41.8667	0.0465403
41.9333	0.0294572
42	0.0535966
42.0667	0.04305
42.1333	0.032839
42.2	0.0360028
42.2667	0.0397948
42.3333	0.043306
42.4	0.0401553
42.4667	0.0410958
42.5333	0.0253477
42.6	0.0383854
42.6667	0.0367957
42.7333	0.0253686
42.8	0.0294271
42.8667	0.0257291
42.9333	0.0747226
43	0.0400848
43.0667	0.03617
43.1333	0.036844
43.2	0.0307673
43.2667	0.0341362
43.3333	0.032937
43.4	0.0300319
43.4667	0.0367565
43.5333	0.0387799
43.6	0.030557
43.6667	0.0344941
43.7333	0.0369994
43.8	0.0331316
43.8667	0.0314296
43.9333	0.0377048
44	0.0379517
44.0667	0.037424
44.1333	0.0363346
44.2	0.0364404
44.2667	0.0327868
44.3333	0.0324655
44.4	0.0332884
44.4667	0.0395714
44.5333	0.0371314
44.6	0.0801448
44.6667	0.0572332
44.7333	0.0472038
44.8	0.0417725
44.8667	0.0474364
44.9333	0.0428985
45	0.0376996
45.0667	0.0460766
45.1333	0.0443732
45.2	0.0470693
45.2667	0.0454509
45.3333	0.046825
45.4	0.0403095
45.4667	0.0401527
45.5333	0.0372542
45.6	0.0382025
45.6667	0.038243
45.7333	0.032502
45.8	0.0385735
45.8667	0.0405041
45.9333	0.0431271
46	0.0384141
46.0667	0.0407418
46.1333	0.0342903
46.2	0.0402977
46.2667	0.0923412
46.3333	0.0378746
46.4	0.052502
46.4667	0.0539167
46.5333	0.0530571
46.6	0.0528703
46.6667	0.0486094
46.7333	0.0459263
46.8	0.0471307
46.8667	0.0486512
46.9333	0.0371366
47	0.0433478
47.0667	0.0432224
47.1333	0.0472117
47.2	0.0477407
47.2667	0.0367931
47.3333	0.0359923
47.4	0.0485846
47.4667	0.0305792
47.5333	0.0426868
47.6	0.0679601
47.6667	0.0372764
47.7333	0.0163085
47.8	0.0253974
47.8667	0.0326431
47.9333	0.0647768
48	0.0567564
48.0667	0.0374749
48.1333	0.0205669
48.2	0.0469687
48.2667	0.0362392
48.3333	0.0236143
48.4	0.049303
48.4667	0.0330768
48.5333	0.021075
48.6	0.0278218
48.6667	0.0202416
48.7333	0.0196316
48.8	0.01974
48.8667	0.0223251
48.9333	0.0172307
49	0.0226177
49.0667	0.0163973
49.1333	0.0130168
49.2	0.0138671
49.2667	0.0130468
49.3333	0.0137247
49.4	0.0125609
49.4667	0.0154516
49.5333	0.00957871
49.6	0.0680267
49.6667	0.0294885
49.7333	0.0189654
49.8	0.0142211
49.8667	0.0202468
49.9333	0.0268251
50	0.0426046
50.0667	0.0176383
50.1333	0.0187316
50.2	0.0147841
50.2667	0.0166625
50.3333	0.0136281
50.4	0.0201188
50.4667	0.0180798
50.5333	0.0136803
50.6	0.0187616
50.6667	0.0114114
50.7333	0.0203944
50.8	0.0156149
50.8667	0.0103037
50.9333	0.0224047
51	0.0160773
51.0667	0.0131892
51.1333	0.0157925
51.2	0.00657826
51.2667	0.0731694
51.3333	0.0324733
51.4	0.0234929
51.4667	0.0261694
51.5333	0.01527
51.6	0.0205185
51.6667	0.0219515
51.7333	0.0270681
51.8	0.016349
51.8667	0.0150467
51.9333	0.0151512
52	0.0231754
52.0667	0.0101678
52.1333	0.0132388
52.2	0.0200875
52.2667	0.019855
52.3333	0.0224805
52.4	0.0106015
52.4667	0.0149056
52.5333	0.0151263
52.6	0.0163268
52.6667	0.0193063
52.7333	0.0251727
52.8	0.0195401
52.8667	0.0181594
52.9333	0.0644881
53	0.0310312
53.0667	0.0151368
53.1333	0.015756
53.2	0.0191483
53.2667	0.0171301
53.3333	0.0231689
53.4	0.0190751
53.4667	0.0198628
53.5333	0.0172634
53.6	0.0165606
53.6667	0.0237881
53.7333	0.0203618
53.8	0.0227431
53.8667	0.019979
53.9333	0.0198876
54	0.0207092
54.0667	0.024099
54.1333	0.0316073
54.2	0.0259042
54.2667	0.0261001
54.3333	0.0164587
54.4	0.026236
54.4667	0.0197113
54.5333	0.0132388
54.6	0.0623798
54.6667	0.0149709
54.7333	0.0214852
54.8	0.0196812
54.8667	0.0145372
54.9333	0.0225014
55	0.0234706
55.0667	0.0217764
55.1333	0.0311762
55.2	0.0290418
55.2667	0.0240219
55.3333	0.0174541
55.4	0.0152165
55.4667	0.0244686
55.5333	0.0102449
55.6	0.0178224
55.6667	0.0178629
55.7333	0.0182888
55.8	0.0173796
55.8667	0.0168532
55.9333	0.0248435
56	0.0159989
56.0667	0.0264188
56.1333	0.0238482
56.2	0.0120567
56.2667	0.0707006
56.3333	0.0313199
56.4	0.0291241
56.4667	0.0326679
56.5333	0.0220403
56.6	0.0252902
56.6667	0.0238782
56.7333	0.0282411
56.8	0.0144758
56.8667	0.0223734
56.9333	0.0227496
57	0.0235046
57.0667	0.0157625
57.1333	0.0223368
57.2	0.0229651
57.2667	0.0204976
57.3333	0.0243132
57.4	0.0224335
57.4667	0.0294572
57.5333	0.0294611
57.6	0.0226242
57.6667	0.023856
57.7333	0.0212239
57.8	0.0327698
57.8667	0.0203761
57.9333	0.0714556
58	0.0164078
58.0667	0.0174632
58.1333	0.0190137
58.2	0.0314427
58.2667	0.0214812
58.3333	0.0251949
58.4	0.0172412
58.4667	0.0212291
58.5333	0.0117353
58.6	0.0330324
58.6667	0.0302592
58.7333	0.0293631
58.8	0.0190999
58.8667	0.0196002
58.9333	0.0227535
59	0.0221657
59.0667	0.021169
59.1333	0.0219685
59.2	0.0208451
59.2667	0.0211991
59.3333	0.0203461
59.4	0.0180419
59.4667	0.022555
59.5333	0.0225524
59.6	0.0245039
59.6667	0.0192136
59.7333	0.0224204
59.8	0.0232969
59.8667	0.0203448
59.9333	0.020448
60	0.0183606
60.0667	0.0200287
60.1333	0.0209561
60.2	0.0134243
60.2667	0.0844907
60.3333	0.0337691
60.4	0.0251178
60.4667	0.0282398
60.5333	0.0207889
60.6	0.0260231
60.6667	0.0179191
60.7333	0.0214394
60.8	0.018166
60.8667	0.0149226
60.9333	0.0201462
61	0.017134
61.0667	0.0176931
61.1333	0.0160642
61.2	0.0183998
61.2667	0.0116556
61.3333	0.0138763
61.4	0.0110626
61.4667	0.0084266
61.5333	0.0110835
61.6	0.00804387
61.6667	0.00817711
61.7333	0.0129318
61.8	0.0116217
61.8667	0.00660961
61.9333	0.0622962
62	0.010723
62.0667	0.0201867
62.1333	0.0207981
62.2	0.00739989
62.2667	0.0150036
62.3333	0.0143308
62.4	0.0125426
62.4667	0.015193
62.5333	0.0117771
62.6	0.0128561
62.6667	0.0124459
62.7333	0.0150702
62.8	0.0156292
62.8667	0.0151851
62.9333	0.0170596
63	0.0121533
63.0667	0.013824
63.1333	0.0272627
63.2	0.0213454
63.2667	0.0114532
63.3333	0.0161818
63.4	0.00796158
63.4667	0.0145398
63.5333	0.0124472
63.6	0.0479288
63.6667	0.0103089
63.7333	0.024176
63.8	0.0154947
63.8667	0.0106289
63.9333	0.0124642
64	0.0145385
64.0667	0.0132218
64.1333	0.0232812
64.2	0.0124851
64.2667	0.0169668
64.3333	0.0211364
64.4	0.0113265
64.4667	0.0186506
64.5333	0.0198484
64.6	0.0139546
64.6667	0.0124995
64.7333	0.0168049
64.8	0.0176291
64.8667	0.0206557
64.9333	0.0158147
65	0.019578
65.0667	0.0198458
65.1333	0.0239409
65.2	0.0170818
65.2667	0.0654795
65.3333	0.0335523
65.4	0.0259094
65.4667	0.0188949
65.5333	0.0239814
65.6	0.0299196
65.6667	0.019292
65.7333	0.0249245
65.8	0.0163686
65.8667	0.0172686
65.9333	0.0213924
66	0.0257122
66.0667	0.0104291
66.1333	0.0240937
66.2	0.0197021
66.2667	0.0220494
66.3333	0.0200927
66.4	0.0107687
66.4667	0.0134609
66.5333	0.0165436
66.6	0.0123884
66.6667	0.0225563
66.7333	0.00854155
66.8	0.0108262
66.8667	0.012169
66.9333	0.0707842
67	0.0327698
67.0667	0.027217
67.1333	0.0239801
67.2	0.0168741
67.2667	0.0169486
67.3333	0.0451713
67.4	0.0270837
67.4667	0.0208451
67.5333	0.0169368
67.6	0.0200156
67.6667	0.0186179
67.7333	0.0204036
67.8	0.0200313
67.8667	0.0212422
67.9333	0.0240572
68	0.0161831
68.0667	0.0197923
68.1333	0.0121572
68.2	0.0197766
68.2667	0.0220272
68.3333	0.0189968
68.4	0.0129305
68.4667	0.0185944
68.5333	0.0168192
68.6	0.0210267
68.6667	0.0129619
68.7333	0.01463
68.8	0.0120893
68.8667	0.0196237
68.9333	0.011845
69	0.0779921
69.0667	0.0240859
69.1333	0.0281209
69.2	0.0247795
69.2667	0.0347462
69.3333	0.0187499
69.4	0.0154333
69.4667	0.0205042
69.5333	0.0157978
69.6	0.0225772
69.6667	0.022845
69.7333	0.0259094
69.8	0.0199686
69.8667	0.028629
69.9333	0.0254
70	0.0185866
70.0667	0.0203905
70.1333	0.0172934
70.2	0.0221422
70.2667	0.0273476
70.3333	0.0209901
70.4	0.0230004
70.4667	0.0156697
70.5333	0.0214956
70.6	0.0168245
70.6667	0.0734202
70.7333	0.0376696
70.8	0.0298895
70.8667	0.0299078
70.9333	0.0237541
71	0.0203761
71.0667	0.0291724
71.1333	0.0247677
71.2	0.0235425
71.2667	0.0199163
71.3333	0.015159
71.4	0.0237541
71.4667	0.0201907
71.5333	0.0190555
71.6	0.0187825
71.6667	0.0153693
71.7333	0.0126118
71.8	0.00986478
71.8667	0.012826
71.9333	0.0125635
72	0.0163986
72.0667	0.0199947
72.1333	0.016605
72.2	0.0222859
72.2667	0.0152648
72.3333	0.0617959
72.4	0.0336986
72.4667	0.0217542
72.5333	0.0219894
72.6	0.0260022
72.6667	0.028582
72.7333	0.0292207
72.8	0.0279054
72.8667	0.0269583
72.9333	0.0242557
73	0.0196303
73.0667	0.0176095
73.1333	0.021412
73.2	0.0254744
73.2667	0.0199399
73.3333	0.0178224
73.4	0.0148873
73.4667	0.0214747
73.5333	0.0218457
73.6	0.0221879
73.6667	0.0242583
73.7333	0.0159558
73.8	0.0202573
73.8667	0.0172856
73.9333	0.0163229
74	0.0630343
74.0667	0.0380288
74.1333	0.0256691
74.2	0.0221957
74.2667	0.017104
74.3333	0.0242818
74.4	0.0203278
74.4667	0.0222571
74.5333	0.0203892
74.6	0.02276
74.6667	0.0170949
74.7333	0.0227953
74.8	0.0188988
74.8667	0.0254143
74.9333	0.0182744
75	0.0151237
75.0667	0.0172464
75.1333	0.0177519
75.2	0.0144105
75.2667	0.0165319
75.3333	0.015432
75.4	0.0153811
75.4667	0.0217673
75.5333	0.0180798
75.6	0.0225249
75.6667	0.0686968
75.7333	0.0318228
75.8	0.0241434
75.8667	0.0171236
75.9333	0.0178355
76	0.0136242
76.0667	0.0158252
76.1333	0.0183149
76.2	0.0232512
76.2667	0.0266174
76.3333	0.0135406
76.4	0.0197191
76.4667	0.0266905
76.5333	0.0193481
76.6	0.0171994
76.6667	0.0228254
76.7333	0.0142094
76.8	0.0183854
76.8667	0.0254966
76.9333	0.0177388
77	0.0202351
77.0667	0.0193938
77.1333	0.0207719
77.2	0.0228868
77.2667	0.0233648
77.3333	0.0741452
77.4	0.0262242
77.4667	0.0348703
77.5333	0.0194579
77.6	0.016652
77.6667	0.0238939
77.7333	0.0164992
77.8	0.0162171
77.8667	0.0185565
77.9333	0.0164692
78	0.0203931
78.0667	0.0255541
78.1333	0.0144066
78.2	0.0163829
78.2667	0.0190921
78.3333	0.0188949
78.4	0.0176187
78.4667	0.0170661
78.5333	0.0197779
78.6	0.0172869
78.6667	0.0239579
78.7333	0.0131918
78.8	0.0198968
78.8667	0.0211285
78.9333	0.0179361
79	0.0850171
79.0667	0.0319952
79.1333	0.0364978
79.2	0.0255215
79.2667	0.0288289
79.3333	0.0112089
79.4	0.0326209
79.4667	0.0167474
79.5333	0.0188478
79.6	0.0153732
79.6667	0.0185082
79.7333	0.0220063
79.8	0.0168937
79.8667	0.0219031
79.9333	0.0099954
80	0.00724314
80.0667	0.0122617
80.1333	0.00695315
80.2	0.0123401
80.2667	0.0130638
80.3333	0.00749263
80.4	0.00723922
80.4667	0.0177519
80.5333	0.0173744
80.6	0.00948597
80.6667	0.0893852
80.7333	0.02482
80.8	0.0129998
80.8667	0.0145829
80.9333	0.0213271
81	0.0210528
81.0667	0.029691
81.1333	0.0131213
81.2	0.0161178
81.2667	0.020222
81.3333	0.0239892
81.4	0.0344784
81.4667	0.0253961
81.5333	0.0136908
81.6	0.0195062
81.6667	0.0166991
81.7333	0.0116713
81.8	0.0121507
81.8667	0.0169433
81.9333	0.0115302
82	0.0118307
82.0667	0.0100163
82.1333	0.0109816
82.2	0.0111135
82.2667	0.0149787
82.3333	0.0425628
82.4	0.0242426
82.4667	0.0255032
82.5333	0.0167552
82.6	0.0163738
82.6667	0.0173457
82.7333	0.0218718
82.8	0.014161
82.8667	0.0135784
82.9333	0.0139494
83	0.00972762
83.0667	0.0194552
83.1333	0.0135615
83.2	0.0126392
83.2667	0.0199359
83.3333	0.0202769
83.4	0.0114623
83.4667	0.0135079
83.5333	0.00954344
83.6	0.0130599
83.6667	0.0147162
83.7333	0.0146339
83.8	0.0144014
83.8667	0.00871659
83.9333	0.01228
84	0.0650903
84.0667	0.0270001
84.1333	0.0166011
84.2	0.0182796
84.2667	0.0214643
84.3333	0.0193024
84.4	0.0145124
84.4667	0.0228241
84.5333	0.0126562
84.6	0.00988045
84.6667	0.0175899
84.7333	0.0177676
84.8	0.0166599
84.8667	0.014114
84.9333	0.0103781
85	0.00889815
85.0667	0.0132467
85.1333	0.00908756
85.2	0.00943372
85.2667	0.00967015
85.3333	0.0138449
85.4	0.0111358
85.4667	0.0102331
85.5333	0.00968974
85.6	0.0118385
85.6667	0.0593742
85.7333	0.0169224
85.8	0.0199555
85.8667	0.0233975
85.9333	0.0135379
86	0.0142864
86.0667	0.0233074
86.1333	0.0143583
86.2	0.0210541
86.2667	0.0252902
86.3333	0.0160368
86.4	0.0208359
86.4667	0.0174345
86.5333	0.0119992
86.6	0.0163385
86.6667	0.0129318
86.7333	0.0119953
86.8	0.00992095
86.8667	0.0153771
86.9333	0.0139181
87	0.0146979
87.0667	0.0184298
87.1333	0.0121011
87.2	0.0117458
87.2667	0.0136294
87.3333	0.0416432
87.4	0.0266056
87.4667	0.0154673
87.5333	0.0154973
87.6	0.0107687
87.6667	0.0132702
87.7333	0.0109568
87.8	0.015398
87.8667	0.0145973
87.9333	0.0159088
88	0.0140278
88.0667	0.0177976
88.1333	0.0200235
88.2	0.0176957
88.2667	0.0236039
88.3333	0.010672
88.4	0.0175259
88.4667	0.0181568
88.5333	0.0115459
88.6	0.0118516
88.6667	0.0109529
88.7333	0.00876492
88.8	0.0116583
88.8667	0.0134805
88.9333	0.0157285
89	0.0710455
89.0667	0.0435751
89.1333	0.0229651
89.2	0.029256
89.2667	0.0174841
89.3333	0.0164195
89.4	0.0160499
89.4667	0.0169838
89.5333	0.0155496
89.6	0.015897
89.6667	0.0247482
89.7333	0.0154046
89.8	0.0145816
89.8667	0.0140696
89.9333	0.0146025
90	0.0183266
90.0667	0.0168441
90.1333	0.0199673
90.2	0.0143792
90.2667	0.0143622
90.3333	0.0139154
90.4	0.0141806
90.4667	0.0175481
90.5333	0.0153549
90.6	0.0157233
90.6667	0.0787615
90.7333	0.0289673
90.8	0.027473
90.8667	0.0236483
90.9333	0.0222689
91	0.0208085
91.0667	0.0248892
91.1333	0.0191666
91.2	0.0199895
91.2667	0.0250172
91.3333	0.0190216
91.4	0.0254104
91.4667	0.0192959
91.5333	0.0193664
91.6	0.0186859
91.6667	0.0211076
91.7333	0.0205368
91.8	0.0203814
91.8667	0.021864
91.9333	0.0231989
92	0.02061
92.0667	0.0206296
92.1333	0.0270916
92.2	0.0221735
92.2667	0.0173443
92.3333	0.0773755
92.4	0.0374044
92.4667	0.0309084
92.5333	0.0264097
92.6	0.0422675
92.6667	0.0276297
92.7333	0.0209104
92.8	0.0228789
92.8667	0.0357716
92.9333	0.0354894
93	0.0271085
93.0667	0.0289713
93.1333	0.0316778
93.2	0.0242191
93.2667	0.0262229
93.3333	0.018661
93.4	0.0179609
93.4667	0.0306171
93.5333	0.0201306
93.6	0.0236117
93.6667	0.0226386
93.7333	0.0227418
93.8	0.0236444
93.8667	0.0236013
93.9333	0.021685
94	0.082496
94.0667	0.0446253
94.1333	0.0379204
94.2	0.0375298
94.2667	0.034127
94.3333	0.0272196
94.4	0.0242466
94.4667	0.0185957
94.5333	0.0189341
94.6	0.0246737
94.6667	0.0301168
94.7333	0.0228881
94.8	0.0321794
94.8667	0.0295434
94.9333	0.0397831
95	0.0454705
95.0667	0.0342367
95.1333	0.0553614
95.2	0.0495799
95.2667	0.0477616
95.3333	0.0636299
95.4	0.0696765
95.4667	0.041361
95.5333	0.072545
95.6	0.0633856
95.6667	0.0700815
95.7333	0.0691174
95.8	0.0718775
95.8667	0.0541466
95.9333	0.0618861
96	0.0733105
96.0667	0.0673762
96.1333	0.0805967
96.2	0.0894361
96.2667	0.0861039
96.3333	0.103589
96.4	0.100615
96.4667	0.0979346
96.5333	0.105498
96.6	0.110173
96.6667	0.0985759
96.7333	0.101985
96.8	0.114269
96.8667	0.105396
96.9333	0.117608
97	0.116826
97.0667	0.114796
97.1333	0.115291
97.2	0.118379
97.2667	0.113168
97.3333	0.128573
97.4	0.121715
97.4667	0.107398
97.5333	0.117737
97.6	0.120145
97.6667	0.120888
97.7333	0.122425
97.8	0.120935
97.8667	0.124169
97.9333	0.0943737
98	0.132423
98.0667	0.10241
98.1333	0.146765
98.2	0.162013
98.2667	0.110468
98.3333	0.136987
98.4	0.116674
98.4667	0.0998286
98.5333	0.104826
98.6	0.0958589
98.6667	0.134119
98.7333	0.119045
98.8	0.143199
98.8667	0.147995
98.9333	0.150345
99	0.0506994
99.0667	0.0774539
99.1333	0.0996288
99.2	0.145914
99.2667	0.143389
99.3333	0.141387
99.4	0.125764
99.4667	0.145323
99.5333	0.141359
99.6	0.130838
99.6667	0.143312
99.7333	0.140228
99.8	0.143972
99.8667	0.149041
99.9333	0.135318
100	0.151416
100.067	0.148319
100.133	0.157038
100.2	0.167268
100.267	0.167654
100.333	0.148087
100.4	0.182056
100.467	0.185136
100.533	0.193805
100.6	0.202659
100.667	0.139285
100.733	0.177896
100.8	0.206267
100.867	0.180974
100.933	0.211355
101	0.211012
101.067	0.153067
101.133	0.190406
101.2	0.19807
101.267	0.201823
101.333	0.209738
101.4	0.190359
101.467	0.206842
101.533	0.207799
101.6	0.186976
101.667	0.168251
101.733	0.163298
101.8	0.170712
101.867	0.177062
101.933	0.138861
102	0.202652
102.067	0.183845
102.133	0.187362
102.2	0.167918
102.267	0.19375
102.333	0.198309
102.4	0.176905
102.467	0.19342
102.533	0.19151
102.6	0.200346
102.667	0.197702
102.733	0.20248
102.8	0.208107
102.867	0.204902
102.933	0.207624
103	0.208857
103.067	0.164813
103.133	0.163449
103.2	0.186186
103.267	0.201009
103.333	0.193423
103.4	0.201981
103.467	0.162629
103.533	0.202612
103.6	0.196806
103.667	0.170436
103.733	0.198616
103.8	0.171083
103.867	0.170292
103.933	0.161086
104	0.163661
104.067	0.142378
104.133	0.203653
104.2	0.17603
104.267	0.18285
104.333	0.187554
104.4	0.171741
104.467	0.202786
104.533	0.180112
104.6	0.196448
104.667	0.208224
104.733	0.200864
104.8	0.19725
104.867	0.209713
104.933	0.192432
105	0.1807
105.067	0.209134
105.133	0.199066
105.2	0.203606
105.267	0.214572
105.333	0.193285
105.4	0.198049
105.467	0.218159
105.533	0.196433
105.6	0.171143
105.667	0.179349
105.733	0.167461
105.8	0.151231
105.867	0.160457
105.933	0.18048
106	0.158271
106.067	0.211344
106.133	0.159463
106.2	0.201175
106.267	0.205281
106.333	0.139328
106.4	0.175916
106.467	0.20947
106.533	0.200377
106.6	0.184932
106.667	0.215431
106.733	0.196657
106.8	0.196406
106.867	0.212376
106.933	0.200398
107	0.198069
107.067	0.198768
107.133	0.206516
107.2	0.184758
107.267	0.222214
107.333	0.196582
107.4	0.191592
107.467	0.218245
107.533	0.19211
107.6	0.186072
107.667	0.213004
107.733	0.178032
107.8	0.180237
107.867	0.1927
107.933	0.188499
108	0.165013
108.067	0.201679
108.133	0.172839
108.2	0.152542
108.267	0.199815
108.333	0.153672
108.4	0.157652
108.467	0.198326
108.533	0.136388
108.6	0.153766
108.667	0.154052
108.733	0.146833
108.8	0.16655
108.867	0.199259
108.933	0.133492
109	0.146434
109.067	0.191299
109.133	0.145684
109.2	0.157992
109.267	0.192182
109.333	0.160926
109.4	0.178804
109.467	0.194097
109.533	0.150468
109.6	0.159209
109.667	0.188238
109.733	0.162658
109.8	0.17041
109.867	0.189348
109.933	0.159204
110	0.174488
110.067	0.190634
110.133	0.169324
110.2	0.180685
110.267	0.189019
110.333	0.18109
110.4	0.15967
110.467	0.186609
110.533	0.181064
110.6	0.177258
110.667	0.188911
110.733	0.177626
110.8	0.174543
110.867	0.189113
110.933	0.166514
111	0.171982
111.067	0.1877
111.133	0.16947
111.2	0.164007
111.267	0.178794
111.333	0.142325
111.4	0.156844
111.467	0.183468
111.533	0.143861
111.6	0.138129
111.667	0.142256
111.733	0.141194
111.8	0.126997
111.867	0.186408
111.933	0.117954
112	0.108681
112.067	0.193699
112.133	0.127576
112.2	0.121885
112.267	0.19232
112.333	0.124127
112.4	0.10645
112.467	0.130486
112.533	0.145065
112.6	0.149924
112.667	0.196491
112.733	0.129257
112.8	0.149658
112.867	0.203005
112.933	0.137739
113	0.159523
113.067	0.195881
113.133	0.144587
113.2	0.149612
113.267	0.206057
113.333	0.178445
113.4	0.144688
113.467	0.204902
113.533	0.167895
113.6	0.17099
113.667	0.181129
113.733	0.154361
113.8	0.163182
113.867	0.193842
113.933	0.151444
114	0.171359
114.067	0.185533
114.133	0.156315
114.2	0.149247
114.267	0.188029
114.333	0.167586
114.4	0.161271
114.467	0.184923
114.533	0.161559
114.6	0.165154
114.667	0.183439
114.733	0.15414
114.8	0.164805
114.867	0.178243
114.933	0.163334
115	0.164611
115.067	0.18157
115.133	0.172832
115.2	0.167646
115.267	0.174759
115.333	0.161102
115.4	0.167785
115.467	0.177226
115.533	0.170929
115.6	0.174137
115.667	0.177135
115.733	0.16434
115.8	0.16274
115.867	0.172685
115.933	0.156585
116	0.146577
116.067	0.164878
116.133	0.161203
116.2	0.138206
116.267	0.153952
116.333	0.147918
116.4	0.152136
116.467	0.166272
116.533	0.155639
116.6	0.15191
116.667	0.154789
116.733	0.157728
116.8	0.162001
116.867	0.164834
116.933	0.139767
117	0.12414
117.067	0.1326
117.133	0.140044
117.2	0.150278
117.267	0.172285
117.333	0.151532
117.4	0.133351
117.467	0.157588
117.533	0.130003
117.6	0.129686
117.667	0.160815
117.733	0.122509
117.8	0.13257
117.867	0.164186
117.933	0.15103
118	0.147394
118.067	0.164641
118.133	0.116354
118.2	0.13897
118.267	0.143477
118.333	0.139161
118.4	0.135639
118.467	0.165086
118.533	0.146638
118.6	0.141214
118.667	0.155456
118.733	0.139417
118.8	0.138474
118.867	0.148942
118.933	0.132051
119	0.113271
119.067	0.108978
119.133	0.0942836
119.2	0.0905869
119.267	0.101256
119.333	0.113427
119.4	0.108055
119.467	0.136208
119.533	0.12106
119.6	0.120354
119.667	0.129192
119.733	0.124348
119.8	0.123273
119.867	0.131229
119.933	0.121183
120	0.119744
120.067	0.137078
120.133	0.123895
120.2	0.123465
120.267	0.113232
120.333	0.123129
120.4	0.112242
120.467	0.121211
120.533	0.126091
120.6	0.109342
120.667	0.135863
120.733	0.118163
120.8	0.112588
120.867	0.127219
120.933	0.120623
121	0.120738
121.067	0.128305
121.133	0.117659
121.2	0.11184
121.267	0.12968
121.333	0.11475
121.4	0.114516
121.467	0.127124
121.533	0.100465
121.6	0.102079
121.667	0.123908
121.733	0.105879
121.8	0.0987862
121.867	0.124364
121.933	0.107716
122	0.100959
122.067	0.125022
122.133	0.0975244
122.2	0.0883284
122.267	0.125047
122.333	0.0993257
122.4	0.104013
122.467	0.071146
122.533	0.102506
122.6	0.106765
122.667	0.12218
122.733	0.0858296
122.8	0.0671947
122.867	0.113578
122.933	0.0717195
123	0.0768413
123.067	0.0678857
123.133	0.0642765
123.2	0.0832837
123.267	0.104246
123.333	0.0702552
123.4	0.068736
123.467	0.0945827
123.533	0.0723034
123.6	0.0741765
123.667	0.0882226
123.733	0.0769262
123.8	0.0679693
123.867	0.0851712
123.933	0.0744509
124	0.0709632
124.067	0.0810461
124.133	0.0691201
124.2	0.0649871
124.267	0.0764455
124.333	0.0600051
124.4	0.0623289
124.467	0.070489
124.533	0.0616065
124.6	0.0629193
124.667	0.0714778
124.733	0.0613544
124.8	0.0645573
124.867	0.0746638
124.933	0.0684199
125	0.0688954
125.067	0.0768948
125.133	0.0749159
125.2	0.0786152
125.267	0.0581019
125.333	0.0817737
125.4	0.0800756
125.467	0.0874506
125.533	0.084121
125.6	0.0867348
125.667	0.108131
125.733	0.0813727
125.8	0.0948688
125.867	0.1046
125.933	0.10135
126	0.102994
126.067	0.116294
126.133	0.106144
126.2	0.110898
126.267	0.129048
126.333	0.115939
126.4	0.115582
126.467	0.132938
126.533	0.128317
126.6	0.11518
126.667	0.130417
126.733	0.11721
126.8	0.123495
126.867	0.1401
126.933	0.127016
127	0.135794
127.067	0.137493
127.133	0.143354
127.2	0.137633
127.267	0.144639
127.333	0.141406
127.4	0.134654
127.467	0.149394
127.533	0.141362
127.6	0.130873
127.667	0.140808
127.733	0.126978
127.8	0.120646
127.867	0.125161
127.933	0.130194
128	0.122644
128.067	0.125715
128.133	0.127291
128.2	0.121158
128.267	0.120571
128.333	0.105618
128.4	0.118338
128.467	0.116679
128.533	0.112771
128.6	0.100273
128.667	0.114857
128.733	0.0973167
128.8	0.0887673
128.867	0.104075
128.933	0.089939
129	0.0907802
129.067	0.0902068
129.133	0.0800703
129.2	0.0854194
129.267	0.0923073
129.333	0.0749054
129.4	0.0791808
129.467	0.0903884
129.533	0.0709984
129.6	0.0676571
129.667	0.0828827
129.733	0.0743464
129.8	0.0718945
129.867	0.0748244
129.933	0.0719742
130	0.0683272
130.067	0.0674063
130.133	0.0667793
130.2	0.0616679
130.267	0.0623707
130.333	0.056763
130.4	0.0480176
130.467	0.0444594
130.533	0.0388256
130.6	0.0350819
130.667	0.0417921
130.733	0.0313565
130.8	0.0315851
130.867	0.0293344
130.933	0.023327
131	0.0222859
131.067	0.0204728
131.133	0.0201946
131.2	0.0134243
131.267	0.0186375
131.333	0.0145137
131.4	0.0184625
131.467	0.0204519
131.533	0.0114257
131.6	0.0191483
131.667	0.0181817
131.733	0.0148677
131.8	0.0162184
131.867	0.0253516
131.933	0.0186349
132	0.0301547
132.067	0.0263496
132.133	0.0308771
132.2	0.0379922
132.267	0.0207654
132.333	0.0368414
132.4	0.023758
132.467	0.0300698
132.533	0.0455279
132.6	0.0263104
132.667	0.021719
132.733	0.0313734
132.8	0.024163
132.867	0.0348859
132.933	0.028198
133	0.0196394
133.067	0.0307229
133.133	0.0300476
133.2	0.0191535
133.267	0.0291215
133.333	0.0319913
133.4	0.0221931
133.467	0.0253882
133.533	0.0308261
133.6	0.0286538
133.667	0.0274207
133.733	0.0409613
133.8	0.0407823
133.867	0.0427809
133.933	0.045204
134	0.0680346
134.067	0.0506497
134.133	0.0377336
134.2	0.0563541
134.267	0.0685336
134.333	0.0565135
134.4	0.0681926
134.467	0.0688092
134.533	0.0788255
134.6	0.0706719
134.667	0.0727371
134.733	0.0636808
134.8	0.0705661
134.867	0.0958015
134.933	0.0796118
135	0.0832406
135.067	0.110778
135.133	0.0930401
135.2	0.0825561
135.267	0.105506
135.333	0.0907293
135.4	0.0849583
135.467	0.119771
135.533	0.0934385
135.6	0.110591
135.667	0.123306
135.733	0.0989443
135.8	0.0941399
135.867	0.101168
135.933	0.10318
136	0.104224
136.067	0.111288
136.133	0.095292
136.2	0.0960431
136.267	0.0927945
136.333	0.0904511
136.4	0.0827769
136.467	0.0923451
136.533	0.0782494
136.6	0.0760889
136.667	0.0864931
136.733	0.0748623
136.8	0.0735273
136.867	0.0802676
136.933	0.06456
137	0.0607535
137.067	0.0654913
137.133	0.058627
137.2	0.0554319
137.267	0.0541753
137.333	0.0573965
137.4	0.0401357
137.467	0.0484827
137.533	0.0489425
137.6	0.0501547
137.667	0.0342328
137.733	0.0307922
137.8	0.0345202
137.867	0.0378315
137.933	0.0336568
138	0.0325373
138.067	0.0371601
138.133	0.0250969
138.2	0.018294
138.267	0.0198275
138.333	0.0184351
138.4	0.0168623
138.467	0.0134596
138.533	0.0165554
138.6	0.0207576
138.667	0.0272757
138.733	0.0169668
138.8	0.0182483
138.867	0.0135379
138.933	0.020478
139	0.0474964
139.067	0.0320279
139.133	0.0241225
139.2	0.0214982
139.267	0.0268408
139.333	0.0231219
139.4	0.020047
139.467	0.023839
139.533	0.0193756
139.6	0.0194722
139.667	0.0164966
139.733	0.0201606
139.8	0.0195192
139.867	0.0211612
139.933	0.0145986
140	0.0227966
140.067	0.0174567
140.133	0.0240637
140.2	0.022474
140.267	0.0212095
140.333	0.0272052
140.4	0.0214891
140.467	0.0308771
140.533	0.0300162
140.6	0.0344666
140.667	0.0612303
140.733	0.0407784
140.8	0.0372764
140.867	0.0477133
140.933	0.0344497
141	0.0502788
141.067	0.06369
141.133	0.0508313
141.2	0.0550361
141.267	0.0555795
141.333	0.039241
141.4	0.052033
141.467	0.0728233
141.533	0.0659798
141.6	0.0638807
141.667	0.0786165
141.733	0.0591312
141.8	0.0690169
141.867	0.0860699
141.933	0.0583736
142	0.06996
142.067	0.08166
142.133	0.0715249
142.2	0.0614877
142.267	0.0826907
142.333	0.0708926
142.4	0.0647049
142.467	0.0856206
142.533	0.0654939
142.6	0.0712701
142.667	0.0869412
142.733	0.0734228
142.8	0.0600077
142.867	0.107257
142.933	0.0811767
143	0.0771391
143.067	0.100113
143.133	0.0833425
143.2	0.0825013
143.267	0.0997672
143.333	0.0831113
143.4	0.0799306
143.467	0.0965878
143.533	0.0839133
143.6	0.088638
143.667	0.0921701
143.733	0.0809782
143.8	0.082496
143.867	0.0882605
143.933	0.0769288
144	0.0910284
144.067	0.0864265
144.133	0.0674886
144.2	0.0445783
144.267	0.0876923
144.333	0.0631113
144.4	0.0626567
144.467	0.0799828
144.533	0.0657421
144.6	0.0540786
144.667	0.0520435
144.733	0.0421487
144.8	0.061745
144.867	0.0661784
144.933	0.0529487
145	0.0596498
145.067	0.0696739
145.133	0.0654626
145.2	0.0676558
145.267	0.0701298
145.333	0.0446789
145.4	0.0494232
145.467	0.0490979
145.533	0.0388112
145.6	0.0323871
145.667	0.0551288
145.733	0.0188165
145.8	0.0284553
145.867	0.0277029
145.933	0.0332636
146	0.0340499
146.067	0.0333681
146.133	0.0283939
146.2	0.0262412
146.267	0.0351589
146.333	0.0282554
146.4	0.0308065
146.467	0.0364378
146.533	0.0166481
146.6	0.0204872
146.667	0.0163516
146.733	0.0246332
146.8	0.026603
146.867	0.0255554
146.933	0.0249872
147	0.0258376
147.067	0.0191796
147.133	0.0166978
147.2	0.0174658
147.267	0.0139847
147.333	0.0481182
147.4	0.0226229
147.467	0.0251257
147.533	0.0210045
147.6	0.0125857
147.667	0.0259172
147.733	0.0252406
147.8	0.0194722
147.867	0.0152609
147.933	0.0189223
148	0.0229455
148.067	0.0219084
148.133	0.0198628
148.2	0.0194579
148.267	0.017492
148.333	0.0133263
148.4	0.0144876
148.467	0.0103781
148.533	0.0170674
148.6	0.0171758
148.667	0.0158787
148.733	0.0164117
148.8	0.0180393
148.867	0.0145255
148.933	0.0128404
149	0.0487805
149.067	0.027213
149.133	0.0268068
149.2	0.0197844
149.267	0.0277212
149.333	0.0276519
149.4	0.0194827
149.467	0.0187264
149.533	0.0175429
149.6	0.0155443
149.667	0.0165933
149.733	0.0209339
149.8	0.0154189
149.867	0.00955258
149.933	0.0136255
150	0.0364874
150.067	0.0259956
150.133	0.0143988
150.2	0.0219345
150.267	0.0202547
150.333	0.0161086
150.4	0.0232212
150.467	0.0221017
150.533	0.0139664
150.6	0.0129371
150.667	0.0338292
150.733	0.0157351
150.8	0.0222193
150.867	0.01942
150.933	0.0214969
151	0.0198994
151.067	0.0258898
151.133	0.0263326
151.2	0.0282215
151.267	0.0280464
151.333	0.0272784
151.4	0.0352974
151.467	0.0348886
151.533	0.0438181
151.6	0.0346965
151.667	0.0340395
151.733	0.0307334
151.8	0.0331917
151.867	0.0381764
151.933	0.0387276
152	0.0445064
152.067	0.0401553
152.133	0.0409443
152.2	0.0418404
152.267	0.0383684
152.333	0.0551733
152.4	0.0457395
152.467	0.0394474
152.533	0.0399398
152.6	0.0329605
152.667	0.0435895
152.733	0.0361439
152.8	0.0430866
152.867	0.0487465
152.933	0.046023
153	0.0441498
153.067	0.0426516
153.133	0.0412526
153.2	0.0472705
153.267	0.0455789
153.333	0.0567721
153.4	0.0483324
153.467	0.0563384
153.533	0.049751
153.6	0.047597
153.667	0.0555442
153.733	0.0533236
153.8	0.0511056
153.867	0.0548297
153.933	0.0459224
154	0.0713381
154.067	0.0605341
154.133	0.0531616
154.2	0.048356
154.267	0.0531669
154.333	0.0501076
154.4	0.0500946
154.467	0.0553849
154.533	0.0545175
154.6	0.0522838
154.667	0.0555312
154.733	0.0541257
154.8	0.0518528
154.867	0.0455671
154.933	0.0420102
155	0.0401305
155.067	0.043694
155.133	0.0390019
155.2	0.0355991
155.267	0.0381594
155.333	0.033406
155.4	0.0319443
155.467	0.0310782
155.533	0.0389614
155.6	0.0260583
155.667	0.0578249
155.733	0.0345189
155.8	0.0261889
155.867	0.0272261
155.933	0.0269531
156	0.0305178
156.067	0.0352595
156.133	0.0252602
156.2	0.0264763
156.267	0.0299653
156.333	0.0316164
156.4	0.0343373
156.467	0.0305244
156.533	0.0349251
156.6	0.0194396
156.667	0.0274847
156.733	0.0222793
156.8	0.0187473
156.867	0.0298177
156.933	0.0258559
157	0.0254444
157.067	0.0357128
157.133	0.0341061
157.2	0.038597
157.267	0.0204611
157.333	0.0490261
157.4	0.0213558
157.467	0.0218822
157.533	0.0271373
157.6	0.0176918
157.667	0.0283926
157.733	0.0279916
157.8	0.0259878
157.867	0.0260897
157.933	0.0223721
158	0.0322565
158.067	0.0264463
158.133	0.030898
158.2	0.0280673
158.267	0.0256246
158.333	0.0249519
158.4	0.0239736
158.467	0.0284122
158.533	0.0231924
158.6	0.0240715
158.667	0.0293448
158.733	0.0232721
158.8	0.0171523
158.867	0.0142995
158.933	0.0160041
159	0.0274181
159.067	0.0195467
159.133	0.0177676
159.2	0.0233583
159.267	0.0216132
159.333	0.0196917
159.4	0.0228175
159.467	0.0180915
159.533	0.0198928
159.6	0.0189092
159.667	0.0185931
159.733	0.019787
159.8	0.0234589
159.867	0.0223721
159.933	0.0198497
160	0.0259852
160.067	0.0234249
160.133	0.0236378
160.2	0.0279341
160.267	0.0262725
160.333	0.0303807
160.4	0.0304512
160.467	0.031039
160.533	0.0318084
160.6	0.0336959
160.667	0.058546
160.733	0.037936
160.8	0.0380105
160.867	0.0499274
160.933	0.047405
161	0.0423472
161.067	0.044044
161.133	0.037518
161.2	0.0393037
161.267	0.0429808
161.333	0.0341531
161.4	0.0325138
161.467	0.0381738
161.533	0.0247429
161.6	0.0285284
161.667	0.0179713
161.733	0.0110913
161.8	0.00897914
161.867	0.00717521
161.933	0.0189275
162	0.0228711
162.067	0.01228
162.133	0.0134883
162.2	0.025238
162.267	0.0141114
162.333	0.0299953
162.4	0.021024
162.467	0.0193194
162.533	0.0229847
162.6	0.0300371
162.667	0.0249585
162.733	0.0203187
162.8	0.0340512
162.867	0.0255828
162.933	0.0267532
163	0.0244686
163.067	0.0279054
163.133	0.0289477
163.2	0.0237737
163.267	0.0273097
163.333	0.0295499
163.4	0.0321271
163.467	0.0293984
163.533	0.0301064
163.6	0.028953
163.667	0.032553
163.733	0.0400639
163.8	0.0358447
163.867	0.0306929
163.933	0.0309202
164	0.0440884
164.067	0.0346116
164.133	0.0360642
164.2	0.0237946
164.267	0.030783
164.333	0.0414342
164.4	0.0349826
164.467	0.0316229
164.533	0.0320762
164.6	0.0199137
164.667	0.0264776
164.733	0.0339494
164.8	0.0261876
164.867	0.0236392
164.933	0.0181817
165	0.0177767
165.067	0.0162497
165.133	0.0163869
165.2	0.0208882
165.267	0.0193116
165.333	0.0136124
165.4	0.0160564
165.467	0.0181869
165.533	0.0128247
165.6	0.0109333
165.667	0.0489464
165.733	0.0223159
165.8	0.0188269
165.867	0.0168623
165.933	0.0196838
166	0.0232812
166.067	0.0255541
166.133	0.0221448
166.2	0.022521
166.267	0.0190908
166.333	0.0206139
166.4	0.0313565
166.467	0.0248814
166.533	0.0269636
166.6	0.0245405
166.667	0.0433387
166.733	0.0172464
166.8	0.0220129
166.867	0.0224034
166.933	0.021105
167	0.0199451
167.067	0.0209705
167.133	0.0198772
167.2	0.020303
167.267	0.0217934
167.333	0.028531
167.4	0.0222728
167.467	0.0252249
167.533	0.0240193
167.6	0.0287466
167.667	0.0284501
167.733	0.0210724
167.8	0.0232251
167.867	0.0257357
167.933	0.0271033
168	0.0254052
168.067	0.0274456
168.133	0.0245169
168.2	0.0346325
168.267	0.0325713
168.333	0.0304264
168.4	0.0364077
168.467	0.0365762
168.533	0.0246855
168.6	0.0272797
168.667	0.025818
168.733	0.0378877
168.8	0.0385722
168.867	0.0344915
168.933	0.026074
169	0.040235
169.067	0.0343112
169.133	0.037441
169.2	0.0395127
169.267	0.0421356
169.333	0.035462
169.4	0.0411611
169.467	0.0406191
169.533	0.0369994
169.6	0.0368192
169.667	0.0433478
169.733	0.0359505
169.8	0.0426215
169.867	0.0434902
169.933	0.044705
170	0.0429494
170.067	0.0432342
170.133	0.041971
170.2	0.0360328
170.267	0.044931
170.333	0.035769
170.4	0.0319364
170.467	0.0346443
170.533	0.0341531
170.6	0.0265194
170.667	0.0433282
170.733	0.0214264
170.8	0.0184037
170.867	0.0237606
170.933	0.0160381
171	0.0178956
171.067	0.0142694
171.133	0.0122918
171.2	0.0135628
171.267	0.0143308
171.333	0.0102736
171.4	0.0106694
171.467	0.0161753
171.533	0.0192789
171.6	0.0174528
171.667	0.0166351
171.733	0.0153366
171.8	0.023536
171.867	0.0148468
171.933	0.0145986
172	0.012186
172.067	0.0174253
172.133	0.0131722
172.2	0.0146796
172.267	0.0164443
172.333	0.0604191
172.4	0.0238325
172.467	0.0251805
172.533	0.0237855
172.6	0.0208229
172.667	0.0203357
172.733	0.0184847
172.8	0.017761
172.867	0.0200783
172.933	0.0195454
173	0.0196551
173.067	0.0261498
173.133	0.027153
173.2	0.0281065
173.267	0.0254274
173.333	0.0163568
173.4	0.0242048
173.467	0.0186976
173.533	0.0189654
173.6	0.0183423
173.667	0.0157821
173.733	0.0266736
173.8	0.0126157
173.867	0.0194579
173.933	0.00781789
174	0.0589601
174.067	0.02392
174.133	0.0214329
174.2	0.0241003
174.267	0.0191078
174.333	0.0182404
174.4	0.0163464
174.467	0.0132571
174.533	0.0144771
174.6	0.0197674
174.667	0.0135393
174.733	0.023165
174.8	0.0162837
174.867	0.0147044
174.933	0.0131617
175	0.0128117
175.067	0.0167252
175.133	0.0150506
175.2	0.0226529
175.267	0.0277499
175.333	0.0271712
175.4	0.0250159
175.467	0.0234733
175.533	0.0269309
175.6	0.0243027
175.667	0.0382665
175.733	0.0159179
175.8	0.0153001
175.867	0.0233074
175.933	0.0191574
176	0.0243942
176.067	0.0266892
176.133	0.0301874
176.2	0.032971
176.267	0.0385095
176.333	0.0438429
176.4	0.0413688
176.467	0.0475422
176.533	0.0466787
176.6	0.0486799
176.667	0.0548532
176.733	0.0525007
176.8	0.053756
176.867	0.0548976
176.933	0.0507359
177	0.0588425
177.067	0.0593128
177.133	0.0521663
177.2	0.0623406
177.267	0.0696543
177.333	0.0647572
177.4	0.0617685
177.467	0.0725437
177.533	0.0667714
177.6	0.0569236
177.667	0.0713773
177.733	0.0665441
177.8	0.0704825
177.867	0.0880868
177.933	0.0653881
178	0.0584728
178.067	0.0538409
178.133	0.0721506
178.2	0.0736867
178.267	0.0865728
178.333	0.0721989
178.4	0.076243
178.467	0.0848394
178.533	0.0753535
178.6	0.0732191
178.667	0.0856101
178.733	0.0706889
178.8	0.0740067
178.867	0.0848055
178.933	0.0744509
179	0.083174
179.067	0.0785982
179.133	0.0695955
179.2	0.067081
179.267	0.0698894
179.333	0.0689254
179.4	0.0625327
179.467	0.0574435
179.533	0.0529174
179.6	0.0514152
179.667	0.0512571
179.733	0.0492089
179.8	0.0449271
179.867	0.0494584
179.933	0.0485859
180	0.0449427
180.067	0.0443993
180.133	0.0424857
180.2	0.0360851
180.267	0.0374174
180.333	0.0357324
180.4	0.0316869
180.467	0.030689
180.533	0.0276689
180.6	0.025831
180.667	0.0657865
180.733	0.0394317
180.8	0.0407536
180.867	0.0446789
180.933	0.0379582
181	0.0399633
181.067	0.0402638
181.133	0.0371627
181.2	0.0381711
181.267	0.0357063
181.333	0.0388164
181.4	0.0486329
181.467	0.0511722
181.533	0.0427117
181.6	0.0490104
181.667	0.0430748
181.733	0.0335314
181.8	0.0339755
181.867	0.0365775
181.933	0.0384899
182	0.0376696
182.067	0.0358003
182.133	0.0372346
182.2	0.043276
182.267	0.0470001
182.333	0.0511788
182.4	0.0416915
182.467	0.0465742
182.533	0.0468159
182.6	0.045507
182.667	0.0411677
182.733	0.04279
182.8	0.0487949
182.867	0.0348677
182.933	0.0539219
183	0.0374736
183.067	0.0470393
183.133	0.0502004
183.2	0.0608189
183.267	0.0391352
183.333	0.0465063
183.4	0.0338775
183.467	0.0402246
183.533	0.0488367
183.6	0.0481835
183.667	0.040286
183.733	0.050459
183.8	0.0496217
183.867	0.047742
183.933	0.0516137
184	0.0616104
184.067	0.0417777
184.133	0.0453359
184.2	0.0432851
184.267	0.045942
184.333	0.0494663
184.4	0.0456063
184.467	0.0397582
184.533	0.0364038
184.6	0.0356671
184.667	0.0360224
184.733	0.0388478
184.8	0.0364325
184.867	0.0449649
184.933	0.0512088
185	0.0413976
185.067	0.0366415
185.133	0.0388922
185.2	0.0392802
185.267	0.0383436
185.333	0.0413218
185.4	0.0420847
185.467	0.044031
185.533	0.041941
185.6	0.0432903
185.667	0.0746011
185.733	0.0506001
185.8	0.046168
185.867	0.0490509
185.933	0.0467114
186	0.048292
186.067	0.0439421
186.133	0.0471189
186.2	0.0474194
186.267	0.0507033
186.333	0.045558
186.4	0.0457382
186.467	0.0423198
186.533	0.0448147
186.6	0.0474285
186.667	0.0457918
186.733	0.0486433
186.8	0.0440571
186.867	0.0383331
186.933	0.0413806
187	0.0425993
187.067	0.0390855
187.133	0.0459629
187.2	0.0372215
187.267	0.0269387
187.333	0.0689529
187.4	0.0457774
187.467	0.0343504
187.533	0.0374423
187.6	0.028002
187.667	0.02659
187.733	0.0191862
187.8	0.0287087
187.867	0.0235529
187.933	0.0270458
188	0.0199098
188.067	0.0287387
188.133	0.0274965
188.2	0.0167095
188.267	0.022683
188.333	0.0167278
188.4	0.0175377
188.467	0.0203265
188.533	0.0234968
188.6	0.0243458
188.667	0.0243667
188.733	0.0306811
188.8	0.0141179
188.867	0.0183162
188.933	0.0183136
189	0.0572724
189.067	0.0288223
189.133	0.0261903
189.2	0.0147358
189.267	0.0203918
189.333	0.018648
189.4	0.0188674
189.467	0.0251583
189.533	0.0258271
189.6	0.0277747
189.667	0.0306877
189.733	0.0300332
189.8	0.0157821
189.867	0.0172189
189.933	0.0195676
190	0.0200587
190.067	0.0249062
190.133	0.0200849
190.2	0.0179478
190.267	0.0227679
190.333	0.0200195
190.4	0.0201071
190.467	0.0189341
190.533	0.0211743
190.6	0.0154176
190.667	0.0476179
190.733	0.0208595
190.8	0.0219463
190.867	0.0311279
190.933	0.0329697
191	0.02061
191.067	0.0256651
191.133	0.0292325
191.2	0.028646
191.267	0.03141
191.333	0.0210619
191.4	0.0222062
191.467	0.0274678
191.533	0.0269309
191.6	0.0218418
191.667	0.0221971
191.733	0.0189693
191.8	0.0138305
191.867	0.0131696
191.933	0.0097655
192	0.0157964
192.067	0.0197949
192.133	0.0170204
192.2	0.0153941
192.267	0.0218548
192.333	0.0444268
192.4	0.0219724
192.467	0.0218744
192.533	0.0242048
192.6	0.0184716
192.667	0.0237672
192.733	0.0203696
192.8	0.0179504
192.867	0.0192737
192.933	0.0185618
193	0.0253895
193.067	0.020286
193.133	0.0231349
193.2	0.0279067
193.267	0.026381
193.333	0.0311292
193.4	0.0229547
193.467	0.0232721
193.533	0.0224531
193.6	0.0219293
193.667	0.025255
193.733	0.0238429
193.8	0.0196224
193.867	0.0241982
193.933	0.0252811
194	0.0464567
194.067	0.0277186
194.133	0.023549
194.2	0.0232042
194.267	0.0236823
194.333	0.0228214
194.4	0.0231963
194.467	0.025332
194.533	0.0268016
194.6	0.0276532
194.667	0.0232773
194.733	0.0226346
194.8	0.0204375
194.867	0.0296283
194.933	0.025157
195	0.0235085
195.067	0.0272548
195.133	0.0213793
195.2	0.0214865
195.267	0.0244974
195.333	0.0219867
195.4	0.0274521
195.467	0.0251518
195.533	0.0310364
195.6	0.0223381
195.667	0.0598836
195.733	0.043306
195.8	0.0239762
195.867	0.0289268
195.933	0.0359022
196	0.0334177
196.067	0.0335222
196.133	0.031538
196.2	0.0366833
196.267	0.0248997
196.333	0.0276611
196.4	0.0229351
196.467	0.0256534
196.533	0.0251505
196.6	0.038998
196.667	0.0273789
196.733	0.0247886
196.8	0.0291489
196.867	0.0317993
196.933	0.0286486
197	0.0319116
197.067	0.0367735
197.133	0.0464671
197.2	0.0573769
197.267	0.0417424
197.333	0.0661065
197.4	0.0546677
197.467	0.0472182
197.533	0.0498438
197.6	0.0535979
197.667	0.0497079
197.733	0.0497001
197.8	0.0640309
197.867	0.0585094
197.933	0.0555455
198	0.0546429
198.067	0.0644555
198.133	0.0569093
198.2	0.0629402
198.267	0.0656912
198.333	0.0645665
198.4	0.0569184
198.467	0.0571457
198.533	0.060973
198.6	0.0692363
198.667	0.0598235
198.733	0.0719076
198.8	0.0734372
198.867	0.0683637
198.933	0.0693852
199	0.0965917
199.067	0.0719794
199.133	0.0720278
199.2	0.071935
199.267	0.0692977
199.333	0.0725973
199.4	0.0788803
199.467	0.0743228
199.533	0.0630094
199.6	0.074639
199.667	0.0770006
199.733	0.0675682
199.8	0.073108
199.867	0.0778171
199.933	0.0793767
200	0.0939792
200.067	0.0688836
200.133	0.0850445
200.2	0.0803486
200.267	0.0726731
200.333	0.0712505
200.4	0.0783892
200.467	0.0917351
200.533	0.0827468
200.6	0.0786243
200.667	0.105401
200.733	0.0828343
200.8	0.084505
200.867	0.0919781
200.933	0.0901049
201	0.0875394
201.067	0.085631
201.133	0.0867387
201.2	0.0844058
201.267	0.0765395
201.333	0.0906418
201.4	0.0846265
201.467	0.0665572
201.533	0.0858283
201.6	0.0625392
201.667	0.0535666
201.733	0.0804909
201.8	0.0845037
201.867	0.0832902
201.933	0.0806712
202	0.0469687
202.067	0.0473475
202.133	0.0565017
202.2	0.0653933
202.267	0.0525764
202.333	0.0777557
202.4	0.0810631
202.467	0.0637057
202.533	0.065392
202.6	0.063383
202.667	0.0540329
202.733	0.0498268
202.8	0.0727305
202.867	0.0575467
202.933	0.0700984
203	0.0608776
203.067	0.0551119
203.133	0.0637279
203.2	0.0514988
203.267	0.047789
203.333	0.057821
203.4	0.070523
203.467	0.0667087
203.533	0.0563933
203.6	0.0562979
203.667	0.0460295
203.733	0.0523034
203.8	0.0491554
203.867	0.0555037
203.933	0.0592892
204	0.0876727
204.067	0.0564573
204.133	0.0597164
204.2	0.0570947
204.267	0.0583292
204.333	0.05475
204.4	0.0567029
204.467	0.063788
204.533	0.0553431
204.6	0.0572267
204.667	0.06549
204.733	0.0612983
204.8	0.0600638
204.867	0.0494728
204.933	0.0595361
205	0.0454678
205.067	0.0456324
205.133	0.0425601
205.2	0.0437749
205.267	0.0382221
205.333	0.0388778
205.4	0.0449806
205.467	0.0371784
205.533	0.0363333
205.6	0.0362105
205.667	0.0770542
205.733	0.0445757
205.8	0.0421565
205.867	0.053385
205.933	0.0484121
206	0.0530611
206.067	0.0493278
206.133	0.0448631
206.2	0.0414903
206.267	0.0465089
206.333	0.0407915
206.4	0.0466944
206.467	0.047904
206.533	0.0470131
206.6	0.0472456
206.667	0.0508039
206.733	0.0485401
206.8	0.0489189
206.867	0.0468015
206.933	0.0535849
207	0.0473724
207.067	0.0502552
207.133	0.0529226
207.2	0.0502827
207.267	0.0424021
207.333	0.0819461
207.4	0.0586779
207.467	0.0601474
207.533	0.0470589
207.6	0.0493709
207.667	0.0479994
207.733	0.0537299
207.8	0.0472234
207.867	0.047776
207.933	0.0473919
208	0.0476375
208.067	0.0512963
208.133	0.0488641
208.2	0.0487452
208.267	0.0403291
208.333	0.0384585
208.4	0.0451557
208.467	0.0528468
208.533	0.0385552
208.6	0.0398667
208.667	0.0566519
208.733	0.038691
208.8	0.039335
208.867	0.0315877
208.933	0.0268329
209	0.0738082
209.067	0.0430565
209.133	0.0285689
209.2	0.0380366
209.267	0.0287035
209.333	0.0272483
209.4	0.0257148
209.467	0.0293814
209.533	0.0375311
209.6	0.0289634
209.667	0.0254418
209.733	0.0304721
209.8	0.034754
209.867	0.0391365
209.933	0.0260871
210	0.0271804
210.067	0.0317914
210.133	0.0286042
210.2	0.0305309
210.267	0.0328521
210.333	0.0330689
210.4	0.0376029
210.467	0.0354306
210.533	0.038337
210.6	0.0341727
210.667	0.0953743
210.733	0.0468616
210.8	0.0361634
210.867	0.0482149
210.933	0.036123
211	0.0380262
211.067	0.032775
211.133	0.0314792
211.2	0.0445574
211.267	0.0352517
211.333	0.0474324
211.4	0.0422414
211.467	0.0329083
211.533	0.0347488
211.6	0.0349395
211.667	0.028002
211.733	0.0352347
211.8	0.0369341
211.867	0.0226464
211.933	0.0325778
212	0.0357637
212.067	0.0294219
212.133	0.0274573
212.2	0.0302475
212.267	0.0302357
212.333	0.078333
212.4	0.0400182
212.467	0.0353222
212.533	0.0274913
212.6	0.0324511
212.667	0.0330285
212.733	0.0284827
212.8	0.0324929
212.867	0.0290758
212.933	0.0242766
213	0.0366298
213.067	0.0301221
213.133	0.0349055
213.2	0.0386518
213.267	0.024931
213.333	0.046953
213.4	0.0363006
213.467	0.0255188
213.533	0.0270955
213.6	0.0315001
213.667	0.0351642
213.733	0.0360929
213.8	0.0389614
213.867	0.0285297
213.933	0.0261315
214	0.0784885
214.067	0.050877
214.133	0.0333211
214.2	0.0308431
214.267	0.0176996
214.333	0.0246084
214.4	0.0321951
214.467	0.0320697
214.533	0.0300463
214.6	0.0236601
214.667	0.020657
214.733	0.0211521
214.8	0.0194592
214.867	0.0147501
214.933	0.0152178
215	0.0171158
215.067	0.0125191
215.133	0.0132231
215.2	0.0176474
215.267	0.016575
215.333	0.0156279
215.4	0.0202756
215.467	0.0165423
215.533	0.0149017
215.6	0.0196642
215.667	0.0765408
215.733	0.0298621
215.8	0.0263457
215.867	0.0277146
215.933	0.0183319
216	0.0252249
216.067	0.0244712
216.133	0.0208738
216.2	0.026526
216.267	0.029917
216.333	0.0217791
216.4	0.0213506
216.467	0.0304656
216.533	0.0161962
216.6	0.0155117
216.667	0.0231702
216.733	0.0213428
216.8	0.0158931
216.867	0.0170478
216.933	0.0142851
217	0.0120527
217.067	0.0118751
217.133	0.0176539
217.2	0.012088
217.267	0.0141205
217.333	0.0584572
217.4	0.0258232
217.467	0.0185618
217.533	0.0120175
217.6	0.0150832
217.667	0.0164548
217.733	0.0101704
217.8	0.0136372
217.867	0.014788
217.933	0.00951209
218	0.0108654
218.067	0.0204375
218.133	0.013986
218.2	0.0136333
218.267	0.0120423
218.333	0.0148233
218.4	0.0123728
218.467	0.013969
218.533	0.0135027
218.6	0.0134988
218.667	0.0146822
218.733	0.0111227
218.8	0.0115838
218.867	0.0128966
218.933	0.0127764
219	0.0622688
219.067	0.035155
219.133	0.0201946
219.2	0.021058
219.267	0.0202194
219.333	0.0200235
219.4	0.0134713
219.467	0.0246776
219.533	0.014114
219.6	0.0146535
219.667	0.0142825
219.733	0.0181176
219.8	0.0184899
219.867	0.0153745
219.933	0.0166416
220	0.0207301
220.067	0.0270184
220.133	0.0251309
220.2	0.0216811
220.267	0.0210541
220.333	0.0153667
220.4	0.0222793
220.467	0.018661
220.533	0.0146927
220.6	0.0163255
220.667	0.0592657
220.733	0.0254601
220.8	0.0278805
220.867	0.0251818
220.933	0.0186245
221	0.0166481
221.067	0.023472
221.133	0.0203187
221.2	0.0242701
221.267	0.0270106
221.333	0.0171889
221.4	0.0232812
221.467	0.0210136
221.533	0.0245483
221.6	0.0212957
221.667	0.0213101
221.733	0.0176304
221.8	0.0210515
221.867	0.0241159
221.933	0.0248239
222	0.0206727
222.067	0.0218613
222.133	0.0216524
222.2	0.0231519
222.267	0.0237672
222.333	0.0702774
222.4	0.0400744
222.467	0.0249741
222.533	0.0265299
222.6	0.0253438
222.667	0.0301012
222.733	0.0248788
222.8	0.0248304
222.867	0.0311736
222.933	0.0284827
223	0.0224361
223.067	0.0271334
223.133	0.0249637
223.2	0.0294755
223.267	0.0237828
223.333	0.0226516
223.4	0.0344353
223.467	0.0216367
223.533	0.0211808
223.6	0.0276937
223.667	0.0253621
223.733	0.0233753
223.8	0.0212135
223.867	0.0255502
223.933	0.0200104
224	0.0485819
224.067	0.0279811
224.133	0.0205172
224.2	0.0226843
224.267	0.0254143
224.333	0.0197217
224.4	0.0188008
224.467	0.0213833
224.533	0.0184769
224.6	0.0169211
224.667	0.0200901
224.733	0.0134609
224.8	0.0136372
224.867	0.0152361
224.933	0.0128691
225	0.0127464
225.067	0.0180066
225.133	0.0115982
225.2	0.0172137
225.267	0.0134648
225.333	0.0111475
225.4	0.0151603
225.467	0.0127019
225.533	0.0157115
225.6	0.0110469
225.667	0.0752189
225.733	0.0275344
225.8	0.0185187
225.867	0.0123884
225.933	0.0099523
226	0.0125713
226.067	0.014724
226.133	0.0121416
226.2	0.0129671
226.267	0.0199568
226.333	0.014886
226.4	0.0220351
226.467	0.0120331
226.533	0.00908495
226.6	0.0126941
226.667	0.0178133
226.733	0.0144144
226.8	0.0167722
226.867	0.0216824
226.933	0.017893
227	0.0182875
227.067	0.0173496
227.133	0.0196669
227.2	0.0187486
227.267	0.0149631
227.333	0.0782716
227.4	0.0220259
227.467	0.0311697
227.533	0.0276062
227.6	0.0150271
227.667	0.0226751
227.733	0.0214355
227.8	0.0206165
227.867	0.0234955
227.933	0.019228
228	0.023741
228.067	0.0338684
228.133	0.0182274
228.2	0.020077
228.267	0.0117405
228.333	0.0220468
228.4	0.0245509
228.467	0.0136385
228.533	0.0174462
228.6	0.014997
228.667	0.0153432
228.733	0.0260244
228.8	0.0137848
228.867	0.0219567
228.933	0.0292782
229	0.0916149
229.067	0.0236849
229.133	0.0262412
229.2	0.0340826
229.267	0.0224897
229.333	0.0184965
229.4	0.0235164
229.467	0.0217555
229.533	0.0147514
229.6	0.0168114
229.667	0.0157024
229.733	0.015257
229.8	0.0111384
229.867	0.00830904
229.933	0.0116726
230	0.0157089
230.067	0.0240428
230.133	0.020269
230.2	0.0235921
230.267	0.0181203
230.333	0.0259316
230.4	0.0127255
230.467	0.0210554
230.533	0.0192933
230.6	0.0171967
230.667	0.0795844
230.733	0.0371941
230.8	0.020883
230.867	0.0308771
230.933	0.0199255
231	0.0189171
231.067	0.0242753
231.133	0.0206975
231.2	0.0153001
231.267	0.0188674
231.333	0.0212056
231.4	0.0262856
231.467	0.0227169
231.533	0.0200561
231.6	0.0212709
231.667	0.0180001
231.733	0.0129018
231.8	0.0203944
231.867	0.0227992
231.933	0.0158696
232	0.0154307
232.067	0.015462
232.133	0.0118241
232.2	0.0125491
232.267	0.0129227
232.333	0.0654103
232.4	0.0320305
232.467	0.0287858
232.533	0.0235242
232.6	0.0310247
232.667	0.0142668
232.733	0.0207328
232.8	0.026748
232.867	0.0225863
232.933	0.0226555
233	0.0247181
233.067	0.0288785
233.133	0.0177571
233.2	0.0102697
233.267	0.0166063
233.333	0.0466905
233.4	0.0127059
233.467	0.014178
233.533	0.00784663
233.6	0.0169146
233.667	0.0192071
233.733	0.00735025
233.8	0.0156632
233.867	0.0119953
233.933	0.00946376
234	0.0629271
234.067	0.0349369
234.133	0.0141741
234.2	0.0177597
234.267	0.0340539
234.333	0.0260766
234.4	0.0339951
234.467	0.0230448
234.533	0.0170178
234.6	0.0254196
234.667	0.0237306
234.733	0.0229743
234.8	0.0168911
234.867	0.0136699
234.933	0.0229142
235	0.0176709
235.067	0.0168218
235.133	0.0220886
235.2	0.00976028
235.267	0.00628566
235.333	0.0210397
235.4	0.0197126
235.467	0.0116073
235.533	0.0163124
235.6	0.00613414
235.667	0.0758263
235.733	0.0376343
235.8	0.0252563
235.867	0.0166546
235.933	0.0264659
236	0.0363594
236.067	0.0136072
236.133	0.0187943
236.2	0.0140186
236.267	0.0119535
236.333	0.0154816
236.4	0.0250251
236.467	0.021318
236.533	0.0139468
236.6	0.0220547
236.667	0.0205081
236.733	0.0117497
236.8	0.0156371
236.867	0.0150676
236.933	0.0148377
237	0.0184416
237.067	0.017586
237.133	0.0174554
237.2	0.0268721
237.267	0.0243537
237.333	0.0773821
237.4	0.0232551
237.467	0.023677
237.533	0.0226059
237.6	0.0235072
237.667	0.0280294
237.733	0.0289268
237.8	0.0216589
237.867	0.0175547
237.933	0.0477512
238	0.0331251
238.067	0.0420834
238.133	0.0222793
238.2	0.0255815
238.267	0.0256469
238.333	0.0234197
238.4	0.0260844
238.467	0.0208555
238.533	0.0311893
238.6	0.0278035
238.667	0.0203422
238.733	0.0180941
238.8	0.0199856
238.867	0.0177101
238.933	0.0182208
239	0.0173208
239.067	0.0133812
239.133	0.0201267
239.2	0.0134125
239.267	0.0177284
239.333	0.0198301
239.4	0.0156149
239.467	0.0205564
239.533	0.0134857
239.6	0.0637135
239.667	0.0203722
239.733	0.0200705
239.8	0.0267781
239.867	0.0220703
239.933	0.0181033
240	0.0104839
240.067	0.0177428
240.133	0.0124237
240.2	0.0149435
240.267	0.0173065
240.333	0.0192632
240.4	0.0251831
240.467	0.0123675
240.533	0.0153118
240.6	0.00603878
240.667	0.0107138
240.733	0.0129671
240.8	0.01408
240.867	0.0134583
240.933	0.0147763
241	0.0156841
241.067	0.0120057
241.133	0.00832602
241.2	0.0120371
241.267	0.0466343
241.333	0.0245705
241.4	0.0268682
241.467	0.0150127
241.533	0.0225798
241.6	0.0282985
241.667	0.0227927
241.733	0.0158618
241.8	0.027793
241.867	0.0228541
241.933	0.0152308
242	0.0332309
242.067	0.0228724
242.133	0.022103
242.2	0.0225053
242.267	0.0187512
242.333	0.0238821
242.4	0.0131043
242.467	0.0217216
242.533	0.027328
242.6	0.0153536
242.667	0.0199477
242.733	0.0200444
242.8	0.015624
242.867	0.0166677
242.933	0.0606412
243	0.0364077
243.067	0.0198968
243.133	0.0266448
243.2	0.0322447
243.267	0.0209653
243.333	0.020128
243.4	0.0238847
243.467	0.0203592
243.533	0.0143961
243.6	0.022666
243.667	0.0251923
243.733	0.0155705
243.8	0.0228698
243.867	0.0192005
243.933	0.0205721
244	0.019676
244.067	0.0183698
244.133	0.0246881
244.2	0.0143661
244.267	0.0157011
244.333	0.0142342
244.4	0.0177297
244.467	0.0150245
244.533	0.0156658
244.6	0.06755
244.667	0.022103
244.733	0.025302
244.8	0.0182666
244.867	0.0205878
244.933	0.0280935
245	0.0212317
245.067	0.0192423
245.133	0.0290627
245.2	0.0200875
245.267	0.0159976
245.333	0.0218052
245.4	0.020047
245.467	0.0218457
245.533	0.0176801
245.6	0.0238064
245.667	0.0188583
245.733	0.0164195
245.8	0.0195206
245.867	0.0137195
245.933	0.0116125
246	0.0231519
246.067	0.0182574
246.133	0.0118398
246.2	0.0127411
246.267	0.0581646
246.333	0.0221108
246.4	0.0225014
246.467	0.0261276
246.533	0.0340356
246.6	0.0261628
246.667	0.0289099
246.733	0.03678
246.8	0.0318515
246.867	0.0287975
246.933	0.0341871
247	0.0265769
247.067	0.0340917
247.133	0.0270746
247.2	0.0196878
247.267	0.0275657
247.333	0.0299287
247.4	0.0239527
247.467	0.0273215
247.533	0.0311984
247.6	0.0205473
247.667	0.023178
247.733	0.0283299
247.8	0.0239135
247.867	0.0235595
247.933	0.0802493
248	0.028036
248.067	0.0294389
248.133	0.0302057
248.2	0.0322134
248.267	0.0319547
248.333	0.0270472
248.4	0.0359113
248.467	0.0356958
248.533	0.0329305
248.6	0.0258924
248.667	0.0339676
248.733	0.0282567
248.8	0.029661
248.867	0.0252302
248.933	0.0236601
249	0.0253673
249.067	0.0249493
249.133	0.0241956
249.2	0.0275932
249.267	0.0307282
249.333	0.0324851
249.4	0.0269923
249.467	0.0321742
249.533	0.0298569
249.6	0.0874245
249.667	0.0379295
249.733	0.0367212
249.8	0.040636
249.867	0.0377388
249.933	0.0374527
250	0.0384729
250.067	0.0343647
250.133	0.031252
250.2	0.0280085
250.267	0.0396759
250.333	0.0165031
250.4	0.0274064
250.467	0.0233492
250.533	0.0162249
250.6	0.015833
250.667	0.0190059
250.733	0.00919598
250.8	0.0177036
250.867	0.0151381
250.933	0.0173718
251	0.014788
251.067	0.023421
251.133	0.0160695
251.2	0.0127006
251.267	0.0558747
251.333	0.02601
251.4	0.0173417
251.467	0.024304
251.533	0.0110143
251.6	0.0207145
251.667	0.016976
251.733	0.0164966
251.8	0.0213023
251.867	0.0229403
251.933	0.0168414
252	0.0124943
252.067	0.021395
252.133	0.0180053
252.2	0.0245849
252.267	0.0178512
252.333	0.0257696
252.4	0.0169394
252.467	0.0136411
252.533	0.0245601
252.6	0.0152426
252.667	0.022278
252.733	0.0186597
252.8	0.0162824
252.867	0.0221317
252.933	0.0696321
253	0.0375964
253.067	0.0310234
253.133	0.0244007
253.2	0.0231741
253.267	0.0275148
253.333	0.0295708
253.4	0.0313356
253.467	0.0320697
253.533	0.0231219
253.6	0.0265743
253.667	0.0364992
253.733	0.0320435
253.8	0.0275318
253.867	0.0372359
253.933	0.0333184
254	0.0226085
254.067	0.0336568
254.133	0.039143
254.2	0.0173483
254.267	0.0262739
254.333	0.0307321
254.4	0.0154503
254.467	0.0265769
254.533	0.0209404
254.6	0.0683285
254.667	0.0231702
254.733	0.0202089
254.8	0.0217986
254.867	0.0206831
254.933	0.0227718
255	0.0197034
255.067	0.0233714
255.133	0.0208333
255.2	0.0250172
255.267	0.0191169
255.333	0.0170282
255.4	0.0253569
255.467	0.0183306
255.533	0.0214016
255.6	0.0181712
255.667	0.0208608
255.733	0.0160081
255.8	0.0246946
255.867	0.0140853
255.933	0.0223486
256	0.0218078
256.067	0.0129972
256.133	0.0190255
256.2	0.0129684
256.267	0.0979555
256.333	0.0459041
256.4	0.0389471
256.467	0.0217621
256.533	0.0196172
256.6	0.0279785
256.667	0.0205878
256.733	0.0152962
256.8	0.0284396
256.867	0.0131853
256.933	0.0139115
257	0.0290326
257.067	0.0204062
257.133	0.0184586
257.2	0.0275004
257.267	0.0147593
257.333	0.0169133
257.4	0.0198484
257.467	0.0171667
257.533	0.0148416
257.6	0.0186166
257.667	0.0187055
257.733	0.0140787
257.8	0.00723138
257.867	0.0098491
257.933	0.0719533
258	0.0348663
258.067	0.0223643
258.133	0.0415739
258.2	0.049414
258.267	0.040414
258.333	0.0356775
258.4	0.0273097
258.467	0.0257879
258.533	0.0227078
258.6	0.022201
258.667	0.0194004
258.733	0.0217843
258.8	0.0254979
258.867	0.0166364
258.933	0.0169198
259	0.0183854
259.067	0.0157769
259.133	0.0181046
259.2	0.0179713
259.267	0.0123022
259.333	0.0143883
259.4	0.014259
259.467	0.0159558
259.533	0.0137169
259.6	0.0746951
259.667	0.0254914
259.733	0.0194526
259.8	0.0245875
259.867	0.020546
259.933	0.0255828
260	0.0268329
260.067	0.0215217
260.133	0.0232603
260.2	0.0205068
260.267	0.0154451
260.333	0.018183
260.4	0.0179439
260.467	0.0176513
260.533	0.0150558
260.6	0.0258441
260.667	0.0140617
260.733	0.0177872
260.8	0.0165515
260.867	0.0211351
260.933	0.0196851
261	0.0205198
261.067	0.0152374
261.133	0.0144275
261.2	0.0133655
261.267	0.0781475
261.333	0.0240911
261.4	0.0302448
261.467	0.0196499
261.533	0.0194892
261.6	0.0221788
261.667	0.0162837
261.733	0.0198706
261.8	0.020674
261.867	0.0155744
261.933	0.015995
262	0.0153092
262.067	0.0186088
262.133	0.0133289
262.2	0.0165188
262.267	0.0149526
262.333	0.0122082
262.4	0.0172033
262.467	0.0119456
262.533	0.0142159
262.6	0.00956695
262.667	0.0158513
262.733	0.0138815
262.8	0.00990396
262.867	0.00739597
262.933	0.0658009
263	0.0304865
263.067	0.0232185
263.133	0.0219763
263.2	0.0310495
263.267	0.0196172
263.333	0.0254117
263.4	0.0243302
263.467	0.0245235
263.533	0.0202599
263.6	0.0276154
263.667	0.0174985
263.733	0.0158304
263.8	0.0104696
263.867	0.0155091
263.933	0.0173822
264	0.0141192
264.067	0.0142316
264.133	0.0127228
264.2	0.0158618
264.267	0.0104356
264.333	0.00997189
264.4	0.0115995
264.467	0.0103755
264.533	0.0101208
264.6	0.0686263
264.667	0.0361739
264.733	0.0176996
264.8	0.0206661
264.867	0.0345398
264.933	0.0172451
265	0.0270641
265.067	0.0233727
265.133	0.0220808
265.2	0.0170609
265.267	0.0139886
265.333	0.0167396
265.4	0.0159454
265.467	0.0158944
265.533	0.0142864
265.6	0.0106289
265.667	0.0196028
265.733	0.0267964
265.8	0.0183789
265.867	0.0196068
265.933	0.0147737
266	0.0133133
266.067	0.0156253
266.133	0.0194657
266.2	0.0114584
266.267	0.0594708
266.333	0.0388217
266.4	0.0297223
266.467	0.0310234
266.533	0.0283534
266.6	0.0175729
266.667	0.0457304
266.733	0.0154425
266.8	0.0132271
266.867	0.0112324
266.933	0.0105479
267	0.0199817
267.067	0.0171719
267.133	0.0226934
267.2	0.0242283
267.267	0.030672
267.333	0.0199268
267.4	0.0117823
267.467	0.0133995
267.533	0.0130337
267.6	0.00890599
267.667	0.00999018
267.733	0.0223029
267.8	0.019561
267.867	0.0136829
267.933	0.0670484
268	0.0255123
268.067	0.0232473
268.133	0.023067
268.2	0.0253373
268.267	0.0237032
268.333	0.0122774
268.4	0.0309607
268.467	0.0179504
268.533	0.0200718
268.6	0.0165919
268.667	0.0180967
268.733	0.0191705
268.8	0.0162301
268.867	0.0220403
268.933	0.0263979
269	0.0285193
269.067	0.0243615
269.133	0.0128652
269.2	0.0222598
269.267	0.0239775
269.333	0.0194422
269.4	0.0139481
269.467	0.0107491
269.533	0.0170478
269.6	0.072289
269.667	0.0254731
269.733	0.0305792
269.8	0.0218182
269.867	0.0285951
269.933	0.0168336
270	0.0136699
270.067	0.0249415
270.133	0.018341
270.2	0.0260518
270.267	0.0120384
270.333	0.0257618
270.4	0.0224661
270.467	0.023148
270.533	0.0243942
270.6	0.0218365
270.667	0.012425
270.733	0.0217595
270.8	0.0160329
270.867	0.0180602
270.933	0.0107674
271	0.016362
271.067	0.0136033
271.133	0.00831818
271.2	0.00602702
271.267	0.0511644
271.333	0.0468995
271.4	0.0271517
271.467	0.0272757
271.533	0.0216001
271.6	0.0198014
271.667	0.0307817
271.733	0.0253138
271.8	0.0208346
271.867	0.028953
271.933	0.0178264
272	0.0168427
272.067	0.0264045
272.133	0.0251557
272.2	0.0175782
272.267	0.0150519
272.333	0.0197465
272.4	0.0120906
272.467	0.024018
272.533	0.0187747
272.6	0.0125347
272.667	0.0161308
272.733	0.0154751
272.8	0.0212814
272.867	0.0190085
272.933	0.0764559
273	0.0438272
273.067	0.0527358
273.133	0.0273463
273.2	0.0344797
273.267	0.0333158
273.333	0.0345907
273.4	0.0401436
273.467	0.0427339
273.533	0.0342694
273.6	0.0392971
273.667	0.0333406
273.733	0.0269361
273.8	0.0385395
273.867	0.0268499
273.933	0.0243419
274	0.0318202
274.067	0.0343935
274.133	0.0232656
274.2	0.031845
274.267	0.0245196
274.333	0.0117275
274.4	0.0230722
274.467	0.023856
274.533	0.0157625
274.6	0.0563855
274.667	0.0250721
274.733	0.0349852
274.8	0.0184899
274.867	0.0278009
274.933	0.0276193
275	0.0320893
275.067	0.0300685
275.133	0.0287178
275.2	0.0241355
275.267	0.0276467
275.333	0.0288432
275.4	0.0353144
275.467	0.0380471
275.533	0.0231794
275.6	0.031683
275.667	0.0265312
275.733	0.0232538
275.8	0.0504394
275.867	0.0484683
275.933	0.0162131
276	0.0525895
276.067	0.0625
276.133	0.0525529
276.2	0.0581058
276.267	0.0904014
276.333	0.0670131
276.4	0.0660608
276.467	0.0775976
276.533	0.0471398
276.6	0.0474311
276.667	0.0553052
276.733	0.0658884
276.8	0.0483886
276.867	0.057983
276.933	0.0369759
277	0.0798443
277.067	0.0733732
277.133	0.0649074
277.2	0.0638271
277.267	0.0769471
277.333	0.0303154
277.4	0.0824085
277.467	0.0844306
277.533	0.0380392
277.6	0.0669948
277.667	0.0757075
277.733	0.0464083
277.8	0.0918383
277.867	0.0789639
277.933	0.0697222
278	0.0643131
278.067	0.0920656
278.133	0.0570085
278.2	0.0631427
278.267	0.0632237
278.333	0.0587001
278.4	0.063383
278.467	0.0627417
278.533	0.06311
278.6	0.0751379
278.667	0.0708443
278.733	0.0620755
278.8	0.0692664
278.867	0.0695942
278.933	0.0659341
279	0.0724249
279.067	0.074268
279.133	0.068932
279.2	0.0846775
279.267	0.0850197
279.333	0.05652
279.4	0.0798888
279.467	0.0879979
279.533	0.0672965
279.6	0.0992291
279.667	0.0932138
279.733	0.0668472
279.8	0.0839695
279.867	0.0797607
279.933	0.0849047
280	0.0867191
280.067	0.0875486
280.133	0.0719207
280.2	0.095279
280.267	0.0888013
280.333	0.125152
280.4	0.107865
280.467	0.155501
280.533	0.141943
280.6	0.147854
280.667	0.180199
280.733	0.154455
280.8	0.17266
280.867	0.166143
280.933	0.169665
281	0.163291
281.067	0.150899
281.133	0.149819
281.2	0.177183
281.267	0.194805
281.333	0.159037
281.4	0.190465
281.467	0.180792
281.533	0.148847
281.6	0.1881
281.667	0.157838
281.733	0.179762
281.8	0.1594
281.867	0.181641
281.933	0.176849
282	0.160175
282.067	0.170357
282.133	0.170039
282.2	0.171879
282.267	0.176052
282.333	0.167576
282.4	0.171391
282.467	0.18662
282.533	0.186578
282.6	0.176714
282.667	0.178073
282.733	0.188648
282.8	0.174993
282.867	0.167807
282.933	0.164615
283	0.17504
283.067	0.181269
283.133	0.18375
283.2	0.184535
283.267	0.191318
283.333	0.184536
283.4	0.192873
283.467	0.190962
283.533	0.190071
283.6	0.193929
283.667	0.182862
283.733	0.19241
283.8	0.199425
283.867	0.199261
283.933	0.202208
284	0.194178
284.067	0.191556
284.133	0.202447
284.2	0.191966
284.267	0.197032
284.333	0.212991
284.4	0.193554
284.467	0.148923
284.533	0.208882
284.6	0.164079
284.667	0.190691
284.733	0.208252
284.8	0.184481
284.867	0.192564
284.933	0.156247
285	0.173373
285.067	0.185656
285.133	0.149094
285.2	0.153336
285.267	0.199043
285.333	0.178065
285.4	0.164757
285.467	0.181785
285.533	0.177512
285.6	0.181414
285.667	0.189811
285.733	0.18163
285.8	0.192443
285.867	0.194283
285.933	0.214478
286	0.198778
286.067	0.195092
286.133	0.214146
286.2	0.191007
286.267	0.173191
286.333	0.206601
286.4	0.178254
286.467	0.17499
286.533	0.184584
286.6	0.206967
286.667	0.198935
286.733	0.172766
286.8	0.15885
286.867	0.21641
286.933	0.213826
287	0.220884
287.067	0.227849
287.133	0.229922
287.2	0.220607
287.267	0.224341
287.333	0.234388
287.4	0.209579
287.467	0.218066
287.533	0.238745
287.6	0.2239
287.667	0.23081
287.733	0.237917
287.8	0.235492
287.867	0.233867
287.933	0.220208
288	0.220689
288.067	0.219712
288.133	0.228579
288.2	0.221346
288.267	0.218952
288.333	0.225313
288.4	0.224863
288.467	0.221439
288.533	0.230297
288.6	0.224569
288.667	0.220265
288.733	0.227567
288.8	0.222066
288.867	0.163696
288.933	0.168929
289	0.15847
289.067	0.158368
289.133	0.165397
289.2	0.219285
289.267	0.201268
289.333	0.228728
289.4	0.215467
289.467	0.218067
289.533	0.226239
289.6	0.207637
289.667	0.215791
289.733	0.220498
289.8	0.219434
289.867	0.210107
289.933	0.220993
290	0.217557
290.067	0.216608
290.133	0.220727
290.2	0.210833
290.267	0.211254
290.333	0.221001
290.4	0.20489
290.467	0.207184
290.533	0.207364
290.6	0.203287
290.667	0.205851
290.733	0.211265
290.8	0.20546
290.867	0.201797
290.933	0.203805
291	0.189152
291.067	0.196649
291.133	0.193889
291.2	0.175823
291.267	0.158444
291.333	0.171871
291.4	0.180401
291.467	0.184822
291.533	0.197246
291.6	0.190443
291.667	0.188205
291.733	0.196735
291.8	0.188149
291.867	0.18616
291.933	0.199975
292	0.189828
292.067	0.187667
292.133	0.198971
292.2	0.165501
292.267	0.169099
292.333	0.203524
292.4	0.171774
292.467	0.164766
292.533	0.200829
292.6	0.171484
292.667	0.166417
292.733	0.198888
292.8	0.156859
292.867	0.139234
292.933	0.184861
293	0.155729
293.067	0.15673
293.133	0.155197
293.2	0.135399
293.267	0.156304
293.333	0.192986
293.4	0.172914
293.467	0.167181
293.533	0.188354
293.6	0.162732
293.667	0.16681
293.733	0.180593
293.8	0.161374
293.867	0.164586
293.933	0.184754
294	0.15948
294.067	0.172031
294.133	0.182909
294.2	0.169611
294.267	0.153636
294.333	0.173659
294.4	0.164963
294.467	0.164423
294.533	0.185128
294.6	0.162726
294.667	0.160971
294.733	0.177178
294.8	0.159421
294.867	0.151543
294.933	0.176808
295	0.150401
295.067	0.150964
295.133	0.178723
295.2	0.162946
295.267	0.16736
295.333	0.181132
295.4	0.161605
295.467	0.16149
295.533	0.180569
295.6	0.167883
295.667	0.129851
295.733	0.139046
295.8	0.0791481
295.867	0.103246
295.933	0.195471
296	0.145457
296.067	0.144647
296.133	0.196488
296.2	0.174993
296.267	0.173201
296.333	0.201208
296.4	0.167867
296.467	0.16808
296.533	0.205458
296.6	0.166505
296.667	0.177795
296.733	0.214598
296.8	0.176373
296.867	0.181028
296.933	0.212801
297	0.168234
297.067	0.16567
297.133	0.212662
297.2	0.169397
297.267	0.179284
297.333	0.204904
297.4	0.161613
297.467	0.17444
297.533	0.19797
297.6	0.174768
297.667	0.178465
297.733	0.204835
297.8	0.16556
297.867	0.181685
297.933	0.20392
298	0.14697
298.067	0.178308
298.133	0.187014
298.2	0.176697
298.267	0.176059
298.333	0.196132
298.4	0.174987
298.467	0.171634
298.533	0.191514
298.6	0.169158
298.667	0.166941
298.733	0.19215
298.8	0.169355
298.867	0.161896
298.933	0.178129
299	0.156142
299.067	0.150211
299.133	0.179156
299.2	0.153129
299.267	0.154947
299.333	0.184138
299.4	0.15771
299.467	0.153873
299.533	0.192785
299.6	0.120083
299.667	0.129219
299.733	0.178269
299.8	0.143554
299.867	0.139501
299.933	0.185508
300	0.128865
300.067	0.131687
300.133	0.185505
300.2	0.150825
300.267	0.151082
300.333	0.182274
300.4	0.150423
300.467	0.137288
300.533	0.190516
300.6	0.134338
300.667	0.141088
300.733	0.187129
300.8	0.143212
300.867	0.156076
300.933	0.18811
301	0.14614
301.067	0.140226
301.133	0.185123
301.2	0.151936
301.267	0.139963
301.333	0.166132
301.4	0.124088
301.467	0.122342
301.533	0.170858
301.6	0.152029
301.667	0.146041
301.733	0.181692
301.8	0.136549
301.867	0.128488
301.933	0.183077
302	0.151842
302.067	0.152443
302.133	0.173406
302.2	0.126052
302.267	0.147861
302.333	0.183541
302.4	0.146395
302.467	0.123439
302.533	0.176994
302.6	0.111395
302.667	0.111891
302.733	0.108971
302.8	0.135268
302.867	0.142007
302.933	0.108254
303	0.135432
303.067	0.123969
303.133	0.114324
303.2	0.140365
303.267	0.139245
303.333	0.168235
303.4	0.144588
303.467	0.136469
303.533	0.136716
303.6	0.150777
303.667	0.151762
303.733	0.179919
303.8	0.15733
303.867	0.157349
303.933	0.183085
304	0.165294
304.067	0.166305
304.133	0.190477
304.2	0.165093
304.267	0.170664
304.333	0.191493
304.4	0.173292
304.467	0.173156
304.533	0.199306
304.6	0.166074
304.667	0.129665
304.733	0.194643
304.8	0.170417
304.867	0.165072
304.933	0.194278
305	0.171569
305.067	0.161828
305.133	0.19464
305.2	0.161115
305.267	0.165761
305.333	0.183794
305.4	0.166091
305.467	0.164511
305.533	0.18596
305.6	0.154342
305.667	0.165129
305.733	0.17973
305.8	0.157873
305.867	0.152425
305.933	0.174695
306	0.146893
306.067	0.154178
306.133	0.178661
306.2	0.156001
306.267	0.160817
306.333	0.14775
306.4	0.145409
306.467	0.117662
306.533	0.128788
306.6	0.14689
306.667	0.13833
306.733	0.131288
306.8	0.152679
306.867	0.131291
306.933	0.126214
307	0.142551
307.067	0.150798
307.133	0.160318
307.2	0.135321
307.267	0.138448
307.333	0.14778
307.4	0.122958
307.467	0.128275
307.533	0.16273
307.6	0.12396
307.667	0.135075
307.733	0.0935743
307.8	0.120859
307.867	0.124378
307.933	0.15269
308	0.116782
308.067	0.125918
308.133	0.144747
308.2	0.132126
308.267	0.124935
308.333	0.14306
308.4	0.126178
308.467	0.119543
308.533	0.139132
308.6	0.110123
308.667	0.117463
308.733	0.13978
308.8	0.135136
308.867	0.131979
308.933	0.135859
309	0.125506
309.067	0.132879
309.133	0.136709
309.2	0.12982
309.267	0.125637
309.333	0.138942
309.4	0.126161
309.467	0.130139
309.533	0.141664
309.6	0.129445
309.667	0.124231
309.733	0.143627
309.8	0.126106
309.867	0.130024
309.933	0.148008
310	0.133723
310.067	0.140462
310.133	0.146432
310.2	0.12967
310.267	0.126921
310.333	0.14724
310.4	0.1246
310.467	0.130324
310.533	0.145056
310.6	0.122744
310.667	0.123304
310.733	0.141629
310.8	0.125977
310.867	0.121486
310.933	0.135321
311	0.118825
311.067	0.109534
311.133	0.134089
311.2	0.110478
311.267	0.118043
311.333	0.130122
311.4	0.11174
311.467	0.113744
311.533	0.129615
311.6	0.0872886
311.667	0.0981122
311.733	0.129663
311.8	0.112067
311.867	0.105921
311.933	0.121471
312	0.114933
312.067	0.110836
312.133	0.125952
312.2	0.115794
312.267	0.106366
312.333	0.121579
312.4	0.102476
312.467	0.107742
312.533	0.119433
312.6	0.110571
312.667	0.10464
312.733	0.119497
312.8	0.111665
312.867	0.114329
312.933	0.12293
313	0.10482
313.067	0.105167
313.133	0.115717
313.2	0.105035
313.267	0.0911473
313.333	0.122401
313.4	0.107278
313.467	0.114513
313.533	0.124773
313.6	0.117795
313.667	0.114792
313.733	0.129166
313.8	0.11865
313.867	0.117787
313.933	0.125479
314	0.116307
314.067	0.117053
314.133	0.12767
314.2	0.113275
314.267	0.108511
314.333	0.108914
314.4	0.11475
314.467	0.0841563
314.533	0.104946
314.6	0.0977948
314.667	0.096742
314.733	0.104338
314.8	0.11617
314.867	0.126261
314.933	0.114118
315	0.112183
315.067	0.121831
315.133	0.117993
315.2	0.126406
315.267	0.115314
315.333	0.117671
315.4	0.117584
315.467	0.0943045
315.533	0.137332
315.6	0.108863
315.667	0.110269
315.733	0.127069
315.8	0.113143
315.867	0.118366
315.933	0.120535
316	0.119011
316.067	0.115285
316.133	0.135515
316.2	0.118096
316.267	0.112154
316.333	0.138393
316.4	0.119072
316.467	0.110736
316.533	0.135463
316.6	0.119553
316.667	0.121725
316.733	0.131679
316.8	0.119373
316.867	0.113847
316.933	0.125346
317	0.106259
317.067	0.0968308
317.133	0.0958106
317.2	0.0940733
317.267	0.0996118
317.333	0.111523
317.4	0.101045
317.467	0.0934032
317.533	0.104045
317.6	0.0901088
317.667	0.085405
317.733	0.0889045
317.8	0.071261
317.867	0.0854821
317.933	0.0941386
318	0.0721741
318.067	0.0672286
318.133	0.0725228
318.2	0.0663025
318.267	0.0642856
318.333	0.071709
318.4	0.0598091
318.467	0.0537272
318.533	0.0586688
318.6	0.0500149
318.667	0.0464305
318.733	0.0488066
318.8	0.0351942
318.867	0.0359192
318.933	0.022555
319	0.0299326
319.067	0.0242871
319.133	0.0269061
319.2	0.0216341
319.267	0.0184272
319.333	0.0177179
319.4	0.0132532
319.467	0.0183959
319.533	0.0234302
319.6	0.0426686
319.667	0.022474
319.733	0.019403
319.8	0.0199908
319.867	0.0199621
319.933	0.0157886
320	0.010254
320.067	0.0240558
320.133	0.0271948
320.2	0.0225354
320.267	0.0251622
320.333	0.0221461
320.4	0.0217582
320.467	0.0205368
320.533	0.0188269
320.6	0.0228162
320.667	0.0402559
320.733	0.0405629
320.8	0.0324785
320.867	0.030476
320.933	0.0288067
321	0.0443001
321.067	0.0322774
321.133	0.0257618
321.2	0.0149173
321.267	0.0533759
321.333	0.0284919
321.4	0.0185095
321.467	0.0189262
321.533	0.0222441
321.6	0.0216785
321.667	0.0213611
321.733	0.0180484
321.8	0.0159806
321.867	0.025285
321.933	0.0187995
322	0.0192959
322.067	0.0154725
322.133	0.0155234
322.2	0.0501155
322.267	0.0243119
322.333	0.0164261
322.4	0.0180954
322.467	0.0126719
322.533	0.0100594
322.6	0.0170909
322.667	0.0291084
322.733	0.0167187
322.8	0.0170635
322.867	0.0114218
322.933	0.0217098
323	0.0178486
323.067	0.0148481
323.133	0.0158657
323.2	0.0175076
323.267	0.0160028
323.333	0.01733
323.4	0.0156972
323.467	0.0187433
323.533	0.0131017
323.6	0.0212265
323.667	0.0152165
323.733	0.0143361
323.8	0.0118516
323.867	0.0511526
323.933	0.0211429
324	0.0224661
324.067	0.0211455
324.133	0.0143125
324.2	0.0149683
324.267	0.0161726
324.333	0.0144406
324.4	0.0163503
324.467	0.0144706
324.533	0.0141231
324.6	0.013585
324.667	0.0175481
324.733	0.0233034
324.8	0.015351
324.867	0.0142603
324.933	0.0179204
325	0.0113905
325.067	0.0166586
325.133	0.0186023
325.2	0.0179178
325.267	0.0112899
325.333	0.0175703
325.4	0.0140905
325.467	0.00984388
325.533	0.0488824
325.6	0.0287988
325.667	0.0225798
325.733	0.0198824
325.8	0.0187812
325.867	0.0173261
325.933	0.016507
326	0.0103638
326.067	0.0124302
326.133	0.0162314
326.2	0.0162275
326.267	0.0232551
326.333	0.0111527
326.4	0.00981383
326.467	0.0221108
326.533	0.0170766
326.6	0.0149813
326.667	0.0199725
326.733	0.0231885
326.8	0.0240258
326.867	0.0169786
326.933	0.0160133
327	0.0131813
327.067	0.0117497
327.133	0.0113186
327.2	0.0512336
327.267	0.0161674
327.333	0.0173261
327.4	0.0158866
327.467	0.0161047
327.533	0.0114388
327.6	0.00973938
327.667	0.00973546
327.733	0.0119495
327.8	0.0145934
327.867	0.0143361
327.933	0.0277042
328	0.028019
328.067	0.027149
328.133	0.0232342
328.2	0.0252432
328.267	0.0271451
328.333	0.0245966
328.4	0.0265991
328.467	0.0317562
328.533	0.0310874
328.6	0.034865
328.667	0.0315707
328.733	0.0348546
328.8	0.0336293
328.867	0.0458166
328.933	0.0416771
329	0.03466
329.067	0.0421617
329.133	0.0379413
329.2	0.0370896
329.267	0.0449545
329.333	0.047776
329.4	0.0436365
329.467	0.0392031
329.533	0.0412539
329.6	0.04755
329.667	0.0453333
329.733	0.045511
329.8	0.0561151
329.867	0.0439826
329.933	0.0446123
330	0.0444189
330.067	0.0403892
330.133	0.0434262
330.2	0.0464488
330.267	0.0459512
330.333	0.0390855
330.4	0.0435842
330.467	0.0432629
330.533	0.051828
330.6	0.0391038
330.667	0.0480346
330.733	0.0456494
330.8	0.0413388
330.867	0.0463887
330.933	0.0466787
331	0.0422832
331.067	0.0428384
331.133	0.0409561
331.2	0.0345946
331.267	0.0449401
331.333	0.0382561
331.4	0.0349134
331.467	0.0421016
331.533	0.0379321
331.6	0.0370478
331.667	0.045089
331.733	0.0387694
331.8	0.0432289
331.867	0.042052
331.933	0.0441525
332	0.0403735
332.067	0.0425523
332.133	0.0351994
332.2	0.0596158
332.267	0.0454169
332.333	0.0455423
332.4	0.0465089
332.467	0.0432329
332.533	0.0467493
332.6	0.0444359
332.667	0.0470928
332.733	0.0421395
332.8	0.0414459
332.867	0.0504499
332.933	0.0426019
333	0.0498673
333.067	0.054609
333.133	0.0531264
333.2	0.0516595
333.267	0.0552203
333.333	0.0590541
333.4	0.0514452
333.467	0.0548585
333.533	0.0496191
333.6	0.0487792
333.667	0.0536175
333.733	0.044304
333.8	0.0430526
333.867	0.0566833
333.933	0.0420899
334	0.0417712
334.067	0.0449597
334.133	0.044914
334.2	0.0433674
334.267	0.0388478
334.333	0.0283926
334.4	0.0305139
334.467	0.0295133
334.533	0.0254496
334.6	0.0295238
334.667	0.0284501
334.733	0.0267075
334.8	0.028953
334.867	0.0319861
334.933	0.0200365
335	0.0353483
335.067	0.0311801
335.133	0.0435725
335.2	0.0304107
335.267	0.0261929
335.333	0.0256273
335.4	0.0288785
335.467	0.0204506
335.533	0.0588948
335.6	0.0290392
335.667	0.0349277
335.733	0.0274573
335.8	0.0266775
335.867	0.0300006
335.933	0.0267219
336	0.0325582
336.067	0.0264215
336.133	0.0209248
336.2	0.0180915
336.267	0.0172712
336.333	0.021877
336.4	0.019501
336.467	0.0186924
336.533	0.021075
336.6	0.021105
336.667	0.0232734
336.733	0.0234537
336.8	0.0284161
336.867	0.03051
336.933	0.027844
337	0.0332675
337.067	0.0370217
337.133	0.035705
337.2	0.0571705
337.267	0.0407614
337.333	0.0415334
337.4	0.0437462
337.467	0.0491528
337.533	0.046168
337.6	0.050719
337.667	0.058145
337.733	0.0502095
337.8	0.0692742
337.867	0.0709514
337.933	0.0583514
338	0.0778523
338.067	0.0723387
338.133	0.0590463
338.2	0.0472574
338.267	0.0733079
338.333	0.0632433
338.4	0.052246
338.467	0.0802428
338.533	0.0696073
338.6	0.0704015
338.667	0.0905425
338.733	0.0665572
338.8	0.0594721
338.867	0.101401
338.933	0.0617672
339	0.066505
339.067	0.0856271
339.133	0.0642321
339.2	0.0833242
339.267	0.0868445
339.333	0.0689542
339.4	0.064897
339.467	0.0845978
339.533	0.0773024
339.6	0.0693735
339.667	0.0845886
339.733	0.0709815
339.8	0.0687778
339.867	0.0688144
339.933	0.0616888
340	0.0571313
340.067	0.0564364
340.133	0.0466565
340.2	0.039113
340.267	0.050702
340.333	0.0488432
340.4	0.0483129
340.467	0.0434889
340.533	0.0428449
340.6	0.0359505
340.667	0.0360341
340.733	0.02932
340.8	0.0327581
340.867	0.0310181
340.933	0.0328782
341	0.02871
341.067	0.0286042
341.133	0.0275122
341.2	0.0222101
341.267	0.0207079
341.333	0.0154477
341.4	0.0127764
341.467	0.0152726
341.533	0.0282241
341.6	0.015833
341.667	0.0208699
341.733	0.0276977
341.8	0.0194592
341.867	0.015321
341.933	0.019437
342	0.0206648
342.067	0.0197505
342.133	0.0184507
342.2	0.0525555
342.267	0.0236352
342.333	0.0356357
342.4	0.0291189
342.467	0.0246332
342.533	0.0205656
342.6	0.024982
342.667	0.0303324
342.733	0.0243889
342.8	0.0221108
342.867	0.0257566
342.933	0.0221748
343	0.0251779
343.067	0.0231728
343.133	0.0143779
343.2	0.0124472
343.267	0.0256482
343.333	0.0204062
343.4	0.0158356
343.467	0.0185095
343.533	0.0225667
343.6	0.0158591
343.667	0.0163921
343.733	0.031845
343.8	0.0114715
343.867	0.0567368
343.933	0.041715
344	0.0165149
344.067	0.0236183
344.133	0.0237005
344.2	0.0187002
344.267	0.0119966
344.333	0.0179727
344.4	0.0228502
344.467	0.0269714
344.533	0.0199229
344.6	0.0233087
344.667	0.0276232
344.733	0.0273384
344.8	0.0177806
344.867	0.0269701
344.933	0.0181921
345	0.0245927
345.067	0.0168009
345.133	0.0213702
345.2	0.0237241
345.267	0.0199438
345.333	0.0177101
345.4	0.0201253
345.467	0.0104252
345.533	0.0475892
345.6	0.0288197
345.667	0.0299718
345.733	0.0217333
345.8	0.0287257
345.867	0.0268264
345.933	0.0287714
346	0.0250617
346.067	0.0192541
346.133	0.0227222
346.2	0.0110587
346.267	0.0568479
346.333	0.0307935
346.4	0.0299784
346.467	0.0340068
346.533	0.0272575
346.6	0.0202494
346.667	0.0231362
346.733	0.0250943
346.8	0.0270746
346.867	0.0236287
346.933	0.0155901
347	0.0179857
347.067	0.0251557
347.133	0.0217242
347.2	0.0205303
347.267	0.0219097
347.333	0.0231336
347.4	0.0171001
347.467	0.0212748
347.533	0.0267128
347.6	0.0189876
347.667	0.0161139
347.733	0.0169002
347.8	0.0175285
347.867	0.0159793
347.933	0.0555886
348	0.0216223
348.067	0.0209744
348.133	0.024645
348.2	0.0315106
348.267	0.0213088
348.333	0.0138345
348.4	0.026492
348.467	0.0229547
348.533	0.013423
348.6	0.013308
348.667	0.0285833
348.733	0.0334412
348.8	0.0356396
348.867	0.0252994
348.933	0.0145829
349	0.0232603
349.067	0.0165031
349.133	0.0203696
349.2	0.0238573
349.267	0.0216406
349.333	0.0176278
349.4	0.0226843
349.467	0.0220429
349.533	0.0143491
349.6	0.0519429
349.667	0.0218822
349.733	0.0248749
349.8	0.0184586
349.867	0.0219463
349.933	0.0164561
350	0.0553535
350.067	0.0204428
350.133	0.0155234
350.2	0.0172908
350.267	0.0208516
350.333	0.0256455
350.4	0.0165841
350.467	0.0179322
350.533	0.0206583
350.6	0.0175377
350.667	0.0147645
350.733	0.017667
350.8	0.0246998
350.867	0.0187734
350.933	0.0185174
351	0.0224348
351.067	0.0289726
351.133	0.0360394
351.2	0.0267323
351.267	0.0371993
351.333	0.0289882
351.4	0.0323636
351.467	0.0356867
351.533	0.0318411
351.6	0.0254862
351.667	0.0340944
351.733	0.0339899
351.8	0.0289138
351.867	0.0366285
351.933	0.0314374
352	0.0294023
352.067	0.031811
352.133	0.0329044
352.2	0.032148
352.267	0.0292652
352.333	0.0376983
352.4	0.035671
352.467	0.0336868
352.533	0.035398
352.6	0.0345855
352.667	0.0375846
352.733	0.03974
352.8	0.0446345
352.867	0.0452184
352.933	0.0718292
353	0.0501233
353.067	0.0542184
353.133	0.0530846
353.2	0.0587223
353.267	0.0541048
353.333	0.0545123
353.4	0.0609861
353.467	0.0558421
353.533	0.057117
353.6	0.0610736
353.667	0.0587707
353.733	0.0604074
353.8	0.0599424
353.867	0.0601096
353.933	0.0585878
354	0.0565148
354.067	0.0571274
354.133	0.052455
354.2	0.0548376
354.267	0.0529657
354.333	0.0440048
354.4	0.0412029
354.467	0.0380954
354.533	0.0354293
354.6	0.0646658
354.667	0.0330689
354.733	0.0395832
354.8	0.0347932
354.867	0.0474233
354.933	0.0520683
355	0.0467937
355.067	0.0340094
355.133	0.0309829
355.2	0.0311318
355.267	0.032984
355.333	0.0335836
355.4	0.0352086
355.467	0.0355064
355.533	0.0372725
355.6	0.0362758
355.667	0.0353366
355.733	0.0379386
355.8	0.0383174
355.867	0.0367918
355.933	0.0415883
356	0.0379047
356.067	0.0360472
356.133	0.0407392
356.2	0.0397778
356.267	0.0550818
356.333	0.0436313
356.4	0.0406739
356.467	0.0425837
356.533	0.047247
356.6	0.0459681
356.667	0.041408
356.733	0.0488785
356.8	0.0449832
356.867	0.037923
356.933	0.0456951
357	0.0349264
357.067	0.035705
357.133	0.0455253
357.2	0.0415426
357.267	0.0490561
357.333	0.0441381
357.4	0.0561242
357.467	0.0501116
357.533	0.0456964
357.6	0.0504146
357.667	0.0478596
357.733	0.045733
357.8	0.0509567
357.867	0.0546873
357.933	0.0818442
358	0.0454796
358.067	0.0532139
358.133	0.0521206
358.2	0.0554632
358.267	0.0546508
358.333	0.0547135
358.4	0.05231
358.467	0.0496243
358.533	0.0549904
358.6	0.0473253
358.667	0.0514387
358.733	0.053931
358.8	0.0510534
358.867	0.0546899
358.933	0.0537534
359	0.0569811
359.067	0.0606856
359.133	0.0614576
359.2	0.0608424
359.267	0.0567081
359.333	0.0620572
359.4	0.0619945
359.467	0.0654952
359.533	0.0689907
359.6	0.0643105
359.667	0.0502644
359.733	0.0509436
359.8	0.0422649
359.867	0.0465364
359.933	0.0570647
360	0.0519547
360.067	0.0552699
360.133	0.0470993
360.2	0.0612303
360.267	0.0677681
360.333	0.0436757
360.4	0.0541766
360.467	0.0485793
360.533	0.0417477
360.6	0.0527306
360.667	0.0496439
360.733	0.0505648
360.8	0.0448239
360.867	0.0412696
360.933	0.0457004
361	0.0398836
361.067	0.0504577
361.133	0.0613009
361.2	0.0528612
361.267	0.058546
361.333	0.0459276
361.4	0.0534947
361.467	0.0517091
361.533	0.0518946
361.6	0.0566611
361.667	0.0518227
361.733	0.0494702
361.8	0.0454835
361.867	0.0465442
361.933	0.0460217
362	0.057757
362.067	0.056409
362.133	0.0535548
362.2	0.0598757
362.267	0.0635881
362.333	0.0646383
362.4	0.0663325
362.467	0.0640975
362.533	0.0622544
362.6	0.0652092
362.667	0.0664044
362.733	0.0656063
362.8	0.0702369
362.867	0.0677799
362.933	0.0883428
363	0.0862789
363.067	0.0806764
363.133	0.0845834
363.2	0.0648996
363.267	0.0744927
363.333	0.088655
363.4	0.0771587
363.467	0.0832393
363.533	0.0765787
363.6	0.0743659
363.667	0.0726704
363.733	0.0773233
363.8	0.0796301
363.867	0.0721009
363.933	0.0596576
364	0.0733889
364.067	0.072869
364.133	0.0747853
364.2	0.0737494
364.267	0.0690639
364.333	0.0676283
364.4	0.0670196
364.467	0.0609482
364.533	0.0659955
364.6	0.102303
364.667	0.0873213
364.733	0.0630316
364.8	0.0752111
364.867	0.0681783
364.933	0.0654743
365	0.0591795
365.067	0.0208046
365.133	0.0554397
365.2	0.0387812
365.267	0.0165763
365.333	0.0432093
365.4	0.0394029
365.467	0.039898
365.533	0.0463639
365.6	0.0506981
365.667	0.0446397
365.733	0.0417764
365.8	0.0421905
365.867	0.0455436
365.933	0.0486695
366	0.0254392
366.067	0.0318097
366.133	0.0495303
366.2	0.0226477
366.267	0.0509214
366.333	0.0659093
366.4	0.0337417
366.467	0.0268238
366.533	0.0411781
366.6	0.0591965
366.667	0.0712114
366.733	0.0592514
366.8	0.060312
366.867	0.0438194
366.933	0.0319887
367	0.0332322
367.067	0.0538592
367.133	0.0482175
367.2	0.0405054
367.267	0.0508626
367.333	0.0447755
367.4	0.047422
367.467	0.0459851
367.533	0.0483834
367.6	0.0471333
367.667	0.0440284
367.733	0.0527672
367.8	0.0437253
367.867	0.0476336
367.933	0.0952136
368	0.0492115
368.067	0.0498294
368.133	0.0532165
368.2	0.045575
368.267	0.047102
368.333	0.0415086
368.4	0.0555834
368.467	0.0558434
368.533	0.0473475
368.6	0.0493017
368.667	0.0428527
368.733	0.0438128
368.8	0.0474964
368.867	0.0525294
368.933	0.0377662
369	0.0606412
369.067	0.0492912
369.133	0.0310103
369.2	0.0564077
369.267	0.0499953
369.333	0.0377061
369.4	0.042871
369.467	0.0374018
369.533	0.0367486
369.6	0.0794917
369.667	0.05475
369.733	0.0504773
369.8	0.0613283
369.867	0.0433112
369.933	0.0379399
370	0.0421147
370.067	0.0383971
370.133	0.044722
370.2	0.0347396
370.267	0.0390907
370.333	0.0343674
370.4	0.0312206
370.467	0.0331604
370.533	0.0344157
370.6	0.0328247
370.667	0.0363476
370.733	0.0452445
370.8	0.0370713
370.867	0.043225
370.933	0.0478008
371	0.039659
371.067	0.0444398
371.133	0.047614
371.2	0.0431506
371.267	0.0880593
371.333	0.0675552
371.4	0.0535744
371.467	0.0532753
371.533	0.0618495
371.6	0.0536293
371.667	0.0561412
371.733	0.0568492
371.8	0.0619958
371.867	0.0550596
371.933	0.0510573
372	0.0580026
372.067	0.0610409
372.133	0.0554293
372.2	0.0543268
372.267	0.0551106
372.333	0.0589535
372.4	0.0543686
372.467	0.0492194
372.533	0.058917
372.6	0.0598013
372.667	0.0673148
372.733	0.0633086
372.8	0.0589065
372.867	0.051858
372.933	0.0793049
373	0.07478
373.067	0.0648813
373.133	0.0671306
373.2	0.0545371
373.267	0.051892
373.333	0.0531094
373.4	0.0441551
373.467	0.0401684
373.533	0.0461993
373.6	0.0342602
373.667	0.029546
373.733	0.038128
373.8	0.0313447
373.867	0.0330663
373.933	0.0379608
374	0.0337247
374.067	0.0250852
374.133	0.0332897
374.2	0.0269649
374.267	0.0325216
374.333	0.0364626
374.4	0.0318541
374.467	0.03263
374.533	0.0362784
374.6	0.0706157
374.667	0.0432107
374.733	0.0438742
374.8	0.037987
374.867	0.0458636
374.933	0.0375807
375	0.0376513
375.067	0.041958
375.133	0.0403291
375.2	0.0305335
375.267	0.0244686
375.333	0.034387
375.4	0.0208346
375.467	0.0236927
375.533	0.0241956
375.6	0.0285441
375.667	0.0287988
375.733	0.0231219
375.8	0.021958
375.867	0.0226529
375.933	0.029691
376	0.0230239
376.067	0.0224518
376.133	0.02421
376.2	0.0253334
376.267	0.0699704
376.333	0.0453137
376.4	0.0302461
376.467	0.0310247
376.533	0.0380066
376.6	0.0269714
376.667	0.0220468
376.733	0.0498999
376.8	0.0394578
376.867	0.0309332
376.933	0.0385983
377	0.0308601
377.067	0.0296165
377.133	0.0318372
377.2	0.0363058
377.267	0.0322787
377.333	0.0362653
377.4	0.0334948
377.467	0.0326144
377.533	0.0324498
377.6	0.0229717
377.667	0.0248135
377.733	0.0318424
377.8	0.0180327
377.867	0.017266
377.933	0.061809
378	0.032246
378.067	0.0194552
378.133	0.0257579
378.2	0.0177885
378.267	0.0175155
378.333	0.0241486
378.4	0.0219515
378.467	0.0204885
378.533	0.0197779
378.6	0.0221291
378.667	0.0231937
378.733	0.0206465
378.8	0.022538
378.867	0.0166795
378.933	0.0206296
379	0.0173679
379.067	0.0266396
379.133	0.013794
379.2	0.0173365
379.267	0.0114336
379.333	0.0116739
379.4	0.0161766
379.467	0.0126928
379.533	0.0089491
379.6	0.0729095
379.667	0.047806
379.733	0.0258741
379.8	0.0393886
379.867	0.0306485
379.933	0.0136712
380	0.0329409
380.067	0.0227431
380.133	0.0169381
380.2	0.0178381
380.267	0.0194069
380.333	0.0123702
380.4	0.0222428
380.467	0.0179047
380.533	0.0207902
380.6	0.0197348
380.667	0.0213101
380.733	0.01884
380.8	0.0153223
380.867	0.0208843
380.933	0.0332675
381	0.0246554
381.067	0.0200966
381.133	0.0205264
381.2	0.0129776
381.267	0.0801931
381.333	0.0438298
381.4	0.0269113
381.467	0.0438559
381.533	0.0312755
381.6	0.0340721
381.667	0.0260635
381.733	0.0188282
381.8	0.0197243
381.867	0.0149069
381.933	0.0211717
382	0.0182979
382.067	0.0231807
382.133	0.019565
382.2	0.0213467
382.267	0.01916
382.333	0.0296257
382.4	0.0271112
