time_sec	Dynamic_density
0.0666667	0.029
0.133333	0.0298869
0.2	0.0332505
0.266667	0.0296988
0.333333	0.0302083
0.4	0.028245
0.466667	0.0390424
0.533333	0.038388
0.6	0.044995
0.666667	0.044462
0.733333	0.0313238
0.8	0.0452615
0.866667	0.031862
0.933333	0.0214956
1	0.0358891
1.06667	0.024901
1.13333	0.0267924
1.2	0.0305231
1.26667	0.0421722
1.33333	0.0360433
1.4	0.0307373
1.46667	0.0254196
1.53333	0.0304996
1.6	0.0309136
1.66667	0.034511
1.73333	0.0403043
1.8	0.0292625
1.86667	0.0355025
1.93333	0.0374984
2	0.0354907
2.06667	0.0326653
2.13333	0.0412487
2.2	0.0384912
2.26667	0.0346378
2.33333	0.0407314
2.4	0.0411429
2.46667	0.035138
2.53333	0.0386963
2.6	0.0418731
2.66667	0.0443693
2.73333	0.0426294
2.8	0.038951
2.86667	0.0416941
2.93333	0.0687021
3	0.0461236
3.06667	0.0411572
3.13333	0.037019
3.2	0.0428018
3.26667	0.0397321
3.33333	0.0292952
3.4	0.0372476
3.46667	0.0333002
3.53333	0.0293252
3.6	0.0342707
3.66667	0.0338827
3.73333	0.0239004
3.8	0.0383449
3.86667	0.0321912
3.93333	0.0334399
4	0.0333524
4.06667	0.0319678
4.13333	0.0184821
4.2	0.0318659
4.26667	0.0219606
4.33333	0.0150493
4.4	0.02154
4.46667	0.0291659
4.53333	0.0193847
4.6	0.0516725
4.66667	0.0328116
4.73333	0.022056
4.8	0.0290784
4.86667	0.0199111
4.93333	0.0283025
5	0.0290771
5.06667	0.0195441
5.13333	0.0258663
5.2	0.0537481
5.26667	0.0294702
5.33333	0.0383932
5.4	0.0242805
5.46667	0.0295747
5.53333	0.0258088
5.6	0.0358447
5.66667	0.0284213
5.73333	0.0331277
5.8	0.0296218
5.86667	0.0348716
5.93333	0.0341531
6	0.0439239
6.06667	0.0368192
6.13333	0.0336907
6.2	0.0342955
6.26667	0.0692024
6.33333	0.0480098
6.4	0.0480634
6.46667	0.0345907
6.53333	0.0364338
6.6	0.0418522
6.66667	0.0398418
6.73333	0.0427443
6.8	0.0404636
6.86667	0.0464959
6.93333	0.04334
7	0.0291489
7.06667	0.0301338
7.13333	0.0379047
7.2	0.030301
7.26667	0.0312075
7.33333	0.0327071
7.4	0.031461
7.46667	0.0338958
7.53333	0.0412199
7.6	0.0357128
7.66667	0.0366415
7.73333	0.0371092
7.8	0.0365658
7.86667	0.0402285
7.93333	0.0720016
8	0.0571901
8.06667	0.0503245
8.13333	0.0515746
8.2	0.0544039
8.26667	0.0439108
8.33333	0.0533798
8.4	0.0564547
8.46667	0.0527606
8.53333	0.0494597
8.6	0.0503153
8.66667	0.0445809
8.73333	0.049704
8.8	0.0440218
8.86667	0.0483416
8.93333	0.047004
9	0.0452889
9.06667	0.0455162
9.13333	0.0472665
9.2	0.0435477
9.26667	0.0453973
9.33333	0.0541648
9.4	0.0485623
9.46667	0.0490143
9.53333	0.0513499
9.6	0.0720369
9.66667	0.0592618
9.73333	0.0525046
9.8	0.0448369
9.86667	0.0480777
9.93333	0.0461484
10	0.0462333
10.0667	0.0422048
10.1333	0.0423224
10.2	0.0406948
10.2667	0.0390085
10.3333	0.0386022
10.4	0.0461523
10.4667	0.042645
10.5333	0.0449623
10.6	0.0424465
10.6667	0.0416497
10.7333	0.044931
10.8	0.0424321
10.8667	0.0391417
10.9333	0.0589993
11	0.0476153
11.0667	0.0390842
11.1333	0.0434732
11.2	0.0420768
11.2667	0.0817671
11.3333	0.0535444
11.4	0.0473266
11.4667	0.0523034
11.5333	0.0261132
11.6	0.0319443
11.6667	0.0512323
11.7333	0.0477224
11.8	0.0454038
11.8667	0.045652
11.9333	0.0427064
12	0.0463065
12.0667	0.0469517
12.1333	0.0306524
12.2	0.0462842
12.2667	0.040013
12.3333	0.0311488
12.4	0.0371157
12.4667	0.0417816
12.5333	0.0181007
12.6	0.0325229
12.6667	0.0350074
12.7333	0.0201867
12.8	0.0255894
12.8667	0.017859
12.9333	0.0570921
13	0.0349251
13.0667	0.0279445
13.1333	0.0275318
13.2	0.0271595
13.2667	0.0242518
13.3333	0.0267859
13.4	0.0246097
13.4667	0.0241812
13.5333	0.0256442
13.6	0.0214512
13.6667	0.0275109
13.7333	0.0234132
13.8	0.0265965
13.8667	0.0208242
13.9333	0.0155404
14	0.019595
14.0667	0.0248945
14.1333	0.0234537
14.2	0.0210802
14.2667	0.0199438
14.3333	0.0217882
14.4	0.0263875
14.4667	0.0171915
14.5333	0.0257827
14.6	0.0688928
14.6667	0.0483338
14.7333	0.0269427
14.8	0.0271908
14.8667	0.0279563
14.9333	0.0293919
15	0.0184925
15.0667	0.0265077
15.1333	0.0325517
15.2	0.0276572
15.2667	0.0220638
15.3333	0.0294637
15.4	0.0273554
15.4667	0.0187629
15.5333	0.0244908
15.6	0.017701
15.6667	0.0179256
15.7333	0.0215962
15.8	0.0213676
15.8667	0.0177271
15.9333	0.0243602
16	0.0177545
16.0667	0.0213924
16.1333	0.0167278
16.2	0.0109398
16.2667	0.0433609
16.3333	0.0416601
16.4	0.029661
16.4667	0.0331395
16.5333	0.0258376
16.6	0.0246045
16.6667	0.0306563
16.7333	0.0178198
16.8	0.0183345
16.8667	0.0184351
16.9333	0.0193481
17	0.0239148
17.0667	0.0220416
17.1333	0.0210489
17.2	0.0220769
17.2667	0.0184168
17.3333	0.0274926
17.4	0.0249676
17.4667	0.0197191
17.5333	0.0237881
17.6	0.0193037
17.6667	0.0205603
17.7333	0.0281261
17.8	0.01498
17.8667	0.0185474
17.9333	0.0583083
18	0.0348781
18.0667	0.0244556
18.1333	0.0292939
18.2	0.0203435
18.2667	0.017475
18.3333	0.0208137
18.4	0.0189863
18.4667	0.0152648
18.5333	0.0167004
18.6	0.0139808
18.6667	0.0150545
18.7333	0.0199386
18.8	0.0132362
18.8667	0.0170413
18.9333	0.0261432
19	0.0188505
19.0667	0.0168545
19.1333	0.022218
19.2	0.0137613
19.2667	0.0158043
19.3333	0.0228528
19.4	0.0164052
19.4667	0.019211
19.5333	0.0185944
19.6	0.0464279
19.6667	0.0349499
19.7333	0.0367055
19.8	0.031602
19.8667	0.0328861
19.9333	0.0373051
20	0.0273162
20.0667	0.0304891
20.1333	0.0248827
20.2	0.0266409
20.2667	0.0205682
20.3333	0.0230513
20.4	0.0205799
20.4667	0.0173039
20.5333	0.0164561
20.6	0.0145411
20.6667	0.0171954
20.7333	0.0161935
20.8	0.0137979
20.8667	0.0220299
20.9333	0.0121886
21	0.020896
21.0667	0.0213258
21.1333	0.0239252
21.2	0.0177362
21.2667	0.0619788
21.3333	0.034016
21.4	0.0344797
21.4667	0.0248984
21.5333	0.0263496
21.6	0.0326823
21.6667	0.0280164
21.7333	0.0315681
21.8	0.027763
21.8667	0.0271451
21.9333	0.0234889
22	0.0375624
22.0667	0.0239971
22.1333	0.0214264
22.2	0.0167657
22.2667	0.0211926
22.3333	0.0178107
22.4	0.0205211
22.4667	0.0203683
22.5333	0.019113
22.6	0.0186532
22.6667	0.0111344
22.7333	0.0132218
22.8	0.0164483
22.8667	0.0172751
22.9333	0.056345
23	0.0337391
23.0667	0.0302527
23.1333	0.0346678
23.2	0.0255659
23.2667	0.0253072
23.3333	0.0280569
23.4	0.0198184
23.4667	0.0202808
23.5333	0.0424008
23.6	0.0472679
23.6667	0.0327385
23.7333	0.029256
23.8	0.0213937
23.8667	0.0191757
23.9333	0.0254235
24	0.0178864
24.0667	0.0155391
24.1333	0.0193965
24.2	0.0252184
24.2667	0.0182914
24.3333	0.018358
24.4	0.0186754
24.4667	0.017812
24.5333	0.0164979
24.6	0.0496282
24.6667	0.0415282
24.7333	0.0273411
24.8	0.0294467
24.8667	0.0332466
24.9333	0.02813
25	0.0202351
25.0667	0.0247037
25.1333	0.0242818
25.2	0.0217438
25.2667	0.0173313
25.3333	0.0251178
25.4	0.0152962
25.4667	0.0183306
25.5333	0.0159924
25.6	0.0175925
25.6667	0.0178185
25.7333	0.0147763
25.8	0.016942
25.8667	0.0172529
25.9333	0.0239958
26	0.018938
26.0667	0.0202991
26.1333	0.0223355
26.2	0.0178668
26.2667	0.0494545
26.3333	0.0340526
26.4	0.032792
26.4667	0.0294141
26.5333	0.0285624
26.6	0.0269505
26.6667	0.0281509
26.7333	0.0272274
26.8	0.0257683
26.8667	0.0227614
26.9333	0.0272366
27	0.0279432
27.0667	0.0255855
27.1333	0.0314727
27.2	0.0275605
27.2667	0.0286486
27.3333	0.0316713
27.4	0.0295525
27.4667	0.0325634
27.5333	0.038708
27.6	0.036605
27.6667	0.0378198
27.7333	0.0407353
27.8	0.0410984
27.8667	0.0405355
27.9333	0.0862828
28	0.0589144
28.0667	0.0510325
28.1333	0.060491
28.2	0.051615
28.2667	0.0543151
28.3333	0.0583527
28.4	0.0591155
28.4667	0.0542785
28.5333	0.0653071
28.6	0.0607784
28.6667	0.0699077
28.7333	0.073351
28.8	0.0713694
28.8667	0.077484
28.9333	0.0705177
29	0.0738578
29.0667	0.0743973
29.1333	0.0828409
29.2	0.0778393
29.2667	0.0822909
29.3333	0.0841158
29.4	0.084155
29.4667	0.0842608
29.5333	0.0839394
29.6	0.103788
29.6667	0.0979973
29.7333	0.0876426
29.8	0.100833
29.8667	0.0895328
29.9333	0.0926887
30	0.0937102
30.0667	0.091129
30.1333	0.0844881
30.2	0.0845965
30.2667	0.0868093
30.3333	0.0837135
30.4	0.0871593
30.4667	0.0917612
30.5333	0.0845299
30.6	0.0917377
30.6667	0.0855605
30.7333	0.0827834
30.8	0.0853241
30.8667	0.0868419
30.9333	0.0827494
31	0.0921283
31.0667	0.0880711
31.1333	0.0825261
31.2	0.0881325
31.2667	0.106888
31.3333	0.101785
31.4	0.0903701
31.4667	0.0893538
31.5333	0.0905268
31.6	0.0874114
31.6667	0.0804831
31.7333	0.0846226
31.8	0.0866878
31.8667	0.090229
31.9333	0.0850119
32	0.0898606
32.0667	0.0741269
32.1333	0.0850497
32.2	0.0780156
32.2667	0.0773037
32.3333	0.0751379
32.4	0.0888784
32.4667	0.081549
32.5333	0.0517613
32.6	0.0844985
32.6667	0.0869569
32.7333	0.060282
32.8	0.0789979
32.8667	0.0844201
32.9333	0.0796615
33	0.0881351
33.0667	0.0516542
33.1333	0.0431806
33.2	0.0304434
33.2667	0.0494219
33.3333	0.0492194
33.4	0.0419096
33.4667	0.020593
33.5333	0.0259212
33.6	0.0285728
33.6667	0.0262778
33.7333	0.0291946
33.8	0.0189145
33.8667	0.0246241
33.9333	0.0256821
34	0.0300006
34.0667	0.027311
34.1333	0.0310652
34.2	0.0297328
34.2667	0.0342459
34.3333	0.0352112
34.4	0.0301965
34.4667	0.0349944
34.5333	0.0343452
34.6	0.073816
34.6667	0.0410514
34.7333	0.0430395
34.8	0.0358904
34.8667	0.0392214
34.9333	0.0356658
35	0.0425562
35.0667	0.0405668
35.1333	0.0396224
35.2	0.0411193
35.2667	0.0376774
35.3333	0.0332714
35.4	0.0260884
35.4667	0.0309894
35.5333	0.0293252
35.6	0.0322121
35.6667	0.0302004
35.7333	0.0369903
35.8	0.0278191
35.8667	0.0263692
35.9333	0.0387041
36	0.0307922
36.0667	0.0321585
36.1333	0.0326927
36.2	0.0387498
36.2667	0.0849727
36.3333	0.0520761
36.4	0.0432838
36.4667	0.0420546
36.5333	0.0559884
36.6	0.033551
36.6667	0.0430905
36.7333	0.0473488
36.8	0.0458911
36.8667	0.0493422
36.9333	0.0460713
37	0.0444268
37.0667	0.0450655
37.1333	0.046407
37.2	0.049367
37.2667	0.0553287
37.3333	0.0550714
37.4	0.0661092
37.4667	0.077275
37.5333	0.0770529
37.6	0.0946219
37.6667	0.0939819
37.7333	0.0806908
37.8	0.102684
37.8667	0.0796928
37.9333	0.0785133
38	0.0894622
38.0667	0.0869111
38.1333	0.0505361
38.2	0.0847284
38.2667	0.0632237
38.3333	0.0508744
38.4	0.0445456
38.4667	0.0259381
38.5333	0.031043
38.6	0.0170583
38.6667	0.0300437
38.7333	0.0211455
38.8	0.0395192
38.8667	0.0425301
38.9333	0.044658
39	0.0313643
39.0667	0.0488576
39.1333	0.0395492
39.2	0.0394238
39.2667	0.0312154
39.3333	0.0384664
39.4	0.0479876
39.4667	0.0516059
39.5333	0.0328808
39.6	0.0731851
39.6667	0.0426111
39.7333	0.0442948
39.8	0.0359453
39.8667	0.0314009
39.9333	0.0420233
40	0.0333707
40.0667	0.0296374
40.1333	0.0334347
40.2	0.0329031
40.2667	0.0364665
40.3333	0.0392201
40.4	0.0327868
40.4667	0.0344497
40.5333	0.0400012
40.6	0.0332584
40.6667	0.0401501
40.7333	0.0394212
40.8	0.0383161
40.8667	0.0410971
40.9333	0.0374632
41	0.0400273
41.0667	0.0439095
41.1333	0.0401436
41.2	0.0416915
41.2667	0.0835084
41.3333	0.0531342
41.4	0.0447442
41.4667	0.0451413
41.5333	0.0345633
41.6	0.043144
41.6667	0.0414472
41.7333	0.0443902
41.8	0.0486629
41.8667	0.0453033
41.9333	0.0469922
42	0.0536254
42.0667	0.0453398
42.1333	0.0462516
42.2	0.0405093
42.2667	0.0482711
42.3333	0.0510912
42.4	0.0399542
42.4667	0.0421199
42.5333	0.0237097
42.6	0.0336555
42.6667	0.0394421
42.7333	0.0277342
42.8	0.0304682
42.8667	0.0296361
42.9333	0.0871698
43	0.0395571
43.0667	0.0392083
43.1333	0.0390842
43.2	0.0343177
43.2667	0.0330768
43.3333	0.0390333
43.4	0.0356135
43.4667	0.036588
43.5333	0.0434784
43.6	0.0323453
43.6667	0.0391704
43.7333	0.0416353
43.8	0.0304826
43.8667	0.0332283
43.9333	0.0389771
44	0.0430435
44.0667	0.0398601
44.1333	0.0407079
44.2	0.0403173
44.2667	0.0318097
44.3333	0.0334047
44.4	0.0328795
44.4667	0.0367944
44.5333	0.02363
44.6	0.0890965
44.6667	0.060619
44.7333	0.0467584
44.8	0.0515092
44.8667	0.0462033
44.9333	0.0441694
45	0.0386571
45.0667	0.0440623
45.1333	0.0339219
45.2	0.0461954
45.2667	0.0414577
45.3333	0.0443288
45.4	0.0384598
45.4667	0.0399672
45.5333	0.0380144
45.6	0.0432956
45.6667	0.0389928
45.7333	0.0367617
45.8	0.0348494
45.8667	0.0386884
45.9333	0.0418613
46	0.0372032
46.0667	0.0361556
46.1333	0.0354306
46.2	0.0389209
46.2667	0.0985302
46.3333	0.0537808
46.4	0.0535457
46.4667	0.0543046
46.5333	0.0551602
46.6	0.0563659
46.6667	0.0444568
46.7333	0.0459015
46.8	0.0390999
46.8667	0.0486107
46.9333	0.0370282
47	0.0454979
47.0667	0.0518946
47.1333	0.032297
47.2	0.0440336
47.2667	0.0378942
47.3333	0.0317862
47.4	0.0322486
47.4667	0.0370961
47.5333	0.0357259
47.6	0.0552608
47.6667	0.0371758
47.7333	0.0258715
47.8	0.0338631
47.8667	0.0236287
47.9333	0.0737154
48	0.048143
48.0667	0.0425301
48.1333	0.0332753
48.2	0.0435568
48.2667	0.0333446
48.3333	0.034016
48.4	0.0386153
48.4667	0.0273633
48.5333	0.0195663
48.6	0.0267101
48.6667	0.0297681
48.7333	0.0175677
48.8	0.0171079
48.8667	0.0302618
48.9333	0.0227378
49	0.0275866
49.0667	0.0289125
49.1333	0.0202364
49.2	0.022133
49.2667	0.0165854
49.3333	0.0231258
49.4	0.0228319
49.4667	0.0241564
49.5333	0.013453
49.6	0.0736083
49.6667	0.0273763
49.7333	0.032711
49.8	0.0207458
49.8667	0.0255646
49.9333	0.024432
50	0.0465089
50.0667	0.0267702
50.1333	0.0201972
50.2	0.0226869
50.2667	0.0250107
50.3333	0.0235072
50.4	0.0332139
50.4667	0.0349813
50.5333	0.0267768
50.6	0.0230252
50.6667	0.0198158
50.7333	0.0255188
50.8	0.0182626
50.8667	0.0181255
50.9333	0.025541
51	0.022167
51.0667	0.0269178
51.1333	0.0228946
51.2	0.0120318
51.2667	0.0720787
51.3333	0.0315197
51.4	0.0328599
51.4667	0.0366141
51.5333	0.0224883
51.6	0.0305126
51.6667	0.0258715
51.7333	0.0298334
51.8	0.0249598
51.8667	0.018243
51.9333	0.018951
52	0.0120031
52.0667	0.0148298
52.1333	0.0123741
52.2	0.0176526
52.2667	0.0159898
52.3333	0.0211873
52.4	0.0214159
52.4667	0.0161374
52.5333	0.0126758
52.6	0.0124799
52.6667	0.0157311
52.7333	0.0205068
52.8	0.0156201
52.8667	0.0148716
52.9333	0.0704799
53	0.027008
53.0667	0.0248722
53.1333	0.0224805
53.2	0.0263653
53.2667	0.019612
53.3333	0.0234863
53.4	0.0164665
53.4667	0.0215426
53.5333	0.0214499
53.6	0.0195271
53.6667	0.0249924
53.7333	0.0245156
53.8	0.0199477
53.8667	0.0206622
53.9333	0.0279485
54	0.0228933
54.0667	0.0256103
54.1333	0.03263
54.2	0.0288563
54.2667	0.0286734
54.3333	0.0251844
54.4	0.0286695
54.4667	0.0301913
54.5333	0.0171785
54.6	0.0689398
54.6667	0.0232055
54.7333	0.0324942
54.8	0.023054
54.8667	0.0178825
54.9333	0.0242479
55	0.0191326
55.0667	0.023263
55.1333	0.0277342
55.2	0.0193246
55.2667	0.021024
55.3333	0.0228463
55.4	0.016477
55.4667	0.0281705
55.5333	0.0163973
55.6	0.0220769
55.6667	0.0166377
55.7333	0.0186232
55.8	0.0211259
55.8667	0.0165436
55.9333	0.0250107
56	0.0229717
56.0667	0.0245522
56.1333	0.022875
56.2	0.0171419
56.2667	0.0759948
56.3333	0.0382129
56.4	0.0347775
56.4667	0.0282123
56.5333	0.0205002
56.6	0.0175324
56.6667	0.0202677
56.7333	0.0245953
56.8	0.0178825
56.8667	0.0185696
56.9333	0.0199738
57	0.0226817
57.0667	0.0127228
57.1333	0.0244921
57.2	0.018597
57.2667	0.0161073
57.3333	0.0210685
57.4	0.0182574
57.4667	0.0242204
57.5333	0.0260871
57.6	0.0232277
57.6667	0.0259355
57.7333	0.0191208
57.8	0.029691
57.8667	0.0191731
57.9333	0.0727723
58	0.0195872
58.0667	0.0252275
58.1333	0.0331303
58.2	0.0275396
58.2667	0.0268917
58.3333	0.0274991
58.4	0.0186872
58.4667	0.0195271
58.5333	0.0164809
58.6	0.0235203
58.6667	0.0300646
58.7333	0.0254914
58.8	0.0214029
58.8667	0.0197635
58.9333	0.0229416
59	0.0218404
59.0667	0.0166351
59.1333	0.02302
59.2	0.015675
59.2667	0.0186963
59.3333	0.0246228
59.4	0.0181085
59.4667	0.0204911
59.5333	0.0206557
59.6	0.0154411
59.6667	0.0191953
59.7333	0.0239566
59.8	0.018857
59.8667	0.0185422
59.9333	0.0169982
60	0.0167487
60.0667	0.0166246
60.1333	0.0219489
60.2	0.0115185
60.2667	0.0922237
60.3333	0.0405969
60.4	0.0354816
60.4667	0.0228136
60.5333	0.0287492
60.6	0.027422
60.6667	0.0186545
60.7333	0.0210214
60.8	0.0206439
60.8667	0.0161622
60.9333	0.0179374
61	0.0149957
61.0667	0.0217137
61.1333	0.0167657
61.2	0.0247834
61.2667	0.01318
61.3333	0.0184272
61.4	0.0153641
61.4667	0.0120893
61.5333	0.0128156
61.6	0.0156253
61.6667	0.0129162
61.7333	0.0194735
61.8	0.01167
61.8667	0.00507999
61.9333	0.0805563
62	0.0269649
62.0667	0.0295225
62.1333	0.0359179
62.2	0.0142903
62.2667	0.0228436
62.3333	0.0218169
62.4	0.0241577
62.4667	0.024048
62.5333	0.0292782
62.6	0.0210227
62.6667	0.0293932
62.7333	0.024918
62.8	0.0287988
62.8667	0.0265521
62.9333	0.0247246
63	0.0197896
63.0667	0.021314
63.1333	0.0250055
63.2	0.0294833
63.2667	0.028693
63.3333	0.0201894
63.4	0.0165933
63.4667	0.0245653
63.5333	0.0163189
63.6	0.0609795
63.6667	0.0182078
63.7333	0.0261746
63.8	0.0272522
63.8667	0.0227836
63.9333	0.0172816
64	0.0187812
64.0667	0.0159832
64.1333	0.0193886
64.2	0.0191666
64.2667	0.0193638
64.3333	0.0197021
64.4	0.0130403
64.4667	0.0251061
64.5333	0.0237319
64.6	0.019855
64.6667	0.0140957
64.7333	0.0194134
64.8	0.0184965
64.8667	0.0268146
64.9333	0.0160303
65	0.0261315
65.0667	0.0251191
65.1333	0.0250812
65.2	0.0205185
65.2667	0.0683716
65.3333	0.0363555
65.4	0.0279628
65.4667	0.0256325
65.5333	0.0267114
65.6	0.0286107
65.6667	0.0220063
65.7333	0.0258545
65.8	0.0203082
65.8667	0.0192384
65.9333	0.0223878
66	0.0283612
66.0667	0.0233126
66.1333	0.0220965
66.2	0.0273881
66.2667	0.025831
66.3333	0.0306955
66.4	0.0177232
66.4667	0.020192
66.5333	0.0268956
66.6	0.021638
66.6667	0.0468629
66.7333	0.0197896
66.8	0.0184455
66.8667	0.0142655
66.9333	0.0818116
67	0.0341375
67.0667	0.0379974
67.1333	0.0310338
67.2	0.036379
67.2667	0.0226294
67.3333	0.0612447
67.4	0.0406778
67.4667	0.030284
67.5333	0.0364195
67.6	0.0317549
67.6667	0.0267467
67.7333	0.0305662
67.8	0.02932
67.8667	0.0339585
67.9333	0.0376487
68	0.0253673
68.0667	0.0301077
68.1333	0.0170165
68.2	0.030109
68.2667	0.0293566
68.3333	0.0243106
68.4	0.0264463
68.4667	0.0238573
68.5333	0.0274978
68.6	0.0277081
68.6667	0.0173156
68.7333	0.0237058
68.8	0.0235085
68.8667	0.0247573
68.9333	0.015641
69	0.0677498
69.0667	0.0262059
69.1333	0.038192
69.2	0.0417829
69.2667	0.0402611
69.3333	0.0281235
69.4	0.0245078
69.4667	0.032425
69.5333	0.0252511
69.6	0.0290366
69.6667	0.0310116
69.7333	0.0341479
69.8	0.025899
69.8667	0.0371653
69.9333	0.0335875
70	0.0255032
70.0667	0.0222872
70.1333	0.0252876
70.2	0.0252693
70.2667	0.0377754
70.3333	0.0244843
70.4	0.0291136
70.4667	0.0225981
70.5333	0.0263535
70.6	0.0210946
70.6667	0.0769549
70.7333	0.0345306
70.8	0.0387263
70.8667	0.024611
70.9333	0.0287858
71	0.0310939
71.0667	0.0287688
71.1333	0.0268499
71.2	0.028727
71.2667	0.0232512
71.3333	0.0261341
71.4	0.0354724
71.4667	0.0325491
71.5333	0.0246489
71.6	0.0257605
71.6667	0.0249258
71.7333	0.0217059
71.8	0.0160133
71.8667	0.0242688
71.9333	0.0214107
72	0.0257056
72.0667	0.0269492
72.1333	0.0252628
72.2	0.0299627
72.2667	0.0229717
72.3333	0.0665886
72.4	0.043707
72.4667	0.0290444
72.5333	0.0336019
72.6	0.0283364
72.6667	0.038179
72.7333	0.0352125
72.8	0.0360746
72.8667	0.0282006
72.9333	0.0282842
73	0.0237502
73.0667	0.0201645
73.1333	0.0241577
73.2	0.0277852
73.2667	0.02601
73.3333	0.0215936
73.4	0.0188896
73.4667	0.0247939
73.5333	0.0238599
73.6	0.0251949
73.6667	0.026138
73.7333	0.0176631
73.8	0.0237071
73.8667	0.018584
73.9333	0.018247
74	0.074217
74.0667	0.0423942
74.1333	0.0313094
74.2	0.0256181
74.2667	0.0358983
74.3333	0.0325621
74.4	0.0244608
74.4667	0.0256965
74.5333	0.0303676
74.6	0.0239331
74.6667	0.0226229
74.7333	0.0295225
74.8	0.0249467
74.8667	0.0323597
74.9333	0.0254183
75	0.0181934
75.0667	0.0227587
75.1333	0.022538
75.2	0.0181751
75.2667	0.0252889
75.3333	0.0188648
75.4	0.0202912
75.4667	0.029367
75.5333	0.022619
75.6	0.0220325
75.6667	0.0787954
75.7333	0.0400391
75.8	0.0374292
75.8667	0.0305139
75.9333	0.027571
76	0.0269818
76.0667	0.0352465
76.1333	0.0305544
76.2	0.0289726
76.2667	0.0347527
76.3333	0.0158827
76.4	0.0267271
76.4667	0.030237
76.5333	0.0229756
76.6	0.0214904
76.6667	0.0239527
76.7333	0.0186415
76.8	0.0242426
76.8667	0.0305035
76.9333	0.0187655
77	0.0202521
77.0667	0.0184063
77.1333	0.02125
77.2	0.0220481
77.2667	0.0201854
77.3333	0.0727057
77.4	0.0349173
77.4667	0.0394839
77.5333	0.0303454
77.6	0.0309829
77.6667	0.0293736
77.7333	0.017603
77.8	0.0195062
77.8667	0.0206256
77.9333	0.0194565
78	0.0179491
78.0667	0.0315824
78.1333	0.0252406
78.2	0.0237907
78.2667	0.026718
78.3333	0.0258532
78.4	0.0228463
78.4667	0.023664
78.5333	0.0212252
78.6	0.021395
78.6667	0.0293383
78.7333	0.0191901
78.8	0.020559
78.8667	0.0210515
78.9333	0.0173666
79	0.0817815
79.0667	0.0442961
79.1333	0.0452406
79.2	0.0322761
79.2667	0.0383788
79.3333	0.022555
79.4	0.0405929
79.4667	0.0229547
79.5333	0.0209117
79.6	0.0205159
79.6667	0.0258062
79.7333	0.0280164
79.8	0.0223682
79.8667	0.0251466
79.9333	0.0166142
80	0.00891383
80.0667	0.0174763
80.1333	0.0165841
80.2	0.0184037
80.2667	0.0175742
80.3333	0.0184194
80.4	0.0228267
80.4667	0.0281797
80.5333	0.027375
80.6	0.0123205
80.6667	0.0886471
80.7333	0.0301834
80.8	0.0277094
80.8667	0.0139128
80.9333	0.0387981
81	0.0267676
81.0667	0.0303598
81.1333	0.0203984
81.2	0.0230879
81.2667	0.0230056
81.3333	0.0285493
81.4	0.0356096
81.4667	0.0316882
81.5333	0.020751
81.6	0.0223355
81.6667	0.0227692
81.7333	0.0148834
81.8	0.026603
81.8667	0.0163438
81.9333	0.0161047
82	0.0172359
82.0667	0.0163268
82.1333	0.0132101
82.2	0.0135079
82.2667	0.0148416
82.3333	0.0549042
82.4	0.0324328
82.4667	0.0371784
82.5333	0.0276141
82.6	0.0226333
82.6667	0.0206492
82.7333	0.0268238
82.8	0.0200052
82.8667	0.0169982
82.9333	0.0243223
83	0.013261
83.0667	0.0208947
83.1333	0.0188505
83.2	0.0139912
83.2667	0.0205917
83.3333	0.0235895
83.4	0.0167552
83.4667	0.013551
83.5333	0.0107844
83.6	0.0163137
83.6667	0.0200496
83.7333	0.0177192
83.8	0.015897
83.8667	0.0165972
83.9333	0.0215165
84	0.0648957
84.0667	0.0264933
84.1333	0.0216602
84.2	0.0225772
84.2667	0.0254313
84.3333	0.0237045
84.4	0.0288511
84.4667	0.0359401
84.5333	0.0189589
84.6	0.0157298
84.6667	0.0165057
84.7333	0.019548
84.8	0.0317065
84.8667	0.0263522
84.9333	0.0160616
85	0.0156227
85.0667	0.0204663
85.1333	0.0289517
85.2	0.020094
85.2667	0.0209966
85.3333	0.0224622
85.4	0.022039
85.4667	0.0220508
85.5333	0.0179687
85.6	0.0168976
85.6667	0.0724863
85.7333	0.0273894
85.8	0.0304107
85.8667	0.0280791
85.9333	0.0301456
86	0.0216328
86.0667	0.0269126
86.1333	0.0259904
86.2	0.0222493
86.2667	0.0217124
86.3333	0.0181908
86.4	0.0260753
86.4667	0.0267323
86.5333	0.0273868
86.6	0.0277329
86.6667	0.0233061
86.7333	0.0196669
86.8	0.0148298
86.8667	0.0185513
86.9333	0.0141584
87	0.0156044
87.0667	0.0220834
87.1333	0.020657
87.2	0.0169499
87.2667	0.0196316
87.3333	0.0515968
87.4	0.0318515
87.4667	0.0152909
87.5333	0.0213532
87.6	0.0243615
87.6667	0.0289007
87.7333	0.0213741
87.8	0.0250003
87.8667	0.0212905
87.9333	0.0169721
88	0.0167931
88.0667	0.0235451
88.1333	0.0258297
88.2	0.0214394
88.2667	0.0293409
88.3333	0.0178982
88.4	0.0208908
88.4667	0.0228659
88.5333	0.0216119
88.6	0.016089
88.6667	0.0188374
88.7333	0.0125021
88.8	0.0158618
88.8667	0.0145346
88.9333	0.0273071
89	0.072963
89.0667	0.0552673
89.1333	0.0391574
89.2	0.0314531
89.2667	0.0304147
89.3333	0.0228698
89.4	0.0320004
89.4667	0.0245457
89.5333	0.0264737
89.6	0.0307268
89.6667	0.032472
89.7333	0.0317379
89.8	0.0311723
89.8667	0.0267676
89.9333	0.0243093
90	0.0196721
90.0667	0.0276741
90.1333	0.0259473
90.2	0.023745
90.2667	0.021638
90.3333	0.0277604
90.4	0.0207406
90.4667	0.0281157
90.5333	0.029721
90.6	0.0229651
90.6667	0.0828043
90.7333	0.0534451
90.8	0.0380732
90.8667	0.0317914
90.9333	0.0307974
91	0.0311919
91.0667	0.0325412
91.1333	0.0263313
91.2	0.0296727
91.2667	0.033884
91.3333	0.0299614
91.4	0.0358486
91.4667	0.035624
91.5333	0.0300241
91.6	0.0316987
91.6667	0.0308967
91.7333	0.0297576
91.8	0.0260387
91.8667	0.0296048
91.9333	0.0340029
92	0.0253699
92.0667	0.0249036
92.1333	0.0293579
92.2	0.0258428
92.2667	0.019595
92.3333	0.0850706
92.4	0.042922
92.4667	0.0321533
92.5333	0.0365736
92.6	0.0360563
92.6667	0.0294376
92.7333	0.0298739
92.8	0.0313042
92.8667	0.0349147
92.9333	0.0346273
93	0.0336202
93.0667	0.0271556
93.1333	0.0305583
93.2	0.0307608
93.2667	0.0244334
93.3333	0.0253451
93.4	0.0255567
93.4667	0.0330285
93.5333	0.0214068
93.6	0.0261432
93.6667	0.0234275
93.7333	0.0191966
93.8	0.0227065
93.8667	0.0231336
93.9333	0.0262503
94	0.0761516
94.0667	0.0397713
94.1333	0.0308588
94.2	0.0335875
94.2667	0.027989
94.3333	0.0299588
94.4	0.0372555
94.4667	0.0171928
94.5333	0.0225863
94.6	0.0296897
94.6667	0.0330454
94.7333	0.0348624
94.8	0.0432903
94.8667	0.0265586
94.9333	0.0420024
95	0.0452523
95.0667	0.0298491
95.1333	0.0560249
95.2	0.0552464
95.2667	0.0558238
95.3333	0.0587824
95.4	0.0691854
95.4667	0.0520801
95.5333	0.0726195
95.6	0.0666134
95.6667	0.0763149
95.7333	0.0712571
95.8	0.0762874
95.8667	0.0654051
95.9333	0.0727919
96	0.0806895
96.0667	0.0789613
96.1333	0.0766858
96.2	0.0873304
96.2667	0.0897614
96.3333	0.10453
96.4	0.106197
96.4667	0.0973899
96.5333	0.105047
96.6	0.109299
96.6667	0.112228
96.7333	0.102531
96.8	0.109533
96.8667	0.106753
96.9333	0.11606
97	0.11301
97.0667	0.10941
97.1333	0.11444
97.2	0.115244
97.2667	0.107734
97.3333	0.129982
97.4	0.125221
97.4667	0.101096
97.5333	0.11778
97.6	0.120384
97.6667	0.0951575
97.7333	0.123745
97.8	0.120018
97.8667	0.13374
97.9333	0.112356
98	0.138086
98.0667	0.148502
98.1333	0.143788
98.2	0.162717
98.2667	0.117577
98.3333	0.140681
98.4	0.124012
98.4667	0.122843
98.5333	0.126362
98.6	0.107645
98.6667	0.143398
98.7333	0.123826
98.8	0.143106
98.8667	0.148893
98.9333	0.14724
99	0.0809129
99.0667	0.0993505
99.1333	0.109015
99.2	0.142103
99.2667	0.143173
99.3333	0.138471
99.4	0.125439
99.4667	0.144496
99.5333	0.139028
99.6	0.137398
99.6667	0.148889
99.7333	0.134801
99.8	0.153666
99.8667	0.145112
99.9333	0.135816
100	0.167723
100.067	0.143472
100.133	0.179337
100.2	0.173662
100.267	0.17708
100.333	0.181507
100.4	0.207446
100.467	0.159805
100.533	0.196056
100.6	0.203093
100.667	0.146854
100.733	0.186657
100.8	0.187465
100.867	0.193078
100.933	0.184374
101	0.221037
101.067	0.183904
101.133	0.198484
101.2	0.197427
101.267	0.211671
101.333	0.212046
101.4	0.194014
101.467	0.205533
101.533	0.203624
101.6	0.19172
101.667	0.176495
101.733	0.176068
101.8	0.159006
101.867	0.180535
101.933	0.161427
102	0.179879
102.067	0.18852
102.133	0.192598
102.2	0.173335
102.267	0.197609
102.333	0.200966
102.4	0.175601
102.467	0.200979
102.533	0.202093
102.6	0.199446
102.667	0.200788
102.733	0.2057
102.8	0.201707
102.867	0.205324
102.933	0.208352
103	0.202522
103.067	0.181755
103.133	0.176791
103.2	0.183573
103.267	0.202169
103.333	0.187618
103.4	0.210095
103.467	0.203972
103.533	0.204374
103.6	0.197866
103.667	0.207889
103.733	0.204618
103.8	0.201367
103.867	0.208549
103.933	0.202771
104	0.165855
104.067	0.151765
104.133	0.200896
104.2	0.1707
104.267	0.190662
104.333	0.198266
104.4	0.198398
104.467	0.196312
104.533	0.177972
104.6	0.16721
104.667	0.203935
104.733	0.176154
104.8	0.170173
104.867	0.206433
104.933	0.178938
105	0.19173
105.067	0.160658
105.133	0.197738
105.2	0.171391
105.267	0.211338
105.333	0.194029
105.4	0.174703
105.467	0.215345
105.533	0.171881
105.6	0.165435
105.667	0.193029
105.733	0.16459
105.8	0.169166
105.867	0.206876
105.933	0.158291
106	0.172735
106.067	0.211752
106.133	0.187056
106.2	0.171033
106.267	0.209425
106.333	0.152682
106.4	0.162194
106.467	0.17971
106.533	0.1664
106.6	0.165388
106.667	0.207445
106.733	0.164485
106.8	0.161293
106.867	0.217396
106.933	0.165675
107	0.199854
107.067	0.22236
107.133	0.17746
107.2	0.199418
107.267	0.220063
107.333	0.180854
107.4	0.174424
107.467	0.215028
107.533	0.191185
107.6	0.189487
107.667	0.212084
107.733	0.178776
107.8	0.183458
107.867	0.199934
107.933	0.172649
108	0.18262
108.067	0.204554
108.133	0.169569
108.2	0.188064
108.267	0.20385
108.333	0.183632
108.4	0.183052
108.467	0.198783
108.533	0.1769
108.6	0.177365
108.667	0.198171
108.733	0.173096
108.8	0.172172
108.867	0.19828
108.933	0.169586
109	0.166884
109.067	0.193071
109.133	0.156026
109.2	0.175983
109.267	0.191272
109.333	0.172269
109.4	0.179627
109.467	0.192304
109.533	0.177623
109.6	0.165921
109.667	0.187137
109.733	0.172315
109.8	0.174073
109.867	0.19051
109.933	0.16492
110	0.18007
110.067	0.191822
110.133	0.190286
110.2	0.177117
110.267	0.191227
110.333	0.174246
110.4	0.177532
110.467	0.185949
110.533	0.171822
110.6	0.176887
110.667	0.188996
110.733	0.167235
110.8	0.17366
110.867	0.188728
110.933	0.156605
111	0.171082
111.067	0.185465
111.133	0.157601
111.2	0.155581
111.267	0.180576
111.333	0.113351
111.4	0.159555
111.467	0.182669
111.533	0.154712
111.6	0.158883
111.667	0.13809
111.733	0.159881
111.8	0.148644
111.867	0.183583
111.933	0.14743
112	0.122034
112.067	0.187712
112.133	0.139964
112.2	0.125538
112.267	0.18626
112.333	0.131696
112.4	0.119237
112.467	0.185362
112.533	0.134302
112.6	0.144629
112.667	0.188455
112.733	0.13176
112.8	0.147447
112.867	0.195251
112.933	0.142747
113	0.152699
113.067	0.194947
113.133	0.151284
113.2	0.158273
113.267	0.19888
113.333	0.170106
113.4	0.168448
113.467	0.200317
113.533	0.171795
113.6	0.166857
113.667	0.201752
113.733	0.178169
113.8	0.170423
113.867	0.192815
113.933	0.147486
114	0.175193
114.067	0.188793
114.133	0.172482
114.2	0.174055
114.267	0.193629
114.333	0.183306
114.4	0.183246
114.467	0.188706
114.533	0.171774
114.6	0.176642
114.667	0.185053
114.733	0.17548
114.8	0.174673
114.867	0.182092
114.933	0.175571
115	0.170362
115.067	0.18073
115.133	0.172319
115.2	0.169116
115.267	0.178132
115.333	0.171011
115.4	0.171355
115.467	0.179179
115.533	0.168177
115.6	0.175982
115.667	0.178183
115.733	0.15589
115.8	0.14649
115.867	0.172682
115.933	0.165208
116	0.153165
116.067	0.162723
116.133	0.165712
116.2	0.15575
116.267	0.155237
116.333	0.150953
116.4	0.150063
116.467	0.166147
116.533	0.150777
116.6	0.150301
116.667	0.151935
116.733	0.149713
116.8	0.153447
116.867	0.163005
116.933	0.153142
117	0.135365
117.067	0.128102
117.133	0.147089
117.2	0.150975
117.267	0.169112
117.333	0.153406
117.4	0.134462
117.467	0.156926
117.533	0.118347
117.6	0.124867
117.667	0.159349
117.733	0.117631
117.8	0.134682
117.867	0.161559
117.933	0.152229
118	0.147827
118.067	0.166379
118.133	0.13544
118.2	0.138628
118.267	0.145692
118.333	0.14495
118.4	0.137984
118.467	0.167021
118.533	0.139414
118.6	0.140736
118.667	0.157643
118.733	0.146851
118.8	0.141145
118.867	0.14971
118.933	0.137556
119	0.126159
119.067	0.0814301
119.133	0.122017
119.2	0.13008
119.267	0.108336
119.333	0.125554
119.4	0.118439
119.467	0.13865
119.533	0.121572
119.6	0.117396
119.667	0.127354
119.733	0.115477
119.8	0.118882
119.867	0.131892
119.933	0.119604
120	0.116955
120.067	0.110413
120.133	0.118061
120.2	0.126052
120.267	0.128236
120.333	0.116323
120.4	0.112565
120.467	0.124176
120.533	0.128164
120.6	0.12829
120.667	0.138463
120.733	0.116481
120.8	0.116057
120.867	0.129766
120.933	0.120517
121	0.121702
121.067	0.129271
121.133	0.121953
121.2	0.115681
121.267	0.130569
121.333	0.117843
121.4	0.115207
121.467	0.130634
121.533	0.115686
121.6	0.108749
121.667	0.119302
121.733	0.108377
121.8	0.104743
121.867	0.127922
121.933	0.11653
122	0.116844
122.067	0.125259
122.133	0.113173
122.2	0.113325
122.267	0.127021
122.333	0.112962
122.4	0.110181
122.467	0.124783
122.533	0.106637
122.6	0.0962665
122.667	0.126024
122.733	0.0907646
122.8	0.085968
122.867	0.115919
122.933	0.0669713
123	0.0768374
123.067	0.106846
123.133	0.0708639
123.2	0.0751392
123.267	0.102418
123.333	0.0641354
123.4	0.0792748
123.467	0.0918396
123.533	0.071564
123.6	0.0731629
123.667	0.087849
123.733	0.0626006
123.8	0.0609743
123.867	0.0829336
123.933	0.067047
124	0.0715249
124.067	0.0788921
124.133	0.0627848
124.2	0.0659184
124.267	0.0756265
124.333	0.0626581
124.4	0.0574723
124.467	0.0743882
124.533	0.0615334
124.6	0.0593441
124.667	0.0719572
124.733	0.0639917
124.8	0.0662306
124.867	0.0773612
124.933	0.066309
125	0.0667126
125.067	0.0786113
125.133	0.0715771
125.2	0.0632576
125.267	0.0596459
125.333	0.0720029
125.4	0.0785681
125.467	0.08825
125.533	0.0829428
125.6	0.0844463
125.667	0.105214
125.733	0.0931263
125.8	0.0949367
125.867	0.105374
125.933	0.0992121
126	0.0964258
126.067	0.115565
126.133	0.105231
126.2	0.108718
126.267	0.121872
126.333	0.114189
126.4	0.120508
126.467	0.131442
126.533	0.122104
126.6	0.113994
126.667	0.14071
126.733	0.133502
126.8	0.126869
126.867	0.119514
126.933	0.101855
127	0.137818
127.067	0.139222
127.133	0.138406
127.2	0.136618
127.267	0.148352
127.333	0.129577
127.4	0.12553
127.467	0.148229
127.533	0.131327
127.6	0.131179
127.667	0.134564
127.733	0.120863
127.8	0.120407
127.867	0.111036
127.933	0.117792
128	0.110054
128.067	0.126616
128.133	0.120594
128.2	0.121301
128.267	0.126493
128.333	0.102496
128.4	0.117247
128.467	0.118623
128.533	0.112725
128.6	0.105038
128.667	0.116213
128.733	0.100298
128.8	0.101067
128.867	0.106946
128.933	0.0871802
129	0.0973637
129.067	0.0983421
129.133	0.084296
129.2	0.0910271
129.267	0.0980926
129.333	0.0840897
129.4	0.0801213
129.467	0.09478
129.533	0.0761594
129.6	0.0659276
129.667	0.0851007
129.733	0.0760536
129.8	0.0690038
129.867	0.0754096
129.933	0.0701115
130	0.0697836
130.067	0.0666395
130.133	0.0662698
130.2	0.0538553
130.267	0.0607744
130.333	0.0557088
130.4	0.0446279
130.467	0.043323
130.533	0.0383606
130.6	0.0353353
130.667	0.0445966
130.733	0.0313186
130.8	0.0294128
130.867	0.0297511
130.933	0.0236823
131	0.0223904
131.067	0.0214172
131.133	0.0228632
131.2	0.0142329
131.267	0.0188687
131.333	0.0146287
131.4	0.0195558
131.467	0.0183893
131.533	0.0108288
131.6	0.0198445
131.667	0.0219018
131.733	0.0214747
131.8	0.0302618
131.867	0.0307334
131.933	0.0227653
132	0.0360733
132.067	0.0305165
132.133	0.0353274
132.2	0.0309097
132.267	0.0261654
132.333	0.0547409
132.4	0.030463
132.467	0.0304173
132.533	0.0460975
132.6	0.0291489
132.667	0.024112
132.733	0.0281065
132.8	0.0318816
132.867	0.0397661
132.933	0.0323139
133	0.0195232
133.067	0.0314975
133.133	0.028949
133.2	0.0232695
133.267	0.0308261
133.333	0.0408476
133.4	0.0221722
133.467	0.0253595
133.533	0.0272836
133.6	0.0261106
133.667	0.0289255
133.733	0.0407523
133.8	0.0378172
133.867	0.0398484
133.933	0.0416301
134	0.0625327
134.067	0.0420376
134.133	0.0439369
134.2	0.0519612
134.267	0.064833
134.333	0.0615856
134.4	0.069346
134.467	0.0672626
134.533	0.0800063
134.6	0.0768975
134.667	0.0780313
134.733	0.0708835
134.8	0.0768021
134.867	0.0983591
134.933	0.0912074
135	0.0883963
135.067	0.104176
135.133	0.0858779
135.2	0.0977621
135.267	0.112437
135.333	0.103149
135.4	0.0892049
135.467	0.121597
135.533	0.102081
135.6	0.107282
135.667	0.125017
135.733	0.104995
135.8	0.10065
135.867	0.105076
135.933	0.10068
136	0.11299
136.067	0.110697
136.133	0.101754
136.2	0.0929826
136.267	0.0893995
136.333	0.084074
136.4	0.0806438
136.467	0.0805602
136.533	0.0783173
136.6	0.0656206
136.667	0.076213
136.733	0.0683899
136.8	0.0675042
136.867	0.0746468
136.933	0.0619475
137	0.0616784
137.067	0.0635032
137.133	0.0681587
137.2	0.0634065
137.267	0.0519925
137.333	0.0715876
137.4	0.0468459
137.467	0.0549956
137.533	0.0498385
137.6	0.0501429
137.667	0.0425706
137.733	0.0418365
137.8	0.0347893
137.867	0.0381777
137.933	0.0313591
138	0.0319678
138.067	0.0354489
138.133	0.027038
138.2	0.0198563
138.267	0.0218731
138.333	0.0181699
138.4	0.0257331
138.467	0.0212566
138.533	0.0256717
138.6	0.0198458
138.667	0.0313747
138.733	0.0189354
138.8	0.0202612
138.867	0.0226281
138.933	0.0215165
139	0.0494375
139.067	0.0337665
139.133	0.0267546
139.2	0.0262203
139.267	0.0295238
139.333	0.0265286
139.4	0.0213284
139.467	0.0289869
139.533	0.0209627
139.6	0.0249114
139.667	0.0191143
139.733	0.0210802
139.8	0.0208856
139.867	0.0224805
139.933	0.0225785
140	0.0278231
140.067	0.0251061
140.133	0.0323466
140.2	0.0266605
140.267	0.0247377
140.333	0.0311462
140.4	0.024436
140.467	0.0335601
140.533	0.0319835
140.6	0.0364169
140.667	0.0675656
140.733	0.0473893
140.8	0.0445587
140.867	0.0490705
140.933	0.0381947
141	0.0516973
141.067	0.0644502
141.133	0.0504015
141.2	0.0587406
141.267	0.0521754
141.333	0.045332
141.4	0.0511291
141.467	0.0688967
141.533	0.0690691
141.6	0.0617985
141.667	0.0719481
141.733	0.0537037
141.8	0.0620023
141.867	0.0797999
141.933	0.0556344
142	0.0542053
142.067	0.0765513
142.133	0.066211
142.2	0.0619749
142.267	0.0801761
142.333	0.0692311
142.4	0.0613949
142.467	0.0838114
142.533	0.065055
142.6	0.0704315
142.667	0.0871881
142.733	0.0684395
142.8	0.0617567
142.867	0.0996928
142.933	0.0753104
143	0.0737964
143.067	0.0942901
143.133	0.0745005
143.2	0.0831596
143.267	0.0969483
143.333	0.0898985
143.4	0.0904589
143.467	0.0994838
143.533	0.0873775
143.6	0.0915431
143.667	0.0985851
143.733	0.0915888
143.8	0.0844188
143.867	0.073125
143.933	0.0799475
144	0.096017
144.067	0.0953887
144.133	0.0772632
144.2	0.07449
144.267	0.083477
144.333	0.067307
144.4	0.0666708
144.467	0.0866029
144.533	0.068028
144.6	0.0729643
144.667	0.0706392
144.733	0.0600377
144.8	0.0644672
144.867	0.0733105
144.933	0.0603251
145	0.0606543
145.067	0.0723556
145.133	0.0635476
145.2	0.0669843
145.267	0.0676231
145.333	0.055923
145.4	0.0539376
145.467	0.0533328
145.533	0.0419867
145.6	0.0358826
145.667	0.0589823
145.733	0.0278466
145.8	0.0356854
145.867	0.0357415
145.933	0.0371183
146	0.0317157
146.067	0.0296414
146.133	0.0210058
146.2	0.0245013
146.267	0.032502
146.333	0.0279811
146.4	0.0305022
146.467	0.0398327
146.533	0.016302
146.6	0.0211455
146.667	0.0215818
146.733	0.0278936
146.8	0.027473
146.867	0.0286329
146.933	0.0289164
147	0.0268329
147.067	0.0213493
147.133	0.0196159
147.2	0.0187224
147.267	0.0128835
147.333	0.0423668
147.4	0.023003
147.467	0.0223146
147.533	0.0258885
147.6	0.0156332
147.667	0.0281392
147.733	0.0260231
147.8	0.0202377
147.867	0.0198772
147.933	0.0180105
148	0.0230135
148.067	0.0274782
148.133	0.0184651
148.2	0.0186153
148.267	0.0143295
148.333	0.0159062
148.4	0.0188335
148.467	0.0180693
148.533	0.0192436
148.6	0.0236653
148.667	0.0183345
148.733	0.0182287
148.8	0.018614
148.867	0.0150663
148.933	0.012826
149	0.0480621
149.067	0.0230265
149.133	0.0228698
149.2	0.0231715
149.267	0.0235438
149.333	0.0268133
149.4	0.0167396
149.467	0.0301848
149.533	0.0244686
149.6	0.0201815
149.667	0.0277904
149.733	0.0307425
149.8	0.0204741
149.867	0.0144001
149.933	0.0154803
150	0.0325726
150.067	0.0222728
150.133	0.0162745
150.2	0.0189602
150.267	0.0179021
150.333	0.01553
150.4	0.0259094
150.467	0.0238547
150.533	0.0202351
150.6	0.0188191
150.667	0.04758
150.733	0.0250133
150.8	0.0228854
150.867	0.017957
150.933	0.022811
151	0.0199843
151.067	0.0294859
151.133	0.0296714
151.2	0.0307033
151.267	0.0268865
151.333	0.0291045
151.4	0.0301586
151.467	0.0320853
151.533	0.0439683
151.6	0.0350074
151.667	0.0369616
151.733	0.0357742
151.8	0.0418352
151.867	0.047021
151.933	0.0431532
152	0.0387132
152.067	0.0362366
152.133	0.0396864
152.2	0.0334674
152.267	0.0372202
152.333	0.0615504
152.4	0.0428789
152.467	0.0349055
152.533	0.0401749
152.6	0.0339258
152.667	0.0433792
152.733	0.0377048
152.8	0.0337965
152.867	0.0421761
152.933	0.0420664
153	0.0379791
153.067	0.0441929
153.133	0.0410331
153.2	0.0461641
153.267	0.0447781
153.333	0.0500528
153.4	0.0442282
153.467	0.0518528
153.533	0.0483076
153.6	0.0527136
153.667	0.0581606
153.733	0.0541466
153.8	0.0512846
153.867	0.0528547
153.933	0.0537664
154	0.0698058
154.067	0.0592043
154.133	0.058401
154.2	0.0605955
154.267	0.0609939
154.333	0.0603682
154.4	0.0633177
154.467	0.0565958
154.533	0.0535378
154.6	0.0512689
154.667	0.0550727
154.733	0.0532256
154.8	0.0482279
154.867	0.0450172
154.933	0.0425915
155	0.0401736
155.067	0.0436913
155.133	0.0403003
155.2	0.0348663
155.267	0.0381189
155.333	0.0342785
155.4	0.032711
155.467	0.0319599
155.533	0.0364874
155.6	0.0280869
155.667	0.0625666
155.733	0.0392201
155.8	0.0336973
155.867	0.0379399
155.933	0.0293344
156	0.0318659
156.067	0.040158
156.133	0.026556
156.2	0.0269244
156.267	0.0356409
156.333	0.0360903
156.4	0.0423982
156.467	0.0355103
156.533	0.0425458
156.6	0.0292978
156.667	0.0310168
156.733	0.024914
156.8	0.0244987
156.867	0.0258154
156.933	0.0216889
157	0.0248879
157.067	0.0331343
157.133	0.035978
157.2	0.0331121
157.267	0.0257618
157.333	0.0447664
157.4	0.0254457
157.467	0.0203121
157.533	0.0246815
157.6	0.022491
157.667	0.0260583
157.733	0.0244895
157.8	0.0216928
157.867	0.0216288
157.933	0.0189184
158	0.0271726
158.067	0.0234641
158.133	0.0255306
158.2	0.0227992
158.267	0.0205956
158.333	0.0228881
158.4	0.0207197
158.467	0.0316948
158.533	0.0271908
158.6	0.0268865
158.667	0.0295251
158.733	0.024338
158.8	0.0252393
158.867	0.0230487
158.933	0.0242583
159	0.0461131
159.067	0.0297628
159.133	0.0391887
159.2	0.0295356
159.267	0.0358356
159.333	0.027955
159.4	0.028821
159.467	0.0275213
159.533	0.0296231
159.6	0.0316308
159.667	0.0245601
159.733	0.0307987
159.8	0.0313747
159.867	0.0427077
159.933	0.0271373
160	0.0309803
160.067	0.0397935
160.133	0.0344444
160.2	0.0351459
160.267	0.0328691
160.333	0.0367656
160.4	0.0335496
160.467	0.0382613
160.533	0.0382417
160.6	0.0412421
160.667	0.0640845
160.733	0.0417568
160.8	0.031299
160.867	0.0418104
160.933	0.0385173
161	0.046262
161.067	0.0402899
161.133	0.0378263
161.2	0.0326993
161.267	0.040009
161.333	0.0373678
161.4	0.0389562
161.467	0.0455893
161.533	0.0290013
161.6	0.027695
161.667	0.0234354
161.733	0.0122591
161.8	0.0132088
161.867	0.0108928
161.933	0.0192136
162	0.0249937
162.067	0.0142159
162.133	0.0164091
162.2	0.0228985
162.267	0.0168911
162.333	0.0358865
162.4	0.0236705
162.467	0.0212278
162.533	0.0168937
162.6	0.0254849
162.667	0.0253255
162.733	0.0185905
162.8	0.0292142
162.867	0.0249859
162.933	0.025447
163	0.0240663
163.067	0.0264789
163.133	0.0314009
163.2	0.0297145
163.267	0.0305871
163.333	0.0313042
163.4	0.0291776
163.467	0.0334099
163.533	0.0323832
163.6	0.0280582
163.667	0.039305
163.733	0.0395401
163.8	0.046053
163.867	0.03498
163.933	0.0346312
164	0.0548506
164.067	0.0413858
164.133	0.0434471
164.2	0.0305596
164.267	0.0379282
164.333	0.0403526
164.4	0.0315524
164.467	0.0319443
164.533	0.0292704
164.6	0.0263601
164.667	0.0283887
164.733	0.0348402
164.8	0.0262882
164.867	0.0277329
164.933	0.0208203
165	0.0205486
165.067	0.0182692
165.133	0.021894
165.2	0.0233061
165.267	0.0215113
165.333	0.0194069
165.4	0.0195114
165.467	0.023741
165.533	0.0137169
165.6	0.015965
165.667	0.0487021
165.733	0.0218809
165.8	0.019565
165.867	0.0189837
165.933	0.0254
166	0.0250564
166.067	0.0281627
166.133	0.0226791
166.2	0.0265416
166.267	0.0215113
166.333	0.0233021
166.4	0.033837
166.467	0.0289399
166.533	0.0359701
166.6	0.0261929
166.667	0.046569
166.733	0.0197923
166.8	0.0249454
166.867	0.0220312
166.933	0.0242975
167	0.0214002
167.067	0.0190634
167.133	0.0195323
167.2	0.0194278
167.267	0.0208359
167.333	0.0256495
167.4	0.0199281
167.467	0.0238495
167.533	0.0271477
167.6	0.0243602
167.667	0.0271085
167.733	0.0229534
167.8	0.0234262
167.867	0.0272966
167.933	0.0262673
168	0.0244817
168.067	0.0267075
168.133	0.0287766
168.2	0.043195
168.267	0.0285768
168.333	0.0337965
168.4	0.032536
168.467	0.0307647
168.533	0.0259656
168.6	0.0261067
168.667	0.0295774
168.733	0.0354097
168.8	0.0374736
168.867	0.0368936
168.933	0.0288093
169	0.0442583
169.067	0.0393272
169.133	0.0376722
169.2	0.0376591
169.267	0.0416079
169.333	0.0346861
169.4	0.0454091
169.467	0.0418796
169.533	0.046215
169.6	0.0459995
169.667	0.0538696
169.733	0.036571
169.8	0.0443615
169.867	0.0516098
169.933	0.0492612
170	0.048787
170.067	0.0476806
170.133	0.0437162
170.2	0.0403212
170.267	0.0472561
170.333	0.0402598
170.4	0.0319064
170.467	0.0335092
170.533	0.0340042
170.6	0.0266788
170.667	0.0431466
170.733	0.0202899
170.8	0.0179753
170.867	0.022039
170.933	0.0162667
171	0.017313
171.067	0.0180066
171.133	0.0187237
171.2	0.0218169
171.267	0.0237097
171.333	0.0188531
171.4	0.0146979
171.467	0.0166599
171.533	0.017684
171.6	0.0174528
171.667	0.0176213
171.733	0.0190294
171.8	0.0226555
171.867	0.0152374
171.933	0.016865
172	0.0197491
172.067	0.0160054
172.133	0.0172072
172.2	0.0176409
172.267	0.0150872
172.333	0.0622335
172.4	0.0240637
172.467	0.0258206
172.533	0.0210293
172.6	0.0220756
172.667	0.0219136
172.733	0.0216746
172.8	0.0198981
172.867	0.0207615
172.933	0.0229495
173	0.0204493
173.067	0.0238207
173.133	0.0297067
173.2	0.0243798
173.267	0.0250016
173.333	0.0202507
173.4	0.0251753
173.467	0.0210632
173.533	0.027844
173.6	0.0227222
173.667	0.0149996
173.733	0.0250421
173.8	0.0143844
173.867	0.0205603
173.933	0.00879235
174	0.0585956
174.067	0.0223629
174.133	0.0213611
174.2	0.0239043
174.267	0.0180523
174.333	0.0193116
174.4	0.0163411
174.467	0.0148011
174.533	0.0151864
174.6	0.0225092
174.667	0.0191248
174.733	0.0200065
174.8	0.018806
174.867	0.0161544
174.933	0.0146469
175	0.0145229
175.067	0.0206792
175.133	0.0156306
175.2	0.0206191
175.267	0.0246881
175.333	0.0264136
175.4	0.022491
175.467	0.0219802
175.533	0.0295434
175.6	0.0290313
175.667	0.0381489
175.733	0.0212304
175.8	0.0176108
175.867	0.0239109
175.933	0.0227757
176	0.0243406
176.067	0.032182
176.133	0.0315785
176.2	0.0345476
176.267	0.0389118
176.333	0.0391025
176.4	0.0372711
176.467	0.0519534
176.533	0.0520095
176.6	0.0484409
176.667	0.0518345
176.733	0.0485819
176.8	0.0515367
176.867	0.0509227
176.933	0.0488549
177	0.0453085
177.067	0.0528312
177.133	0.0522982
177.2	0.0559361
177.267	0.0623707
177.333	0.0553235
177.4	0.0549603
177.467	0.0699587
177.533	0.0589379
177.6	0.0539767
177.667	0.0735796
177.733	0.0593585
177.8	0.0562953
177.867	0.0779895
177.933	0.0612813
178	0.0611807
178.067	0.0583096
178.133	0.0626894
178.2	0.071982
178.267	0.0851151
178.333	0.0731942
178.4	0.0736384
178.467	0.0932464
178.533	0.0682514
178.6	0.0732596
178.667	0.0832001
178.733	0.0776668
178.8	0.0714373
178.867	0.0808737
178.933	0.0698307
179	0.0718449
179.067	0.0763044
179.133	0.0667335
179.2	0.0671045
179.267	0.0699404
179.333	0.0682645
179.4	0.0603604
179.467	0.0608633
179.533	0.0498934
179.6	0.0506001
179.667	0.0517757
179.733	0.0490457
179.8	0.045686
179.867	0.0505844
179.933	0.0475369
180	0.0438429
180.067	0.0439931
180.133	0.0413715
180.2	0.0368388
180.267	0.0381529
180.333	0.0355587
180.4	0.0325216
180.467	0.0306655
180.533	0.0276611
180.6	0.0259734
180.667	0.0687426
180.733	0.0419083
180.8	0.0413754
180.867	0.042935
180.933	0.033615
181	0.0377218
181.067	0.0365253
181.133	0.0327045
181.2	0.0386688
181.267	0.0341923
181.333	0.0377936
181.4	0.0468407
181.467	0.0467649
181.533	0.0409378
181.6	0.0477538
181.667	0.0428331
181.733	0.0379295
181.8	0.0356645
181.867	0.0360916
181.933	0.0349695
182	0.0372202
182.067	0.0353706
182.133	0.0405524
182.2	0.0389862
182.267	0.0437958
182.333	0.0575023
182.4	0.0445482
182.467	0.0441825
182.533	0.048079
182.6	0.0492873
182.667	0.0419736
182.733	0.0441511
182.8	0.0473031
182.867	0.0406987
182.933	0.0462947
183	0.0372424
183.067	0.0469909
183.133	0.0456886
183.2	0.0456886
183.267	0.0396524
183.333	0.0418299
183.4	0.0357677
183.467	0.042858
183.533	0.0504015
183.6	0.0494245
183.667	0.0464658
183.733	0.0526875
183.8	0.0533915
183.867	0.050203
183.933	0.0536972
184	0.0618482
184.067	0.0445783
184.133	0.0507882
184.2	0.0473018
184.267	0.0498399
184.333	0.0508992
184.4	0.0470353
184.467	0.042521
184.533	0.0389732
184.6	0.0354424
184.667	0.0353575
184.733	0.0373874
184.8	0.0357964
184.867	0.045302
184.933	0.0522473
185	0.041135
185.067	0.0389405
185.133	0.039915
185.2	0.0388282
185.267	0.0402768
185.333	0.0424308
185.4	0.0411089
185.467	0.0430709
185.533	0.0418574
185.6	0.0441498
185.667	0.077096
185.733	0.0517274
185.8	0.0487883
185.867	0.0525621
185.933	0.0478975
186	0.0494388
186.067	0.0474821
186.133	0.0495055
186.2	0.0503297
186.267	0.0523387
186.333	0.0476218
186.4	0.0481953
186.467	0.0444268
186.533	0.0457813
186.6	0.0496126
186.667	0.0457121
186.733	0.0479758
186.8	0.0462359
186.867	0.038917
186.933	0.0395153
187	0.0406452
187.067	0.0415987
187.133	0.0418247
187.2	0.037083
187.267	0.0237332
187.333	0.0641472
187.4	0.0361439
187.467	0.0355443
187.533	0.0356227
187.6	0.0234589
187.667	0.0244921
187.733	0.022022
187.8	0.030092
187.867	0.0290653
187.933	0.0305753
188	0.0280895
188.067	0.0303637
188.133	0.0269831
188.2	0.0226098
188.267	0.028198
188.333	0.0206034
188.4	0.0266226
188.467	0.0278636
188.533	0.0253974
188.6	0.0316478
188.667	0.0277029
188.733	0.0357089
188.8	0.0228672
188.867	0.0224348
188.933	0.0200078
189	0.0608424
189.067	0.0337521
189.133	0.0272287
189.2	0.0197178
189.267	0.0240872
189.333	0.0218
189.4	0.0189354
189.467	0.0249558
189.533	0.0242453
189.6	0.0287374
189.667	0.030847
189.733	0.0344928
189.8	0.0150388
189.867	0.0185774
189.933	0.0175742
190	0.0224857
190.067	0.0263274
190.133	0.021732
190.2	0.0209182
190.267	0.0240767
190.333	0.0255097
190.4	0.0224243
190.467	0.0237032
190.533	0.0254757
190.6	0.0192201
190.667	0.0546011
190.733	0.0264463
190.8	0.0283599
190.867	0.03289
190.933	0.029998
191	0.0238795
191.067	0.0233962
191.133	0.0306929
191.2	0.0322016
191.267	0.0349108
191.333	0.0323662
191.4	0.0295956
191.467	0.0336842
191.533	0.0309254
191.6	0.0258323
191.667	0.0243406
191.733	0.0222506
191.8	0.0160838
191.867	0.0197322
191.933	0.0164718
192	0.0170021
192.067	0.024176
192.133	0.0190738
192.2	0.0223355
192.267	0.020913
192.333	0.0420977
192.4	0.0239553
192.467	0.0298229
192.533	0.0260165
192.6	0.0262046
192.667	0.0278218
192.733	0.0218627
192.8	0.0197204
192.867	0.0221252
192.933	0.0225119
193	0.023728
193.067	0.0229168
193.133	0.0217856
193.2	0.0254444
193.267	0.0245352
193.333	0.0287792
193.4	0.0243197
193.467	0.0241786
193.533	0.0228214
193.6	0.0190503
193.667	0.0223185
193.733	0.0215701
193.8	0.019211
193.867	0.0234497
193.933	0.0245169
194	0.0475396
194.067	0.0255672
194.133	0.0228737
194.2	0.0224648
194.267	0.0247547
194.333	0.0233766
194.4	0.0236
194.467	0.0252119
194.533	0.0252053
194.6	0.0263052
194.667	0.025319
194.733	0.0233074
194.8	0.0228541
194.867	0.0281888
194.933	0.0235699
195	0.0212592
195.067	0.0280503
195.133	0.0251348
195.2	0.025012
195.267	0.0321141
195.333	0.0249963
195.4	0.0339193
195.467	0.0347605
195.533	0.0375611
195.6	0.0246228
195.667	0.0626855
195.733	0.042952
195.8	0.0294102
195.867	0.0339624
195.933	0.0375089
196	0.0345907
196.067	0.0302174
196.133	0.0259865
196.2	0.029
196.267	0.0233962
196.333	0.0347161
196.4	0.0298046
196.467	0.0311135
196.533	0.0265887
196.6	0.0393481
196.667	0.0349042
196.733	0.0305779
196.8	0.0375363
196.867	0.0334373
196.933	0.0314766
197	0.0388204
197.067	0.0394878
197.133	0.0444163
197.2	0.0526287
197.267	0.0546429
197.333	0.0711761
197.4	0.0547735
197.467	0.0507529
197.533	0.0522669
197.6	0.05176
197.667	0.0558394
197.733	0.053014
197.8	0.065234
197.867	0.0611167
197.933	0.0583879
198	0.0552699
198.067	0.0639486
198.133	0.0613988
198.2	0.0667531
198.267	0.0627704
198.333	0.0631309
198.4	0.0601579
198.467	0.0610906
198.533	0.0621042
198.6	0.0701807
198.667	0.0617345
198.733	0.0711578
198.8	0.0716045
198.867	0.066356
198.933	0.0724484
199	0.100457
199.067	0.0739101
199.133	0.0766937
199.2	0.0748244
199.267	0.0715131
199.333	0.0736697
199.4	0.0761646
199.467	0.0774787
199.533	0.0797777
199.6	0.0842294
199.667	0.0829075
199.733	0.0775062
199.8	0.0852261
199.867	0.08729
199.933	0.0804165
200	0.0962142
200.067	0.0711395
200.133	0.0855605
200.2	0.0828239
200.267	0.0716032
200.333	0.0789705
200.4	0.079412
200.467	0.0886929
200.533	0.0837056
200.6	0.0816444
200.667	0.104197
200.733	0.0830564
200.8	0.0889228
200.867	0.0902982
200.933	0.0904602
201	0.0912531
201.067	0.0840113
201.133	0.0918501
201.2	0.0917155
201.267	0.0738199
201.333	0.0868289
201.4	0.0901741
201.467	0.0677407
201.533	0.0846252
201.6	0.070041
201.667	0.0517156
201.733	0.0900971
201.8	0.0970502
201.867	0.0892585
201.933	0.093347
202	0.0653385
202.067	0.0487152
202.133	0.0756696
202.2	0.0794825
202.267	0.0592879
202.333	0.0899364
202.4	0.095407
202.467	0.0781697
202.533	0.0651256
202.6	0.0629533
202.667	0.0567094
202.733	0.0533315
202.8	0.0818886
202.867	0.0591429
202.933	0.0748532
203	0.0598718
203.067	0.0598797
203.133	0.0774422
203.2	0.0554045
203.267	0.0495695
203.333	0.057757
203.4	0.0686642
203.467	0.0737612
203.533	0.0594578
203.6	0.0567564
203.667	0.0527502
203.733	0.0506563
203.8	0.0498621
203.867	0.0522629
203.933	0.0542393
204	0.0898411
204.067	0.0544405
204.133	0.0547487
204.2	0.060201
204.267	0.0565592
204.333	0.0534569
204.4	0.0525582
204.467	0.0640166
204.533	0.0570778
204.6	0.0615634
204.667	0.0634601
204.733	0.0570752
204.8	0.0624922
204.867	0.053351
204.933	0.0597477
205	0.0544992
205.067	0.0631388
205.133	0.0553783
205.2	0.0559165
205.267	0.0404349
205.333	0.0383828
205.4	0.0434902
205.467	0.0365658
205.533	0.0400639
205.6	0.0331839
205.667	0.0805327
205.733	0.041779
205.8	0.0405969
205.867	0.0536528
205.933	0.0469086
206	0.0489542
206.067	0.0504538
206.133	0.0453751
206.2	0.0433204
206.267	0.0481548
206.333	0.0412983
206.4	0.0466931
206.467	0.0480294
206.533	0.0468773
206.6	0.0469204
206.667	0.0504878
206.733	0.0493069
206.8	0.0501952
206.867	0.0483272
206.933	0.0547108
207	0.0501011
207.067	0.052967
207.133	0.052451
207.2	0.0517992
207.267	0.0437841
207.333	0.088668
207.4	0.0588059
207.467	0.0633151
207.533	0.0499692
207.6	0.0479915
207.667	0.0495864
207.733	0.0519194
207.8	0.0484095
207.867	0.0507751
207.933	0.0454626
208	0.0450734
208.067	0.0515915
208.133	0.0533066
208.2	0.0504943
208.267	0.0403905
208.333	0.0404414
208.4	0.0451243
208.467	0.0546808
208.533	0.0389771
208.6	0.0448892
208.667	0.0584728
208.733	0.0415805
208.8	0.0440989
208.867	0.0429546
208.933	0.0334203
209	0.0785459
209.067	0.0541622
209.133	0.0274782
209.2	0.0363829
209.267	0.0229926
209.333	0.0238429
209.4	0.0229534
209.467	0.0342498
209.533	0.034417
209.6	0.0243942
209.667	0.0221383
209.733	0.0295996
209.8	0.0370726
209.867	0.0396211
209.933	0.0255646
210	0.0264567
210.067	0.031811
210.133	0.0263026
210.2	0.0286865
210.267	0.0335392
210.333	0.0324015
210.4	0.0367578
210.467	0.034336
210.533	0.0344039
210.6	0.0317418
210.667	0.0845494
210.733	0.046923
210.8	0.03765
210.867	0.0486459
210.933	0.0394591
211	0.0401841
211.067	0.0351276
211.133	0.0344079
211.2	0.0459067
211.267	0.0325791
211.333	0.0489581
211.4	0.0405133
211.467	0.0359675
211.533	0.0376539
211.6	0.0342341
211.667	0.0308366
211.733	0.035496
211.8	0.0383997
211.867	0.0312128
211.933	0.0330885
212	0.0355051
212.067	0.0277264
212.133	0.0328678
212.2	0.0338187
212.267	0.0315851
212.333	0.0877406
212.4	0.0481705
212.467	0.0470615
212.533	0.0394826
212.6	0.0482946
212.667	0.0360158
212.733	0.038661
212.8	0.0343334
212.867	0.0346939
212.933	0.0381307
213	0.0325256
213.067	0.0278152
213.133	0.0298308
213.2	0.0431284
213.267	0.0254026
213.333	0.0452275
213.4	0.0383501
213.467	0.0258885
213.533	0.0311853
213.6	0.0305518
213.667	0.0335353
213.733	0.0353928
213.8	0.034174
213.867	0.0291829
213.933	0.0270498
214	0.0794081
214.067	0.0650602
214.133	0.0475382
214.2	0.0364142
214.267	0.0272653
214.333	0.0297994
214.4	0.0379086
214.467	0.0340604
214.533	0.0333955
214.6	0.0320435
214.667	0.0250107
214.733	0.0284879
214.8	0.0199712
214.867	0.0232839
214.933	0.0242074
215	0.0180811
215.067	0.0161517
215.133	0.0142028
215.2	0.0220312
215.267	0.0195793
215.333	0.0175677
215.4	0.0227156
215.467	0.0206544
215.533	0.0196185
215.6	0.0231741
215.667	0.0829833
215.733	0.03707
215.8	0.0311618
215.867	0.0283416
215.933	0.0202364
216	0.0311004
216.067	0.0404649
216.133	0.0283142
216.2	0.0337417
216.267	0.0311292
216.333	0.0235333
216.4	0.02424
216.467	0.036925
216.533	0.0204976
216.6	0.0217843
216.667	0.0412212
216.733	0.021621
216.8	0.0190751
216.867	0.0140226
216.933	0.0142603
217	0.0146012
217.067	0.0224204
217.133	0.0230879
217.2	0.0182182
217.267	0.0208307
217.333	0.0560145
217.4	0.0325582
217.467	0.0293579
217.533	0.0262921
217.6	0.0216667
217.667	0.0233949
217.733	0.0134034
217.8	0.0216132
217.867	0.0218653
217.933	0.0140539
218	0.0169407
218.067	0.0253268
218.133	0.0167396
218.2	0.0152504
218.267	0.0203618
218.333	0.0211403
218.4	0.0165893
218.467	0.0213924
218.533	0.0192214
218.6	0.0190372
218.667	0.0192802
218.733	0.0180967
218.8	0.0175782
218.867	0.0196982
218.933	0.0184573
219	0.069495
219.067	0.038128
219.133	0.0272183
219.2	0.0261367
219.267	0.0246358
219.333	0.0215596
219.4	0.0145202
219.467	0.0229116
219.533	0.0177663
219.6	0.0173626
219.667	0.0176735
219.733	0.0217177
219.8	0.023468
219.867	0.0238691
219.933	0.0176108
220	0.0209065
220.067	0.0287936
220.133	0.0280869
220.2	0.0253673
220.267	0.0212892
220.333	0.0190477
220.4	0.019083
220.467	0.0210802
220.533	0.0179204
220.6	0.0158448
220.667	0.0712741
220.733	0.0313369
220.8	0.0290313
220.867	0.0311488
220.933	0.026168
221	0.018759
221.067	0.0262516
221.133	0.0231271
221.2	0.0251178
221.267	0.0304068
221.333	0.0210214
221.4	0.031043
221.467	0.0234824
221.533	0.0267049
221.6	0.0258114
221.667	0.0239579
221.733	0.0258624
221.8	0.0221539
221.867	0.031683
221.933	0.0280882
222	0.0215243
222.067	0.0255828
222.133	0.0223394
222.2	0.0238795
222.267	0.0261576
222.333	0.0645939
222.4	0.041041
222.467	0.0263692
222.533	0.0322643
222.6	0.0338618
222.667	0.0410436
222.733	0.0289517
222.8	0.0298425
222.867	0.0318293
222.933	0.0264515
223	0.0313107
223.067	0.0352543
223.133	0.0265965
223.2	0.0320553
223.267	0.0261027
223.333	0.0245966
223.4	0.0281718
223.467	0.0277277
223.533	0.0330337
223.6	0.0308993
223.667	0.031619
223.733	0.0271085
223.8	0.0296074
223.867	0.0305923
223.933	0.02392
224	0.0637788
224.067	0.0352634
224.133	0.0281771
224.2	0.0288994
224.267	0.0291071
224.333	0.0302161
224.4	0.0297432
224.467	0.0319795
224.533	0.0292443
224.6	0.027584
224.667	0.0317039
224.733	0.0249872
224.8	0.0230644
224.867	0.0177271
224.933	0.0143099
225	0.0125321
225.067	0.018537
225.133	0.0127973
225.2	0.0173274
225.267	0.0257657
225.333	0.0150414
225.4	0.0160094
225.467	0.0124616
225.533	0.0186859
225.6	0.0148194
225.667	0.0635202
225.733	0.0302514
225.8	0.0247952
225.867	0.0183489
225.933	0.0202808
226	0.0268499
226.067	0.0170661
226.133	0.0201436
226.2	0.0181033
226.267	0.0216027
226.333	0.0273907
226.4	0.0258545
226.467	0.0198628
226.533	0.0141871
226.6	0.0159009
226.667	0.0256142
226.733	0.0183475
226.8	0.0196577
226.867	0.024948
226.933	0.0201724
227	0.0198589
227.067	0.0175573
227.133	0.0220103
227.2	0.0201306
227.267	0.0177205
227.333	0.0829767
227.4	0.0305636
227.467	0.0417333
227.533	0.0317941
227.6	0.0231611
227.667	0.0293853
227.733	0.0276258
227.8	0.0262203
227.867	0.0317431
227.933	0.0243432
228	0.0280334
228.067	0.0379543
228.133	0.0225197
228.2	0.024449
228.267	0.0159166
228.333	0.026138
228.4	0.0372803
228.467	0.0203357
228.533	0.0255424
228.6	0.020367
228.667	0.023165
228.733	0.0355626
228.8	0.0278649
228.867	0.0227809
228.933	0.040414
229	0.0833451
229.067	0.0380862
229.133	0.0272431
229.2	0.0340617
229.267	0.0233518
229.333	0.0248004
229.4	0.0329749
229.467	0.0249833
229.533	0.0178264
229.6	0.0240284
229.667	0.0172908
229.733	0.0199346
229.8	0.0136411
229.867	0.0139363
229.933	0.0149487
230	0.0221814
230.067	0.0248174
230.133	0.0223486
230.2	0.0296009
230.267	0.0198471
230.333	0.0270707
230.4	0.0177062
230.467	0.0226647
230.533	0.0204793
230.6	0.0216406
230.667	0.0835031
230.733	0.0421813
230.8	0.0260374
230.867	0.0379909
230.933	0.0322813
231	0.0369799
231.067	0.0332819
231.133	0.0228162
231.2	0.0232355
231.267	0.0216641
231.333	0.0289125
231.4	0.0300803
231.467	0.0248174
231.533	0.0248905
231.6	0.0192319
231.667	0.0192698
231.733	0.025059
231.8	0.0267637
231.867	0.0240441
231.933	0.0261903
232	0.0197413
232.067	0.017492
232.133	0.0220834
232.2	0.0150336
232.267	0.0141937
232.333	0.0768165
232.4	0.0331578
232.467	0.032327
232.533	0.0290575
232.6	0.0377858
232.667	0.0230448
232.733	0.030898
232.8	0.0282241
232.867	0.0319129
232.933	0.0238769
233	0.0297419
233.067	0.038405
233.133	0.038516
233.2	0.0123401
233.267	0.0171589
233.333	0.0692951
233.4	0.0160159
233.467	0.0212121
233.533	0.0213049
233.6	0.0206844
233.667	0.0190229
233.733	0.0237045
233.8	0.0212579
233.867	0.0193233
233.933	0.0158121
234	0.0706601
234.067	0.0291567
234.133	0.0209587
234.2	0.0190908
234.267	0.038273
234.333	0.0339807
234.4	0.0394003
234.467	0.0319038
234.533	0.0236535
234.6	0.0310482
234.667	0.0327855
234.733	0.0359584
234.8	0.0322643
234.867	0.0254757
234.933	0.0383201
235	0.0247364
235.067	0.0225981
235.133	0.034643
235.2	0.0252615
235.267	0.0195206
235.333	0.0261654
235.4	0.0262203
235.467	0.0203761
235.533	0.018119
235.6	0.0109032
235.667	0.0858505
235.733	0.0399111
235.8	0.0423969
235.867	0.0175507
235.933	0.0343086
236	0.0428906
236.067	0.0295591
236.133	0.0210933
236.2	0.0182574
236.267	0.0173822
236.333	0.0274038
236.4	0.028053
236.467	0.0225171
236.533	0.0248043
236.6	0.0233074
236.667	0.023357
236.733	0.0192266
236.8	0.021186
236.867	0.0171562
236.933	0.0189915
237	0.0259604
237.067	0.0277604
237.133	0.0193102
237.2	0.033534
237.267	0.0230566
237.333	0.0786086
237.4	0.0302396
237.467	0.0310913
237.533	0.0312441
237.6	0.0302305
237.667	0.0259434
237.733	0.0326274
237.8	0.0298804
237.867	0.0245261
237.933	0.051359
238	0.0423224
238.067	0.0411625
238.133	0.0330833
238.2	0.0289255
238.267	0.0280817
238.333	0.0213375
238.4	0.0340173
238.467	0.0290927
238.533	0.0268342
238.6	0.0304055
238.667	0.0216132
238.733	0.0235765
238.8	0.0269688
238.867	0.0303872
238.933	0.0223016
239	0.0197413
239.067	0.0186245
239.133	0.0198275
239.2	0.0208425
239.267	0.0215962
239.333	0.024867
239.4	0.0183502
239.467	0.0213663
239.533	0.0200169
239.6	0.0696504
239.667	0.0294389
239.733	0.0242283
239.8	0.0333028
239.867	0.0295421
239.933	0.0232773
240	0.0150401
240.067	0.0227653
240.133	0.0154829
240.2	0.0207615
240.267	0.0278897
240.333	0.0325321
240.4	0.0311814
240.467	0.0216223
240.533	0.0211272
240.6	0.0090745
240.667	0.0164927
240.733	0.0153144
240.8	0.0153641
240.867	0.0215897
240.933	0.0166377
241	0.0229808
241.067	0.0181137
241.133	0.0107099
241.2	0.0173574
241.267	0.0657682
241.333	0.0338618
241.4	0.0335549
241.467	0.0251152
241.533	0.0273345
241.6	0.0348938
241.667	0.0275318
241.733	0.0195519
241.8	0.0256037
241.867	0.0267245
241.933	0.0169681
242	0.0324903
242.067	0.0297276
242.133	0.0299366
242.2	0.0281784
242.267	0.0332505
242.333	0.030237
242.4	0.024432
242.467	0.0305832
242.533	0.0320867
242.6	0.0197165
242.667	0.0229194
242.733	0.0220468
242.8	0.0239344
242.867	0.0173587
242.933	0.0620128
243	0.035974
243.067	0.0291345
243.133	0.0311566
243.2	0.0370648
243.267	0.0315224
243.333	0.0243968
243.4	0.0314544
243.467	0.0257135
243.533	0.0178002
243.6	0.0262791
243.667	0.0325647
243.733	0.0236339
243.8	0.0303872
243.867	0.0246776
243.933	0.026172
244	0.0307282
244.067	0.025481
244.133	0.0187264
244.2	0.0248892
244.267	0.0211677
244.333	0.0189027
244.4	0.0232303
244.467	0.0238625
244.533	0.0199555
244.6	0.0717051
244.667	0.027247
244.733	0.0279367
244.8	0.0259538
244.867	0.0288694
244.933	0.0290117
245	0.02903
245.067	0.0286839
245.133	0.0318528
245.2	0.0222402
245.267	0.0212317
245.333	0.0235033
245.4	0.027153
245.467	0.0360838
245.533	0.0275879
245.6	0.030271
245.667	0.0318293
245.733	0.0304891
245.8	0.0278296
245.867	0.0197361
245.933	0.0181412
246	0.0283913
246.067	0.0179922
246.133	0.0130285
246.2	0.0171053
246.267	0.0612447
246.333	0.0260557
246.4	0.0247024
246.467	0.0310691
246.533	0.0377296
246.6	0.0340813
246.667	0.0321049
246.733	0.0400064
246.8	0.0382077
246.867	0.0345372
246.933	0.038533
247	0.0292534
247.067	0.0331734
247.133	0.0299235
247.2	0.0350035
247.267	0.0337391
247.333	0.0320984
247.4	0.0278675
247.467	0.0312363
247.533	0.0286891
247.6	0.0249154
247.667	0.0233714
247.733	0.0284827
247.8	0.0263339
247.867	0.0260818
247.933	0.0805354
248	0.0374096
248.067	0.0298543
248.133	0.0348951
248.2	0.0365135
248.267	0.0408137
248.333	0.0394892
248.4	0.0395793
248.467	0.0422584
248.533	0.0341401
248.6	0.0289713
248.667	0.0395728
248.733	0.0314074
248.8	0.0315994
248.867	0.0317353
248.933	0.0301508
249	0.0311527
249.067	0.0307033
249.133	0.0259303
249.2	0.0370308
249.267	0.0345803
249.333	0.0367839
249.4	0.0390411
249.467	0.0350544
249.533	0.0290496
249.6	0.0902016
249.667	0.0422963
249.733	0.0483586
249.8	0.0446514
249.867	0.0389876
249.933	0.0437227
250	0.0462294
250.067	0.0365514
250.133	0.0373704
250.2	0.0421147
250.267	0.0364952
250.333	0.033402
250.4	0.0253294
250.467	0.0290601
250.533	0.034899
250.6	0.0140239
250.667	0.0263509
250.733	0.0174488
250.8	0.0239579
250.867	0.0202599
250.933	0.0197478
251	0.01707
251.067	0.0294598
251.133	0.021685
251.2	0.0190542
251.267	0.063993
251.333	0.0303506
251.4	0.0253307
251.467	0.0322303
251.533	0.0300672
251.6	0.0247508
251.667	0.0240846
251.733	0.0295669
251.8	0.0280007
251.867	0.0312167
251.933	0.0207314
252	0.0297171
252.067	0.0262085
252.133	0.0215387
252.2	0.0298948
252.267	0.0284853
252.333	0.0260831
252.4	0.0257644
252.467	0.0202194
252.533	0.023293
252.6	0.0196747
252.667	0.0183175
252.733	0.0220534
252.8	0.0224309
252.867	0.0238259
252.933	0.0910245
253	0.0472639
253.067	0.0303415
253.133	0.0289386
253.2	0.0297289
253.267	0.0300659
253.333	0.0340565
253.4	0.0342746
253.467	0.0299157
253.533	0.0331382
253.6	0.0307948
253.667	0.0378655
253.733	0.0355835
253.8	0.0318999
253.867	0.0359349
253.933	0.0378603
254	0.0301848
254.067	0.0341335
254.133	0.045635
254.2	0.0244516
254.267	0.0296466
254.333	0.0347984
254.4	0.0311749
254.467	0.0361556
254.533	0.0353261
254.6	0.0757676
254.667	0.0329488
254.733	0.0455175
254.8	0.0330794
254.867	0.0337586
254.933	0.0197296
255	0.0311057
255.067	0.0306289
255.133	0.0306119
255.2	0.026364
255.267	0.0274991
255.333	0.0312311
255.4	0.0308575
255.467	0.0348102
255.533	0.0298059
255.6	0.0291829
255.667	0.0290013
255.733	0.0185709
255.8	0.0301038
255.867	0.0275017
255.933	0.0267376
256	0.0342629
256.067	0.0243811
256.133	0.0226764
256.2	0.0189785
256.267	0.0956316
256.333	0.047665
256.4	0.0450956
256.467	0.0289412
256.533	0.0332988
256.6	0.0358199
256.667	0.02421
256.733	0.0170099
256.8	0.0327345
256.867	0.0157272
256.933	0.0209535
257	0.0293657
257.067	0.0252994
257.133	0.031555
257.2	0.0323244
257.267	0.0251779
257.333	0.0269975
257.4	0.0269936
257.467	0.0364756
257.533	0.0308588
257.6	0.0244229
257.667	0.035961
257.733	0.0255476
257.8	0.0165475
257.867	0.0203317
257.933	0.0750282
258	0.0437162
258.067	0.0300489
258.133	0.0409704
258.2	0.048147
258.267	0.0456808
258.333	0.0307099
258.4	0.0297746
258.467	0.0271673
258.533	0.0257017
258.6	0.0249023
258.667	0.0257527
258.733	0.0324328
258.8	0.0386127
258.867	0.0273371
258.933	0.0259251
259	0.031329
259.067	0.0226764
259.133	0.0280712
259.2	0.0236405
259.267	0.0212174
259.333	0.0277891
259.4	0.0299248
259.467	0.0314322
259.533	0.0183711
259.6	0.0892872
259.667	0.033773
259.733	0.0301207
259.8	0.0315498
259.867	0.0302083
259.933	0.0457631
260	0.0329318
260.067	0.0335862
260.133	0.0275775
260.2	0.0198458
260.267	0.0239931
260.333	0.02723
260.4	0.0222454
260.467	0.0344301
260.533	0.0244738
260.6	0.0406151
260.667	0.021783
260.733	0.0245169
260.8	0.025656
260.867	0.0201854
260.933	0.0234876
261	0.0237946
261.067	0.0263561
261.133	0.0176422
261.2	0.0151538
261.267	0.0845259
261.333	0.029017
261.4	0.0314453
261.467	0.0253543
261.533	0.0188047
261.6	0.0302383
261.667	0.0239043
261.733	0.0233831
261.8	0.0291594
261.867	0.0165854
261.933	0.0206021
262	0.0234837
262.067	0.0232225
262.133	0.017748
262.2	0.021075
262.267	0.023229
262.333	0.0177793
262.4	0.0213402
262.467	0.0229991
262.533	0.0258624
262.6	0.0162967
262.667	0.0202377
262.733	0.0166285
262.8	0.0152713
262.867	0.00987784
262.933	0.078576
263	0.0368166
263.067	0.0289308
263.133	0.0326941
263.2	0.0360681
263.267	0.030301
263.333	0.0349095
263.4	0.0337769
263.467	0.0344758
263.533	0.0324916
263.6	0.0364939
263.667	0.0260884
263.733	0.0241146
263.8	0.0175612
263.867	0.0247886
263.933	0.0255424
264	0.0283234
264.067	0.0218248
264.133	0.0271438
264.2	0.0169642
264.267	0.0176592
264.333	0.0182091
264.4	0.0168467
264.467	0.0173339
264.533	0.0120018
264.6	0.0718645
264.667	0.0413754
264.733	0.0284501
264.8	0.0357872
264.867	0.0458493
264.933	0.0230357
265	0.027362
265.067	0.0277656
265.133	0.0324838
265.2	0.0253477
265.267	0.0206243
265.333	0.0289216
265.4	0.0289935
265.467	0.0234537
265.533	0.0205642
265.6	0.0158317
265.667	0.0234328
265.733	0.0313604
265.8	0.0279367
265.867	0.0198419
265.933	0.0196825
266	0.0214525
266.067	0.0172333
266.133	0.0277525
266.2	0.0154816
266.267	0.0706588
266.333	0.0447037
266.4	0.0346208
266.467	0.0336541
266.533	0.0311697
266.6	0.0204362
266.667	0.0571692
266.733	0.0180719
266.8	0.015803
266.867	0.0184991
266.933	0.0169486
267	0.0218692
267.067	0.0213689
267.133	0.0364051
267.2	0.036959
267.267	0.0403526
267.333	0.0203134
267.4	0.0162406
267.467	0.0226085
267.533	0.0201671
267.6	0.0142655
267.667	0.0106498
267.733	0.0266657
267.8	0.0196891
267.867	0.0160381
267.933	0.0766676
268	0.033952
268.067	0.026091
268.133	0.0362405
268.2	0.0333759
268.267	0.0237045
268.333	0.0235725
268.4	0.0302879
268.467	0.0285572
268.533	0.0172555
268.6	0.022056
268.667	0.0227
268.733	0.0255894
268.8	0.0280699
268.867	0.0224635
268.933	0.031939
269	0.0296805
269.067	0.0299575
269.133	0.0187969
269.2	0.0214812
269.267	0.0285376
269.333	0.0219658
269.4	0.0204388
269.467	0.018665
269.533	0.0236901
269.6	0.0804126
269.667	0.036733
269.733	0.0393833
269.8	0.0227509
269.867	0.0305414
269.933	0.0224452
270	0.0258088
270.067	0.0327071
270.133	0.0297367
270.2	0.0347005
270.267	0.024931
270.333	0.0274586
270.4	0.0276807
270.467	0.0342002
270.533	0.0292351
270.6	0.0277656
270.667	0.0135758
270.733	0.032408
270.8	0.0220011
270.867	0.0274808
270.933	0.0169159
271	0.018985
271.067	0.019774
271.133	0.011367
271.2	0.00869438
271.267	0.0635568
271.333	0.0491031
271.4	0.0341949
271.467	0.0409757
271.533	0.0239331
271.6	0.02421
271.667	0.035236
271.733	0.0355064
271.8	0.0282502
271.867	0.0366389
271.933	0.0244569
272	0.0282567
272.067	0.0270328
272.133	0.0314074
272.2	0.0193873
272.267	0.0166964
272.333	0.0245823
272.4	0.0159767
272.467	0.0255123
272.533	0.0260309
272.6	0.019646
272.667	0.0171236
272.733	0.0230579
272.8	0.0251244
272.867	0.0257135
272.933	0.0705635
273	0.0512702
273.067	0.0593154
273.133	0.027021
273.2	0.0337952
273.267	0.036716
273.333	0.0409286
273.4	0.0420755
273.467	0.0428384
273.533	0.038115
273.6	0.0462633
273.667	0.040832
273.733	0.0364365
273.8	0.0457905
273.867	0.0293527
273.933	0.02842
274	0.0336698
274.067	0.042794
274.133	0.026074
274.2	0.0394709
274.267	0.0270432
274.333	0.0140265
274.4	0.0233635
274.467	0.027631
274.533	0.0252772
274.6	0.0673814
274.667	0.0345241
274.733	0.044159
274.8	0.0266265
274.867	0.0263679
274.933	0.0242897
275	0.0362484
275.067	0.0325151
275.133	0.0336711
275.2	0.0326627
275.267	0.0250316
275.333	0.0212239
275.4	0.0413728
275.467	0.0423067
275.533	0.0346273
275.6	0.0437227
275.667	0.0297655
275.733	0.0261772
275.8	0.0557284
275.867	0.0546077
275.933	0.0208164
276	0.053773
276.067	0.0602519
276.133	0.0544509
276.2	0.0592866
276.267	0.0888679
276.333	0.0756278
276.4	0.0662058
276.467	0.0788856
276.533	0.0597334
276.6	0.0612969
276.667	0.0697627
276.733	0.0682396
276.8	0.0700815
276.867	0.0705177
276.933	0.0447337
277	0.0842686
277.067	0.0756265
277.133	0.0788712
277.2	0.0648055
277.267	0.0753757
277.333	0.0373038
277.4	0.080133
277.467	0.0865767
277.533	0.0455697
277.6	0.0774121
277.667	0.0921374
277.733	0.0532283
277.8	0.0944678
277.867	0.0858374
277.933	0.0826541
278	0.0948126
278.067	0.0939466
278.133	0.0560889
278.2	0.0664775
278.267	0.0654926
278.333	0.0597935
278.4	0.0649597
278.467	0.0704472
278.533	0.0738239
278.6	0.0752228
278.667	0.0707463
278.733	0.0889437
278.8	0.0883088
278.867	0.0896843
278.933	0.0808658
279	0.0913916
279.067	0.0987693
279.133	0.0826541
279.2	0.099792
279.267	0.0916411
279.333	0.0716241
279.4	0.092592
279.467	0.0880881
279.533	0.0682553
279.6	0.0980064
279.667	0.0925149
279.733	0.0725581
279.8	0.0827455
279.867	0.0821381
279.933	0.0878307
280	0.114043
280.067	0.0928297
280.133	0.0858596
280.2	0.110554
280.267	0.122915
280.333	0.126874
280.4	0.140603
280.467	0.159299
280.533	0.132831
280.6	0.151535
280.667	0.180257
280.733	0.162572
280.8	0.186114
280.867	0.163435
280.933	0.172169
281	0.163325
281.067	0.14215
281.133	0.15687
281.2	0.169952
281.267	0.190874
281.333	0.159296
281.4	0.190604
281.467	0.182232
281.533	0.154559
281.6	0.188939
281.667	0.16617
281.733	0.180898
281.8	0.160147
281.867	0.180001
281.933	0.166668
282	0.174099
282.067	0.172397
282.133	0.168293
282.2	0.165627
282.267	0.165179
282.333	0.154683
282.4	0.163315
282.467	0.184249
282.533	0.182254
282.6	0.17522
282.667	0.177708
282.733	0.181641
282.8	0.174692
282.867	0.183956
282.933	0.173723
283	0.173673
283.067	0.181216
283.133	0.181746
283.2	0.181374
283.267	0.180956
283.333	0.183899
283.4	0.193706
283.467	0.199566
283.533	0.189189
283.6	0.197077
283.667	0.18776
283.733	0.19696
283.8	0.198743
283.867	0.193831
283.933	0.193408
284	0.204101
284.067	0.202923
284.133	0.210803
284.2	0.192943
284.267	0.183814
284.333	0.193578
284.4	0.188569
284.467	0.133224
284.533	0.206951
284.6	0.163431
284.667	0.18201
284.733	0.201308
284.8	0.178316
284.867	0.180892
284.933	0.157949
285	0.170581
285.067	0.185498
285.133	0.156283
285.2	0.1817
285.267	0.193587
285.333	0.192696
285.4	0.157866
285.467	0.180565
285.533	0.177609
285.6	0.177254
285.667	0.193709
285.733	0.203209
285.8	0.199771
285.867	0.202216
285.933	0.215775
286	0.206499
286.067	0.207466
286.133	0.213456
286.2	0.207641
286.267	0.183626
286.333	0.183905
286.4	0.198391
286.467	0.164129
286.533	0.206148
286.6	0.205392
286.667	0.200001
286.733	0.176612
286.8	0.16951
286.867	0.209492
286.933	0.211246
287	0.220513
287.067	0.224409
287.133	0.22571
287.2	0.217482
287.267	0.219534
287.333	0.23418
287.4	0.212904
287.467	0.226566
287.533	0.23552
287.6	0.225217
287.667	0.232473
287.733	0.237879
287.8	0.229952
287.867	0.234171
287.933	0.218883
288	0.218173
288.067	0.224677
288.133	0.232417
288.2	0.225218
288.267	0.222868
288.333	0.223138
288.4	0.22533
288.467	0.212
288.533	0.227792
288.6	0.22221
288.667	0.225085
288.733	0.227567
288.8	0.224745
288.867	0.198141
288.933	0.199638
289	0.161435
289.067	0.161955
289.133	0.168651
289.2	0.217738
289.267	0.207853
289.333	0.22857
289.4	0.221652
289.467	0.216205
289.533	0.22651
289.6	0.209739
289.667	0.214137
289.733	0.21977
289.8	0.219763
289.867	0.212871
289.933	0.220071
290	0.212636
290.067	0.21205
290.133	0.218427
290.2	0.209214
290.267	0.209467
290.333	0.217135
290.4	0.203836
290.467	0.201005
290.533	0.20526
290.6	0.19826
290.667	0.200807
290.733	0.206972
290.8	0.196138
290.867	0.191471
290.933	0.201263
291	0.190756
291.067	0.1881
291.133	0.193552
291.2	0.182743
291.267	0.169757
291.333	0.183819
291.4	0.18012
291.467	0.179672
291.533	0.194363
291.6	0.187657
291.667	0.185558
291.733	0.193434
291.8	0.186895
291.867	0.185185
291.933	0.195343
292	0.186716
292.067	0.184436
292.133	0.19588
292.2	0.188516
292.267	0.177254
292.333	0.200731
292.4	0.17493
292.467	0.170084
292.533	0.196373
292.6	0.171041
292.667	0.173531
292.733	0.190207
292.8	0.152553
292.867	0.166519
292.933	0.183389
293	0.165121
293.067	0.172001
293.133	0.15528
293.2	0.17156
293.267	0.16816
293.333	0.190643
293.4	0.177028
293.467	0.170292
293.533	0.18749
293.6	0.164618
293.667	0.163281
293.733	0.188297
293.8	0.163058
293.867	0.165231
293.933	0.178482
294	0.159437
294.067	0.164186
294.133	0.180799
294.2	0.159804
294.267	0.152777
294.333	0.169787
294.4	0.152079
294.467	0.157637
294.533	0.180783
294.6	0.152229
294.667	0.155348
294.733	0.175924
294.8	0.162193
294.867	0.156605
294.933	0.173379
295	0.133433
295.067	0.133489
295.133	0.178898
295.2	0.151296
295.267	0.140028
295.333	0.179618
295.4	0.132691
295.467	0.14694
295.533	0.185499
295.6	0.167224
295.667	0.138295
295.733	0.126048
295.8	0.0868223
295.867	0.112932
295.933	0.172426
296	0.154332
296.067	0.138467
296.133	0.163332
296.2	0.171851
296.267	0.173142
296.333	0.199335
296.4	0.174462
296.467	0.173756
296.533	0.206796
296.6	0.175033
296.667	0.175493
296.733	0.214155
296.8	0.176206
296.867	0.182378
296.933	0.213369
297	0.170203
297.067	0.170282
297.133	0.213102
297.2	0.156313
297.267	0.171364
297.333	0.207667
297.4	0.169181
297.467	0.182425
297.533	0.200713
297.6	0.164598
297.667	0.180275
297.733	0.208531
297.8	0.186341
297.867	0.182859
297.933	0.207329
298	0.171987
298.067	0.174363
298.133	0.19932
298.2	0.183025
298.267	0.175686
298.333	0.200578
298.4	0.185347
298.467	0.178069
298.533	0.196972
298.6	0.176102
298.667	0.172712
298.733	0.194426
298.8	0.174205
298.867	0.168635
298.933	0.180387
299	0.162308
299.067	0.15846
299.133	0.180815
299.2	0.156245
299.267	0.160509
299.333	0.188822
299.4	0.154426
299.467	0.153642
299.533	0.185069
299.6	0.127854
299.667	0.143395
299.733	0.178896
299.8	0.148896
299.867	0.148228
299.933	0.186622
300	0.142039
300.067	0.142158
300.133	0.184109
300.2	0.162065
300.267	0.163901
300.333	0.189858
300.4	0.161777
300.467	0.154772
300.533	0.188805
300.6	0.160243
300.667	0.150659
300.733	0.18794
300.8	0.148408
300.867	0.152268
300.933	0.186339
301	0.164327
301.067	0.164582
301.133	0.183895
301.2	0.161065
301.267	0.147469
301.333	0.163816
301.4	0.156808
301.467	0.15113
301.533	0.17073
301.6	0.158636
301.667	0.145312
301.733	0.179826
301.8	0.148194
301.867	0.142629
301.933	0.178941
302	0.147712
302.067	0.14627
302.133	0.172014
302.2	0.14829
302.267	0.139815
302.333	0.176746
302.4	0.154017
302.467	0.144877
302.533	0.171291
302.6	0.134353
302.667	0.147015
302.733	0.119847
302.8	0.113722
302.867	0.130145
302.933	0.127423
303	0.135395
303.067	0.139727
303.133	0.133449
303.2	0.146168
303.267	0.135326
303.333	0.167017
303.4	0.147312
303.467	0.133206
303.533	0.141293
303.6	0.145487
303.667	0.149153
303.733	0.180214
303.8	0.155464
303.867	0.157189
303.933	0.181783
304	0.161597
304.067	0.161609
304.133	0.190244
304.2	0.159723
304.267	0.168439
304.333	0.192631
304.4	0.16584
304.467	0.174221
304.533	0.198069
304.6	0.166894
304.667	0.181196
304.733	0.195285
304.8	0.173679
304.867	0.164304
304.933	0.19479
305	0.167424
305.067	0.169565
305.133	0.184596
305.2	0.159427
305.267	0.164067
305.333	0.183175
305.4	0.168895
305.467	0.158998
305.533	0.185483
305.6	0.158507
305.667	0.160028
305.733	0.177162
305.8	0.125129
305.867	0.152047
305.933	0.174644
306	0.153957
306.067	0.160824
306.133	0.17711
306.2	0.151155
306.267	0.155753
306.333	0.166801
306.4	0.148285
306.467	0.152538
306.533	0.163111
306.6	0.149973
306.667	0.148067
306.733	0.166358
306.8	0.150478
306.867	0.148893
306.933	0.164113
307	0.142966
307.067	0.147046
307.133	0.139682
307.2	0.131469
307.267	0.142992
307.333	0.142781
307.4	0.125782
307.467	0.131053
307.533	0.161899
307.6	0.140344
307.667	0.136846
307.733	0.112598
307.8	0.129158
307.867	0.130737
307.933	0.157273
308	0.120299
308.067	0.133552
308.133	0.145496
308.2	0.131177
308.267	0.129555
308.333	0.124634
308.4	0.134355
308.467	0.126817
308.533	0.140846
308.6	0.121947
308.667	0.135726
308.733	0.140363
308.8	0.135172
308.867	0.133623
308.933	0.139063
309	0.126186
309.067	0.1237
309.133	0.137416
309.2	0.128976
309.267	0.126967
309.333	0.139135
309.4	0.129682
309.467	0.134297
309.533	0.142859
309.6	0.12443
309.667	0.129363
309.733	0.143193
309.8	0.130011
309.867	0.127225
309.933	0.147129
310	0.138194
310.067	0.134058
310.133	0.145918
310.2	0.130113
310.267	0.132754
310.333	0.142663
310.4	0.126413
310.467	0.126889
310.533	0.14451
310.6	0.118888
310.667	0.125004
310.733	0.140836
310.8	0.122637
310.867	0.125417
310.933	0.135547
311	0.118376
311.067	0.107165
311.133	0.131168
311.2	0.0931237
311.267	0.103634
311.333	0.130421
311.4	0.107256
311.467	0.105226
311.533	0.13241
311.6	0.110557
311.667	0.108411
311.733	0.129311
311.8	0.114494
311.867	0.110391
311.933	0.125816
312	0.114345
312.067	0.109372
312.133	0.123389
312.2	0.112806
312.267	0.110842
312.333	0.120028
312.4	0.103468
312.467	0.104235
312.533	0.114191
312.6	0.101281
312.667	0.0932282
312.733	0.1191
312.8	0.108173
312.867	0.110369
312.933	0.12409
313	0.0956343
313.067	0.0930401
313.133	0.117041
313.2	0.108264
313.267	0.0954749
313.333	0.124916
313.4	0.113974
313.467	0.115063
313.533	0.127666
313.6	0.114584
313.667	0.117846
313.733	0.130034
313.8	0.1202
313.867	0.116379
313.933	0.124103
314	0.115894
314.067	0.110141
314.133	0.121157
314.2	0.117206
314.267	0.121766
314.333	0.122013
314.4	0.120454
314.467	0.108083
314.533	0.104683
314.6	0.128081
314.667	0.113788
314.733	0.111247
314.8	0.118525
314.867	0.126093
314.933	0.108305
315	0.118969
315.067	0.129205
315.133	0.115784
315.2	0.125072
315.267	0.114989
315.333	0.125887
315.4	0.126007
315.467	0.100772
315.533	0.133761
315.6	0.120645
315.667	0.124626
315.733	0.129555
315.8	0.121467
315.867	0.123871
315.933	0.138392
316	0.121491
316.067	0.122586
316.133	0.139448
316.2	0.123717
316.267	0.10671
316.333	0.134193
316.4	0.122142
316.467	0.118189
316.533	0.134481
316.6	0.114559
316.667	0.119156
316.733	0.129951
316.8	0.119079
316.867	0.114047
316.933	0.12181
317	0.104271
317.067	0.106257
317.133	0.100179
317.2	0.0957871
317.267	0.101299
317.333	0.10705
317.4	0.0950177
317.467	0.0964676
317.533	0.103733
317.6	0.0913746
317.667	0.0851333
317.733	0.0913406
317.8	0.0771692
317.867	0.0801918
317.933	0.0901154
318	0.0725895
318.067	0.0669804
318.133	0.0726378
318.2	0.0643418
318.267	0.0602337
318.333	0.0688993
318.4	0.0575545
318.467	0.0517378
318.533	0.0563789
318.6	0.0498869
318.667	0.0462908
318.733	0.0484918
318.8	0.0403173
318.867	0.0371784
318.933	0.0318019
319	0.0311971
319.067	0.0280712
319.133	0.0276519
319.2	0.022278
319.267	0.0256299
319.333	0.0217072
319.4	0.0237306
319.467	0.0258141
319.533	0.0321611
319.6	0.0413244
319.667	0.0232708
319.733	0.0195219
319.8	0.0175037
319.867	0.0181764
319.933	0.0151577
320	0.00889293
320.067	0.0248043
320.133	0.0234576
320.2	0.022666
320.267	0.0252197
320.333	0.0240611
320.4	0.0219658
320.467	0.0211285
320.533	0.0222584
320.6	0.0289817
320.667	0.0402507
320.733	0.0458793
320.8	0.0331264
320.867	0.0320292
320.933	0.0332492
321	0.0460387
321.067	0.0311226
321.133	0.0250394
321.2	0.0184272
321.267	0.062116
321.333	0.0255306
321.4	0.0238547
321.467	0.0257971
321.533	0.0254143
321.6	0.0232969
321.667	0.0228907
321.733	0.0222075
321.8	0.0174671
321.867	0.0294781
321.933	0.0199503
322	0.0249585
322.067	0.0194422
322.133	0.0186937
322.2	0.0491123
322.267	0.0222741
322.333	0.0202625
322.4	0.0197087
322.467	0.012152
322.533	0.0101665
322.6	0.0161348
322.667	0.0277695
322.733	0.0180798
322.8	0.017249
322.867	0.0134674
322.933	0.0236692
323	0.0169681
323.067	0.0172738
323.133	0.0171994
323.2	0.0175847
323.267	0.0188949
323.333	0.01916
323.4	0.0134008
323.467	0.0226151
323.533	0.0153131
323.6	0.0212056
323.667	0.0145281
323.733	0.015078
323.8	0.0156632
323.867	0.0484605
323.933	0.0256233
324	0.0236509
324.067	0.0222598
324.133	0.0150663
324.2	0.0224426
324.267	0.0153288
324.333	0.0159885
324.4	0.0184181
324.467	0.0191914
324.533	0.0173352
324.6	0.0158918
324.667	0.0184325
324.733	0.0230749
324.8	0.0178668
324.867	0.021412
324.933	0.0175324
325	0.015432
325.067	0.0164901
325.133	0.0162615
325.2	0.0172046
325.267	0.0156475
325.333	0.0202899
325.4	0.0182835
325.467	0.0104356
325.533	0.0565657
325.6	0.0289882
325.667	0.0208843
325.733	0.0229011
325.8	0.0189327
325.867	0.0171197
325.933	0.0146587
326	0.0165841
326.067	0.0141218
326.133	0.0170531
326.2	0.0200039
326.267	0.0257945
326.333	0.0176304
326.4	0.0148507
326.467	0.0210711
326.533	0.0189981
326.6	0.0188243
326.667	0.0228175
326.733	0.0276506
326.8	0.0241852
326.867	0.0173156
326.933	0.0177297
327	0.0134752
327.067	0.0149121
327.133	0.0129214
327.2	0.0496818
327.267	0.0156906
327.333	0.0202285
327.4	0.0178146
327.467	0.0148912
327.533	0.0168401
327.6	0.00934228
327.667	0.0092208
327.733	0.0170517
327.8	0.019484
327.867	0.0220912
327.933	0.0312206
328	0.0299444
328.067	0.0361164
328.133	0.0276781
328.2	0.025895
328.267	0.0286186
328.333	0.0225798
328.4	0.0238116
328.467	0.034302
328.533	0.0303911
328.6	0.0315276
328.667	0.0313852
328.733	0.030126
328.8	0.0351511
328.867	0.0466004
328.933	0.0430173
329	0.0366598
329.067	0.0399751
329.133	0.0365971
329.2	0.0342563
329.267	0.0405746
329.333	0.0444542
329.4	0.0471294
329.467	0.0369407
329.533	0.0381711
329.6	0.0530271
329.667	0.0432381
329.733	0.049512
329.8	0.0541831
329.867	0.0405185
329.933	0.0488602
330	0.0439003
330.067	0.0451713
330.133	0.04244
330.2	0.040913
330.267	0.0443575
330.333	0.040623
330.4	0.0415204
330.467	0.0429089
330.533	0.0551458
330.6	0.0442726
330.667	0.044172
330.733	0.0457278
330.8	0.0399685
330.867	0.0441564
330.933	0.0422192
331	0.036665
331.067	0.0381293
331.133	0.0480163
331.2	0.0338671
331.267	0.05234
331.333	0.0389353
331.4	0.0360158
331.467	0.0400809
331.533	0.0302879
331.6	0.0394447
331.667	0.0406974
331.733	0.0405054
331.8	0.0435973
331.867	0.0401932
331.933	0.0401148
332	0.0384468
332.067	0.0359087
332.133	0.041617
332.2	0.052515
332.267	0.0430291
332.333	0.0456977
332.4	0.0473554
332.467	0.0433909
332.533	0.0513656
332.6	0.0492716
332.667	0.0420089
332.733	0.0507216
332.8	0.0462424
332.867	0.0500502
332.933	0.0502356
333	0.0487857
333.067	0.056328
333.133	0.0555233
333.2	0.0566754
333.267	0.0553365
333.333	0.0588072
333.4	0.0520252
333.467	0.0533589
333.533	0.0528312
333.6	0.0505831
333.667	0.0537377
333.733	0.0457304
333.8	0.0426228
333.867	0.0551863
333.933	0.042662
334	0.0411755
334.067	0.0426202
334.133	0.0416196
334.2	0.0404218
334.267	0.037825
334.333	0.0255724
334.4	0.0276833
334.467	0.0280242
334.533	0.0277107
334.6	0.0383841
334.667	0.032357
334.733	0.0384272
334.8	0.0334804
334.867	0.0351981
334.933	0.0234759
335	0.0386388
335.067	0.031056
335.133	0.039113
335.2	0.0349447
335.267	0.0288746
335.333	0.0244934
335.4	0.0254548
335.467	0.0189798
335.533	0.0607575
335.6	0.0292599
335.667	0.0346273
335.733	0.0277734
335.8	0.0272823
335.867	0.031299
335.933	0.0305231
336	0.0334517
336.067	0.0312441
336.133	0.032472
336.2	0.022636
336.267	0.0240114
336.333	0.0226947
336.4	0.0210149
336.467	0.0218796
336.533	0.025511
336.6	0.025831
336.667	0.0254444
336.733	0.0254705
336.8	0.0328926
336.867	0.0351668
336.933	0.0330716
337	0.0404819
337.067	0.0435581
337.133	0.0346417
337.2	0.0480163
337.267	0.0438912
337.333	0.0370491
337.4	0.0415896
337.467	0.0568178
337.533	0.0472221
337.6	0.0483351
337.667	0.0602911
337.733	0.0516503
337.8	0.0614537
337.867	0.0713093
337.933	0.067256
338	0.0741622
338.067	0.073509
338.133	0.0512049
338.2	0.0528899
338.267	0.0704224
338.333	0.059783
338.4	0.0543555
338.467	0.0784075
338.533	0.0678635
338.6	0.0631152
338.667	0.0817188
338.733	0.0617097
338.8	0.0558917
338.867	0.0972057
338.933	0.05321
339	0.0530728
339.067	0.0816927
339.133	0.06128
339.2	0.0769353
339.267	0.0818455
339.333	0.0682854
339.4	0.0633961
339.467	0.0822021
339.533	0.0808515
339.6	0.0680241
339.667	0.0835031
339.733	0.0794107
339.8	0.0722028
339.867	0.0701442
339.933	0.0669021
340	0.0561503
340.067	0.0689176
340.133	0.0571156
340.2	0.0562849
340.267	0.0558264
340.333	0.0558277
340.4	0.056277
340.467	0.0503833
340.533	0.0605968
340.6	0.037501
340.667	0.0402664
340.733	0.0382756
340.8	0.0301573
340.867	0.0292952
340.933	0.034464
341	0.0334948
341.067	0.025511
341.133	0.0250434
341.2	0.0228358
341.267	0.0284226
341.333	0.0244033
341.4	0.0217373
341.467	0.0202638
341.533	0.0250577
341.6	0.01884
341.667	0.0287557
341.733	0.0348232
341.8	0.0268721
341.867	0.0188426
341.933	0.0224452
342	0.0328051
342.067	0.0257827
342.133	0.0223512
342.2	0.0678608
342.267	0.0229521
342.333	0.0366886
342.4	0.0289673
342.467	0.0237515
342.533	0.0200274
342.6	0.0234432
342.667	0.0321742
342.733	0.0283704
342.8	0.0237894
342.867	0.0253177
342.933	0.0282215
343	0.0260152
343.067	0.0235987
343.133	0.0158513
343.2	0.0139207
343.267	0.0249467
343.333	0.020482
343.4	0.0149461
343.467	0.0209692
343.533	0.0223616
343.6	0.0178708
343.667	0.0189941
343.733	0.0311906
343.8	0.012152
343.867	0.0564625
343.933	0.0400521
344	0.0183828
344.067	0.02633
344.133	0.0253281
344.2	0.0216171
344.267	0.0134491
344.333	0.0194788
344.4	0.0270837
344.467	0.0266971
344.533	0.0211259
344.6	0.0243746
344.667	0.0267271
344.733	0.0359701
344.8	0.0303402
344.867	0.0262961
344.933	0.020546
345	0.0280608
345.067	0.0209809
345.133	0.0206348
345.2	0.02305
345.267	0.0222571
345.333	0.018149
345.4	0.0202534
345.467	0.0118255
345.533	0.0567316
345.6	0.0294415
345.667	0.0317222
345.733	0.0236992
345.8	0.0279132
345.867	0.0270681
345.933	0.0265547
346	0.0267572
346.067	0.0248618
346.133	0.023421
346.2	0.0154333
346.267	0.0557389
346.333	0.02813
346.4	0.0310247
346.467	0.0334451
346.533	0.0301821
346.6	0.0200979
346.667	0.0252615
346.733	0.028454
346.8	0.0289686
346.867	0.0245836
346.933	0.0221605
347	0.0238024
347.067	0.0287936
347.133	0.0226647
347.2	0.01913
347.267	0.020964
347.333	0.0212422
347.4	0.0178264
347.467	0.0239683
347.533	0.0285794
347.6	0.0202024
347.667	0.0160577
347.733	0.0195232
347.8	0.0203461
347.867	0.0169198
347.933	0.0590398
348	0.0243223
348.067	0.022811
348.133	0.0266252
348.2	0.029017
348.267	0.0245666
348.333	0.0234328
348.4	0.0293357
348.467	0.0264006
348.533	0.0166011
348.6	0.0172673
348.667	0.0328155
348.733	0.0316203
348.8	0.0304068
348.867	0.0282384
348.933	0.0205577
349	0.0267611
349.067	0.0170439
349.133	0.0208464
349.2	0.0247207
349.267	0.026057
349.333	0.0188544
349.4	0.0207367
349.467	0.0267441
349.533	0.0153432
349.6	0.0527306
349.667	0.024001
349.733	0.0268995
349.8	0.0257291
349.867	0.0217281
349.933	0.0216471
350	0.0577453
350.067	0.0200718
350.133	0.0150597
350.2	0.0219071
350.267	0.0240976
350.333	0.0209666
350.4	0.0181072
350.467	0.0201345
350.533	0.0165645
350.6	0.0185461
350.667	0.0245026
350.733	0.0175168
350.8	0.0339846
350.867	0.0293344
350.933	0.0304225
351	0.0401527
351.067	0.0463639
351.133	0.030446
351.2	0.0357402
351.267	0.0424674
351.333	0.0283769
351.4	0.0242453
351.467	0.0320971
351.533	0.0299823
351.6	0.0277421
351.667	0.0274769
351.733	0.0302122
351.8	0.0288067
351.867	0.0323022
351.933	0.0296988
352	0.0273202
352.067	0.0294102
352.133	0.0280412
352.2	0.0308758
352.267	0.0281339
352.333	0.0353549
352.4	0.0319482
352.467	0.0320435
352.533	0.0320383
352.6	0.0327437
352.667	0.035735
352.733	0.0382926
352.8	0.037842
352.867	0.040367
352.933	0.0685597
353	0.0444111
353.067	0.047294
353.133	0.0477695
353.2	0.0493174
353.267	0.0476023
353.333	0.0492756
353.4	0.0493931
353.467	0.0484526
353.533	0.0502004
353.6	0.0523674
353.667	0.0508548
353.733	0.0525777
353.8	0.0526444
353.867	0.053628
353.933	0.0559727
354	0.0523883
354.067	0.0543294
354.133	0.0492808
354.2	0.0578053
354.267	0.0539245
354.333	0.0437985
354.4	0.0425614
354.467	0.0366624
354.533	0.0378812
354.6	0.0632955
354.667	0.035833
354.733	0.0462307
354.8	0.0353353
354.867	0.0333629
354.933	0.0419423
355	0.0318946
355.067	0.0273489
355.133	0.0321363
355.2	0.0316556
355.267	0.0316948
355.333	0.0366415
355.4	0.0418587
355.467	0.043771
355.533	0.0405328
355.6	0.0428697
355.667	0.0438376
355.733	0.0389523
355.8	0.0498516
355.867	0.0429821
355.933	0.0469883
356	0.0462242
356.067	0.0437527
356.133	0.0458336
356.2	0.04572
356.267	0.0644672
356.333	0.0480516
356.4	0.0455959
356.467	0.0570608
356.533	0.0595257
356.6	0.053287
356.667	0.0357415
356.733	0.0570451
356.8	0.0369106
356.867	0.0391952
356.933	0.0436509
357	0.0393624
357.067	0.0444699
357.133	0.0514622
357.2	0.0464488
357.267	0.0483951
357.333	0.0488889
357.4	0.0503689
357.467	0.0474546
357.533	0.0465782
357.6	0.0525568
357.667	0.049333
357.733	0.0455227
357.8	0.0516033
357.867	0.053432
357.933	0.0807574
358	0.0445378
358.067	0.0525791
358.133	0.0518293
358.2	0.0496008
358.267	0.0532217
358.333	0.0556396
358.4	0.052839
358.467	0.0494388
358.533	0.0572215
358.6	0.0472169
358.667	0.052792
358.733	0.054029
358.8	0.0531577
358.867	0.0610083
358.933	0.0606948
359	0.0534346
359.067	0.0630173
359.133	0.0696896
359.2	0.0591874
359.267	0.0597856
359.333	0.0658936
359.4	0.0592305
359.467	0.0613453
359.533	0.0721466
359.6	0.0688418
359.667	0.0613466
359.733	0.0527227
359.8	0.0464057
359.867	0.0506314
359.933	0.0603186
360	0.0572711
360.067	0.0626149
360.133	0.0699299
360.2	0.0578916
360.267	0.0617672
360.333	0.0608776
360.4	0.0527711
360.467	0.0429912
360.533	0.0496583
360.6	0.0589339
360.667	0.044705
360.733	0.0525294
360.8	0.0446802
360.867	0.0466748
360.933	0.0495015
361	0.0477525
361.067	0.0531198
361.133	0.0633673
361.2	0.056601
361.267	0.065409
361.333	0.0535796
361.4	0.0555455
361.467	0.0577204
361.533	0.0549251
361.6	0.056567
361.667	0.0530454
361.733	0.0513499
361.8	0.0506536
361.867	0.0496204
361.933	0.0476258
362	0.0597229
362.067	0.0589496
362.133	0.0577492
362.2	0.0649348
362.267	0.0687426
362.333	0.0659367
362.4	0.0686994
362.467	0.0621552
362.533	0.0627234
362.6	0.0641929
362.667	0.0665337
362.733	0.067759
362.8	0.0727736
362.867	0.0729408
362.933	0.101656
363	0.085955
363.067	0.0848525
363.133	0.0841262
363.2	0.0724418
363.267	0.0844802
363.333	0.0915496
363.4	0.0837317
363.467	0.0875826
363.533	0.080474
363.6	0.074494
363.667	0.0738866
363.733	0.0828226
363.8	0.0804217
363.867	0.067627
363.933	0.0658048
364	0.0705909
364.067	0.0726195
364.133	0.0742889
364.2	0.0681639
364.267	0.0696987
364.333	0.0699469
364.4	0.0747291
364.467	0.0615386
364.533	0.0666813
364.6	0.100674
364.667	0.0903505
364.733	0.0682161
364.8	0.0661274
364.867	0.0711186
364.933	0.0689241
365	0.0559701
365.067	0.0512519
365.133	0.0447755
365.2	0.0554254
365.267	0.0260244
365.333	0.0429964
365.4	0.0447377
365.467	0.0446841
365.533	0.043161
365.6	0.0484043
365.667	0.0426947
365.733	0.0396564
365.8	0.0470745
365.867	0.0477512
365.933	0.048979
366	0.0321128
366.067	0.0378603
366.133	0.0512937
366.2	0.0235686
366.267	0.0542863
366.333	0.058994
366.4	0.0374227
366.467	0.0305165
366.533	0.0438194
366.6	0.0600364
366.667	0.0669412
366.733	0.0559008
366.8	0.0612447
366.867	0.0433112
366.933	0.0347514
367	0.0337887
367.067	0.051649
367.133	0.0503114
367.2	0.0397609
367.267	0.0478361
367.333	0.044867
367.4	0.0429233
367.467	0.0450982
367.533	0.047678
367.6	0.0448905
367.667	0.0452497
367.733	0.0534464
367.8	0.0454953
367.867	0.0471529
367.933	0.0918226
368	0.049606
368.067	0.0523217
368.133	0.0560654
368.2	0.0464867
368.267	0.0516033
368.333	0.0396341
368.4	0.0578733
368.467	0.053918
368.533	0.0550034
368.6	0.0516595
368.667	0.0481039
368.733	0.0418104
368.8	0.0498699
368.867	0.0525503
368.933	0.0369485
369	0.0639173
369.067	0.0527423
369.133	0.0286747
369.2	0.0509724
369.267	0.0487596
369.333	0.0374096
369.4	0.0356331
369.467	0.041617
369.533	0.0352804
369.6	0.0773938
369.667	0.0585813
369.733	0.0489869
369.8	0.0556722
369.867	0.0339899
369.933	0.0375964
370	0.0361034
370.067	0.0396812
370.133	0.0424413
370.2	0.0402128
370.267	0.0418299
370.333	0.0405394
370.4	0.0322029
370.467	0.03527
370.533	0.0371248
370.6	0.0391652
370.667	0.0376826
370.733	0.0473828
370.8	0.0448017
370.867	0.0454639
370.933	0.0498412
371	0.0415791
371.067	0.0406713
371.133	0.0471451
371.2	0.0432446
371.267	0.0895249
371.333	0.0645795
371.4	0.0592174
371.467	0.0509162
371.533	0.0599136
371.6	0.0549225
371.667	0.0513042
371.733	0.0552529
371.8	0.0589718
371.867	0.0537442
371.933	0.0409417
372	0.0566768
372.067	0.0593258
372.133	0.0551445
372.2	0.0540407
372.267	0.0545476
372.333	0.0600077
372.4	0.0521859
372.467	0.0517862
372.533	0.0633138
372.6	0.0527541
372.667	0.0677433
372.733	0.0641642
372.8	0.0593075
372.867	0.0545084
372.933	0.0745475
373	0.0741543
373.067	0.0764559
373.133	0.0711343
373.2	0.0631845
373.267	0.0509515
373.333	0.0565318
373.4	0.0401475
373.467	0.0412121
373.533	0.0401109
373.6	0.0396119
373.667	0.0264842
373.733	0.0418313
373.8	0.0305832
373.867	0.0372881
373.933	0.0431114
374	0.0290875
374.067	0.0264567
374.133	0.0380928
374.2	0.0303271
374.267	0.034946
374.333	0.0476349
374.4	0.040427
374.467	0.0370217
374.533	0.0394892
374.6	0.0729239
374.667	0.0552529
374.733	0.0499953
374.8	0.0461458
374.867	0.042308
374.933	0.0392436
375	0.0432851
375.067	0.0413179
375.133	0.0331369
375.2	0.0276532
375.267	0.0295591
375.333	0.0369237
375.4	0.0227692
375.467	0.0293187
375.533	0.0289569
375.6	0.0317366
375.667	0.0324746
375.733	0.0317248
375.8	0.024931
375.867	0.0271268
375.933	0.0353288
376	0.0266892
376.067	0.0268839
376.133	0.0277747
376.2	0.0238377
376.267	0.0850693
376.333	0.0492716
376.4	0.0342942
376.467	0.0307308
376.533	0.040107
376.6	0.0288798
376.667	0.0191953
376.733	0.0496896
376.8	0.0372999
376.867	0.0252824
376.933	0.0415491
377	0.0222023
377.067	0.0336894
377.133	0.0309489
377.2	0.0374253
377.267	0.0342302
377.333	0.0335301
377.4	0.03228
377.467	0.0318306
377.533	0.033965
377.6	0.0232656
377.667	0.0278936
377.733	0.0368179
377.8	0.025848
377.867	0.0306864
377.933	0.0577583
378	0.0399581
378.067	0.0290888
378.133	0.0353562
378.2	0.0274599
378.267	0.0269636
378.333	0.0323975
378.4	0.0288197
378.467	0.0315929
378.533	0.034673
378.6	0.0330781
378.667	0.0291045
378.733	0.0321271
378.8	0.0291763
378.867	0.0227078
378.933	0.0252615
379	0.0192645
379.067	0.0190216
379.133	0.0239304
379.2	0.0195624
379.267	0.0180563
379.333	0.0165528
379.4	0.0246985
379.467	0.0258911
379.533	0.011559
379.6	0.0739845
379.667	0.0547226
379.733	0.0333002
379.8	0.0433687
379.867	0.0353444
379.933	0.0163333
380	0.0316321
380.067	0.0243236
380.133	0.0168114
380.2	0.0187642
380.267	0.0214068
380.333	0.0215047
380.4	0.0282763
380.467	0.0196224
380.533	0.0204153
380.6	0.0169486
380.667	0.0288498
380.733	0.0196812
380.8	0.020064
380.867	0.0191835
380.933	0.0294232
381	0.0285898
381.067	0.0195245
381.133	0.0216798
381.2	0.0172085
381.267	0.0826162
381.333	0.0355665
381.4	0.0333511
381.467	0.039463
381.533	0.0288929
381.6	0.0316255
381.667	0.0255619
381.733	0.0131069
381.8	0.0205904
381.867	0.0149761
381.933	0.0186676
382	0.0192071
382.067	0.0193129
382.133	0.0155652
382.2	0.017198
382.267	0.0166481
382.333	0.0284396
382.4	0.0252171
