time_sec	Dynamic_density
0.0666667	0.0306341
0.133333	0.0337077
0.2	0.03376
0.266667	0.0307295
0.333333	0.0289634
0.4	0.0344444
0.466667	0.042197
0.533333	0.0375272
0.6	0.0505269
0.666667	0.0558381
0.733333	0.0291071
0.8	0.0490496
0.866667	0.0350362
0.933333	0.0378224
1	0.049094
1.06667	0.031252
1.13333	0.0324041
1.2	0.0391482
1.26667	0.0562601
1.33333	0.027409
1.4	0.03588
1.46667	0.0266135
1.53333	0.0300933
1.6	0.0250016
1.66667	0.0288341
1.73333	0.0321729
1.8	0.0212618
1.86667	0.0347292
1.93333	0.0317941
2	0.0310443
2.06667	0.0268342
2.13333	0.0333877
2.2	0.0333811
2.26667	0.0245196
2.33333	0.0347801
2.4	0.0368727
2.46667	0.0311292
2.53333	0.0338814
2.6	0.0318933
2.66667	0.033048
2.73333	0.0384664
2.8	0.0297955
2.86667	0.036959
2.93333	0.0663822
3	0.0391574
3.06667	0.0301469
3.13333	0.0381777
3.2	0.0364717
3.26667	0.0374305
3.33333	0.0236561
3.4	0.0307007
3.46667	0.0283599
3.53333	0.0319534
3.6	0.0336359
3.66667	0.0386048
3.73333	0.0313003
3.8	0.0331356
3.86667	0.0337913
3.93333	0.0342602
4	0.0357912
4.06667	0.0283965
4.13333	0.0220142
4.2	0.0333576
4.26667	0.024496
4.33333	0.0254548
4.4	0.0223055
4.46667	0.0303598
4.53333	0.0225393
4.6	0.0556004
4.66667	0.0427548
4.73333	0.0275592
4.8	0.0388765
4.86667	0.02572
4.93333	0.0330219
5	0.0330076
5.06667	0.022956
5.13333	0.0279641
5.2	0.0551027
5.26667	0.0375298
5.33333	0.0378145
5.4	0.0284801
5.46667	0.0377309
5.53333	0.0266292
5.6	0.0427691
5.66667	0.0304499
5.73333	0.0329631
5.8	0.0307425
5.86667	0.0368479
5.93333	0.0357938
6	0.0372659
6.06667	0.039625
6.13333	0.0313917
6.2	0.0376774
6.26667	0.0732687
6.33333	0.0376682
6.4	0.0460034
6.46667	0.0427509
6.53333	0.0360772
6.6	0.0396067
6.66667	0.0400012
6.73333	0.0377558
6.8	0.0404297
6.86667	0.0405054
6.93333	0.0406831
7	0.0261667
7.06667	0.0364103
7.13333	0.0364756
7.2	0.0293344
7.26667	0.0310012
7.33333	0.0292625
7.4	0.0301377
7.46667	0.0332257
7.53333	0.0342276
7.6	0.0339089
7.66667	0.034434
7.73333	0.0341845
7.8	0.0367277
7.86667	0.0337782
7.93333	0.0784702
8	0.0416288
8.06667	0.0377218
8.13333	0.0388595
8.2	0.0410919
8.26667	0.0365201
8.33333	0.0431127
8.4	0.0426868
8.46667	0.038998
8.53333	0.041071
8.6	0.0363711
8.66667	0.0371653
8.73333	0.0503976
8.8	0.0354933
8.86667	0.0392619
8.93333	0.04845
9	0.0452771
9.06667	0.0407353
9.13333	0.044897
9.2	0.0398
9.26667	0.043421
9.33333	0.049704
9.4	0.0489412
9.46667	0.0498594
9.53333	0.0553601
9.6	0.0730662
9.66667	0.0549773
9.73333	0.0503388
9.8	0.0391757
9.86667	0.0405237
9.93333	0.0441577
10	0.0355456
10.0667	0.0449754
10.1333	0.0421082
10.2	0.038887
10.2667	0.0398392
10.3333	0.0494584
10.4	0.0457186
10.4667	0.0489699
10.5333	0.0495642
10.6	0.04453
10.6667	0.0430382
10.7333	0.0462699
10.8	0.0408163
10.8667	0.0384912
10.9333	0.0571287
11	0.0516333
11.0667	0.0396851
11.1333	0.0415138
11.2	0.0395257
11.2667	0.0782337
11.3333	0.0508417
11.4	0.0480803
11.4667	0.0495786
11.5333	0.0322094
11.6	0.0415373
11.6667	0.0508404
11.7333	0.0483429
11.8	0.0435764
11.8667	0.0428684
11.9333	0.0437122
12	0.0445012
12.0667	0.0421356
12.1333	0.0433321
12.2	0.0436744
12.2667	0.0416027
12.3333	0.0339494
12.4	0.045831
12.4667	0.0419789
12.5333	0.0269923
12.6	0.0272679
12.6667	0.0376813
12.7333	0.029034
12.8	0.0338148
12.8667	0.020896
12.9333	0.0698503
13	0.0393167
13.0667	0.0283678
13.1333	0.0366272
13.2	0.0313839
13.2667	0.0267075
13.3333	0.0279981
13.4	0.0278322
13.4667	0.0249389
13.5333	0.0264946
13.6	0.0289843
13.6667	0.0325974
13.7333	0.0273554
13.8	0.0323557
13.8667	0.0263692
13.9333	0.0242348
14	0.0217843
14.0667	0.0249859
14.1333	0.0295917
14.2	0.0262921
14.2667	0.0281836
14.3333	0.0245313
14.4	0.0318202
14.4667	0.0209561
14.5333	0.026027
14.6	0.068753
14.6667	0.045575
14.7333	0.0401566
14.8	0.0346221
14.8667	0.0322983
14.9333	0.0362118
15	0.0237188
15.0667	0.0294964
15.1333	0.0342498
15.2	0.0258728
15.2667	0.0281784
15.3333	0.0323949
15.4	0.0324237
15.4667	0.0239749
15.5333	0.0272731
15.6	0.0265064
15.6667	0.0166377
15.7333	0.0212722
15.8	0.0242257
15.8667	0.0175351
15.9333	0.0205029
16	0.0181399
16.0667	0.0188335
16.1333	0.0180197
16.2	0.0112664
16.2667	0.0611702
16.3333	0.0347449
16.4	0.0311801
16.4667	0.038243
16.5333	0.0304094
16.6	0.026863
16.6667	0.0368897
16.7333	0.0198079
16.8	0.022585
16.8667	0.0200914
16.9333	0.0185252
17	0.0239396
17.0667	0.0256834
17.1333	0.0234341
17.2	0.0172111
17.2667	0.0207563
17.3333	0.0280399
17.4	0.028198
17.4667	0.0218613
17.5333	0.0272823
17.6	0.027631
17.6667	0.0226856
17.7333	0.0257174
17.8	0.0216315
17.8667	0.0186415
17.9333	0.0695603
18	0.0375102
18.0667	0.0240193
18.1333	0.0257043
18.2	0.0219188
18.2667	0.0188413
18.3333	0.0210188
18.4	0.0139416
18.4667	0.0140291
18.5333	0.0123493
18.6	0.0147319
18.6667	0.0121559
18.7333	0.0210384
18.8	0.0148037
18.8667	0.0152805
18.9333	0.0199216
19	0.0157207
19.0667	0.0177388
19.1333	0.0170949
19.2	0.0111475
19.2667	0.0191979
19.3333	0.0287387
19.4	0.0182901
19.4667	0.0182875
19.5333	0.0211573
19.6	0.0529174
19.6667	0.0439265
19.7333	0.0240781
19.8	0.0319377
19.8667	0.0349212
19.9333	0.0403173
20	0.0311893
20.0667	0.0300985
20.1333	0.0300267
20.2	0.034016
20.2667	0.0267114
20.3333	0.0262752
20.4	0.0186127
20.4667	0.0178603
20.5333	0.0219776
20.6	0.0151067
20.6667	0.0149565
20.7333	0.0201907
20.8	0.0144811
20.8667	0.0241564
20.9333	0.016221
21	0.0260779
21.0667	0.0206335
21.1333	0.0261328
21.2	0.0226555
21.2667	0.0723373
21.3333	0.0441067
21.4	0.0393938
21.4667	0.0253229
21.5333	0.0253791
21.6	0.0371993
21.6667	0.0267689
21.7333	0.0384468
21.8	0.0300489
21.8667	0.0266592
21.9333	0.0279328
22	0.0385291
22.0667	0.0272183
22.1333	0.0217791
22.2	0.0196407
22.2667	0.0237593
22.3333	0.0193599
22.4	0.0203461
22.4667	0.0210593
22.5333	0.0203683
22.6	0.0209822
22.6667	0.0197243
22.7333	0.0152073
22.8	0.0183711
22.8667	0.020465
22.9333	0.0622035
23	0.0412865
23.0667	0.0372137
23.1333	0.0409273
23.2	0.027119
23.2667	0.0292456
23.3333	0.030318
23.4	0.0197635
23.4667	0.0240258
23.5333	0.0416575
23.6	0.0432472
23.6667	0.0366023
23.7333	0.0309019
23.8	0.0221722
23.8667	0.0188975
23.9333	0.0276872
24	0.0198928
24.0667	0.0173679
24.1333	0.0215557
24.2	0.026991
24.2667	0.017057
24.3333	0.0253647
24.4	0.020239
24.4667	0.0181059
24.5333	0.0177388
24.6	0.0569367
24.6667	0.0460256
24.7333	0.0350296
24.8	0.0296871
24.8667	0.0342289
24.9333	0.026957
25	0.020896
25.0667	0.0279576
25.1333	0.0264411
25.2	0.0272457
25.2667	0.0174737
25.3333	0.0268081
25.4	0.0174371
25.4667	0.0221174
25.5333	0.0174384
25.6	0.017876
25.6667	0.0185905
25.7333	0.0231167
25.8	0.0172764
25.8667	0.0185252
25.9333	0.0279654
26	0.0203461
26.0667	0.0264006
26.1333	0.0252158
26.2	0.0228894
26.2667	0.0604322
26.3333	0.0359858
26.4	0.0307425
26.4667	0.0331264
26.5333	0.034707
26.6	0.0283521
26.6667	0.0262098
26.7333	0.0284945
26.8	0.0303036
26.8667	0.0280099
26.9333	0.0314244
27	0.0304382
27.0667	0.0264633
27.1333	0.0315197
27.2	0.0285493
27.2667	0.0293292
27.3333	0.0315132
27.4	0.027345
27.4667	0.0336973
27.5333	0.0379099
27.6	0.0356409
27.6667	0.0337299
27.7333	0.0401998
27.8	0.0361412
27.8667	0.0372633
27.9333	0.0858426
28	0.0574213
28.0667	0.0458088
28.1333	0.0622936
28.2	0.0511905
28.2667	0.0455162
28.3333	0.0542824
28.4	0.0520944
28.4667	0.0455136
28.5333	0.0637501
28.6	0.0494219
28.6667	0.0545071
28.7333	0.0696622
28.8	0.0583892
28.8667	0.0520722
28.9333	0.0671346
29	0.0576486
29.0667	0.0621761
29.1333	0.0783252
29.2	0.060235
29.2667	0.0661497
29.3333	0.0780705
29.4	0.0664775
29.4667	0.0650772
29.5333	0.0793597
29.6	0.103038
29.6667	0.0746207
29.7333	0.0890469
29.8	0.073321
29.8667	0.0650864
29.9333	0.0871032
30	0.0744678
30.0667	0.0750374
30.1333	0.0802088
30.2	0.0744273
30.2667	0.0761242
30.3333	0.0827481
30.4	0.0766806
30.4667	0.0745358
30.5333	0.0816365
30.6	0.0784872
30.6667	0.085469
30.7333	0.0793088
30.8	0.082095
30.8667	0.0825326
30.9333	0.0838558
31	0.084637
31.0667	0.088672
31.1333	0.0847245
31.2	0.0879287
31.2667	0.113406
31.3333	0.109691
31.4	0.0896712
31.4667	0.0934541
31.5333	0.0942287
31.6	0.0857786
31.6667	0.0833346
31.7333	0.0809364
31.8	0.0875355
31.8667	0.0833973
31.9333	0.0879444
32	0.0911551
32.0667	0.0841132
32.1333	0.0865846
32.2	0.0865493
32.2667	0.0878712
32.3333	0.0738761
32.4	0.0858492
32.4667	0.0805288
32.5333	0.0555677
32.6	0.0858296
32.6667	0.0830264
32.7333	0.0709279
32.8	0.0870601
32.8667	0.0772828
32.9333	0.078721
33	0.0975558
33.0667	0.0552647
33.1333	0.0490156
33.2	0.0373208
33.2667	0.0231376
33.3333	0.049367
33.4	0.0231062
33.4667	0.0175024
33.5333	0.0248683
33.6	0.0249389
33.6667	0.0282646
33.7333	0.0317588
33.8	0.0224374
33.8667	0.0278975
33.9333	0.0337691
34	0.0261276
34.0667	0.0269845
34.1333	0.0346077
34.2	0.0320187
34.2667	0.0381476
34.3333	0.0476702
34.4	0.0361465
34.4667	0.0358643
34.5333	0.0454391
34.6	0.0895276
34.6667	0.0558238
34.7333	0.040009
34.8	0.04363
34.8667	0.0372176
34.9333	0.0489882
35	0.049704
35.0667	0.0579412
35.1333	0.0585225
35.2	0.0441067
35.2667	0.0488798
35.3333	0.0451269
35.4	0.0429638
35.4667	0.0449506
35.5333	0.0400234
35.6	0.0439983
35.6667	0.0417098
35.7333	0.0396655
35.8	0.0385069
35.8667	0.0271726
35.9333	0.0394957
36	0.0394056
36.0667	0.0459564
36.1333	0.0356214
36.2	0.0355064
36.2667	0.078704
36.3333	0.0521349
36.4	0.0415465
36.4667	0.0413205
36.5333	0.0545123
36.6	0.0396616
36.6667	0.0455083
36.7333	0.0507895
36.8	0.043144
36.8667	0.0481692
36.9333	0.047358
37	0.0408908
37.0667	0.0458245
37.1333	0.0439853
37.2	0.0487687
37.2667	0.0627913
37.3333	0.0612591
37.4	0.0815516
37.4667	0.0889228
37.5333	0.0824229
37.6	0.100629
37.6667	0.100465
37.7333	0.0771117
37.8	0.104876
37.8667	0.0784284
37.9333	0.0830982
38	0.0860333
38.0667	0.0768348
38.1333	0.0516856
38.2	0.0803107
38.2667	0.0596106
38.3333	0.0495668
38.4	0.0451152
38.4667	0.0359675
38.5333	0.0316412
38.6	0.0322539
38.6667	0.0386375
38.7333	0.0326705
38.8	0.0356436
38.8667	0.0489568
38.9333	0.0459564
39	0.0301861
39.0667	0.0440989
39.1333	0.0454783
39.2	0.0343752
39.2667	0.0259669
39.3333	0.0361439
39.4	0.0431767
39.4667	0.0426934
39.5333	0.0304094
39.6	0.0674311
39.6667	0.0455972
39.7333	0.0441093
39.8	0.0352386
39.8667	0.028262
39.9333	0.0430892
40	0.0325869
40.0667	0.03382
40.1333	0.0370321
40.2	0.0341205
40.2667	0.041971
40.3333	0.0431427
40.4	0.0389288
40.4667	0.0371889
40.5333	0.0473737
40.6	0.0378159
40.6667	0.0451243
40.7333	0.0416
40.8	0.0323401
40.8667	0.0427051
40.9333	0.0415778
41	0.0386767
41.0667	0.0434667
41.1333	0.0437253
41.2	0.0425693
41.2667	0.0960457
41.3333	0.058286
41.4	0.0454051
41.4667	0.0453803
41.5333	0.0465638
41.6	0.0374658
41.6667	0.0453986
41.7333	0.0496348
41.8	0.0537534
41.8667	0.0485258
41.9333	0.0538135
42	0.0549198
42.0667	0.0437789
42.1333	0.0464658
42.2	0.039864
42.2667	0.0465403
42.3333	0.0502291
42.4	0.0424217
42.4667	0.042295
42.5333	0.0373012
42.6	0.0405407
42.6667	0.0422101
42.7333	0.0329762
42.8	0.035509
42.8667	0.0318372
42.9333	0.0909892
43	0.0454038
43.0667	0.0400391
43.1333	0.0440571
43.2	0.0339454
43.2667	0.0348441
43.3333	0.040461
43.4	0.0385669
43.4667	0.0373208
43.5333	0.0427848
43.6	0.0378263
43.6667	0.0386884
43.7333	0.0442713
43.8	0.0326105
43.8667	0.0358957
43.9333	0.0389954
44	0.0446815
44.0667	0.0437919
44.1333	0.0384912
44.2	0.0431453
44.2667	0.0420938
44.3333	0.0412591
44.4	0.0390006
44.4667	0.0442178
44.5333	0.038853
44.6	0.0956264
44.6667	0.0591508
44.7333	0.0497772
44.8	0.0458911
44.8667	0.0489986
44.9333	0.0528181
45	0.0404453
45.0667	0.0459237
45.1333	0.044931
45.2	0.0484709
45.2667	0.047085
45.3333	0.0479144
45.4	0.0430082
45.4667	0.0438638
45.5333	0.0433295
45.6	0.0352817
45.6667	0.0392057
45.7333	0.0380745
45.8	0.0385434
45.8667	0.041954
45.9333	0.04488
46	0.0415164
46.0667	0.0407627
46.1333	0.0392841
46.2	0.0404336
46.2667	0.0963292
46.3333	0.0558865
46.4	0.0601422
46.4667	0.0605067
46.5333	0.0533119
46.6	0.0605615
46.6667	0.0539362
46.7333	0.0564887
46.8	0.0482188
46.8667	0.0504499
46.9333	0.0448826
47	0.0440323
47.0667	0.045797
47.1333	0.0485911
47.2	0.0501716
47.2667	0.0480425
47.3333	0.0439539
47.4	0.0522956
47.4667	0.0529553
47.5333	0.0450943
47.6	0.0634078
47.6667	0.0481535
47.7333	0.0299862
47.8	0.0449741
47.8667	0.0350048
47.9333	0.0699913
48	0.0539885
48.0667	0.0449545
48.1333	0.0369341
48.2	0.0523152
48.2667	0.0406099
48.3333	0.0301416
48.4	0.0503323
48.4667	0.0422741
48.5333	0.0264515
48.6	0.0356318
48.6667	0.0306694
48.7333	0.0369576
48.8	0.0326183
48.8667	0.0312284
48.9333	0.0294898
49	0.0359335
49.0667	0.0291228
49.1333	0.0251831
49.2	0.0244046
49.2667	0.020256
49.3333	0.0222271
49.4	0.0237619
49.4667	0.0211821
49.5333	0.0165737
49.6	0.07629
49.6667	0.0292887
49.7333	0.0286564
49.8	0.0149657
49.8667	0.0271046
49.9333	0.0283495
50	0.0494793
50.0667	0.0279367
50.1333	0.020994
50.2	0.0223002
50.2667	0.0243066
50.3333	0.0222088
50.4	0.0325112
50.4667	0.037987
50.5333	0.0290039
50.6	0.0281326
50.6667	0.0191692
50.7333	0.0331121
50.8	0.0212161
50.8667	0.0207314
50.9333	0.0345411
51	0.0249167
51.0667	0.0255528
51.1333	0.0267859
51.2	0.0151851
51.2667	0.0792605
51.3333	0.0378786
51.4	0.0317718
51.4667	0.0383945
51.5333	0.0223878
51.6	0.0349356
51.6667	0.0261694
51.7333	0.0378864
51.8	0.0238782
51.8667	0.0269701
51.9333	0.022841
52	0.0189158
52.0667	0.0167944
52.1333	0.0139037
52.2	0.017134
52.2667	0.0184272
52.3333	0.0221526
52.4	0.0175742
52.4667	0.0190203
52.5333	0.017488
52.6	0.0117601
52.6667	0.0126732
52.7333	0.025157
52.8	0.0159401
52.8667	0.0187316
52.9333	0.0835071
53	0.026701
53.0667	0.0255554
53.1333	0.0242322
53.2	0.0303415
53.2667	0.0204767
53.3333	0.0360302
53.4	0.0314035
53.4667	0.021459
53.5333	0.0263013
53.6	0.0295734
53.6667	0.0226529
53.7333	0.0275501
53.8	0.0230866
53.8667	0.0214198
53.9333	0.0236339
54	0.0276572
54.0667	0.0329331
54.1333	0.0333838
54.2	0.0306877
54.2667	0.0438703
54.3333	0.0210985
54.4	0.0312546
54.4667	0.0313983
54.5333	0.0151668
54.6	0.0794068
54.6667	0.022666
54.7333	0.0289229
54.8	0.0246384
54.8667	0.0177663
54.9333	0.0310221
55	0.0208699
55.0667	0.0355391
55.1333	0.0285075
55.2	0.0259186
55.2667	0.0256024
55.3333	0.0260714
55.4	0.019322
55.4667	0.0341714
55.5333	0.0260662
55.6	0.0242518
55.6667	0.0252837
55.7333	0.0221448
55.8	0.0309136
55.8667	0.0176356
55.9333	0.0275644
56	0.0265077
56.0667	0.0263966
56.1333	0.023839
56.2	0.0186323
56.2667	0.0844658
56.3333	0.0324328
56.4	0.0335941
56.4667	0.0321859
56.5333	0.0267284
56.6	0.0263457
56.6667	0.0317457
56.7333	0.0320658
56.8	0.0177898
56.8667	0.0225915
56.9333	0.0253752
57	0.0366624
57.0667	0.0168075
57.1333	0.0278609
57.2	0.0252981
57.2667	0.018183
57.3333	0.0229599
57.4	0.0186049
57.4667	0.0270367
57.5333	0.0289608
57.6	0.0237084
57.6667	0.0287623
57.7333	0.020303
57.8	0.0277238
57.8667	0.0187237
57.9333	0.0781488
58	0.0227614
58.0667	0.0235425
58.1333	0.0272862
58.2	0.0307869
58.2667	0.0254235
58.3333	0.0258167
58.4	0.0203134
58.4667	0.0216863
58.5333	0.0176709
58.6	0.0369694
58.6667	0.0384154
58.7333	0.0276637
58.8	0.026991
58.8667	0.0243171
58.9333	0.0255659
59	0.0261602
59.0667	0.0224074
59.1333	0.0252236
59.2	0.019147
59.2667	0.0213663
59.3333	0.0214852
59.4	0.0285964
59.4667	0.0241577
59.5333	0.0309149
59.6	0.0222624
59.6667	0.0229403
59.7333	0.0214172
59.8	0.0236405
59.8667	0.0188857
59.9333	0.022491
60	0.0230082
60.0667	0.0214368
60.1333	0.0237371
60.2	0.0137234
60.2667	0.0875551
60.3333	0.0415844
60.4	0.0316125
60.4667	0.031218
60.5333	0.0274808
60.6	0.0305962
60.6667	0.0293866
60.7333	0.0223512
60.8	0.0273084
60.8667	0.0176578
60.9333	0.0227169
61	0.0247913
61.0667	0.0225145
61.1333	0.0194121
61.2	0.0265939
61.2667	0.0138985
61.3333	0.02305
61.4	0.0181725
61.4667	0.01524
61.5333	0.0149017
61.6	0.0216184
61.6667	0.0095343
61.7333	0.0153602
61.8	0.0177297
61.8667	0.00886942
61.9333	0.0687556
62	0.0209483
62.0667	0.0254744
62.1333	0.0302945
62.2	0.0130873
62.2667	0.0201097
62.3333	0.0211873
62.4	0.0186624
62.4667	0.0217555
62.5333	0.0186937
62.6	0.018678
62.6667	0.015688
62.7333	0.0218117
62.8	0.0253294
62.8667	0.0244085
62.9333	0.0175403
63	0.0180158
63.0667	0.0183789
63.1333	0.0285689
63.2	0.0249572
63.2667	0.0257096
63.3333	0.01971
63.4	0.0173117
63.4667	0.0212213
63.5333	0.0140226
63.6	0.074221
63.6667	0.0176957
63.7333	0.0388831
63.8	0.0337443
63.8667	0.0209156
63.9333	0.0179478
64	0.0189693
64.0667	0.0181529
64.1333	0.0247103
64.2	0.0252628
64.2667	0.018985
64.3333	0.0231519
64.4	0.0180798
64.4667	0.0212905
64.5333	0.0222441
64.6	0.0160551
64.6667	0.0176983
64.7333	0.0188478
64.8	0.0192893
64.8667	0.0220481
64.9333	0.0194827
65	0.0249898
65.0667	0.0278413
65.1333	0.0281183
65.2	0.0207105
65.2667	0.0779176
65.3333	0.0357232
65.4	0.0254614
65.4667	0.0287244
65.5333	0.0282306
65.6	0.0293749
65.6667	0.0221357
65.7333	0.0213258
65.8	0.0245248
65.8667	0.0181163
65.9333	0.0216406
66	0.0320475
66.0667	0.0175729
66.1333	0.0289882
66.2	0.0235582
66.2667	0.0203121
66.3333	0.0223656
66.4	0.0214473
66.4667	0.0208007
66.5333	0.0281888
66.6	0.0204846
66.6667	0.0520526
66.7333	0.0134008
66.8	0.0162811
66.8667	0.01582
66.9333	0.0733027
67	0.0399202
67.0667	0.0392815
67.1333	0.0305165
67.2	0.0308771
67.2667	0.0263457
67.3333	0.0649832
67.4	0.0369041
67.4667	0.0292155
67.5333	0.0243837
67.6	0.0297067
67.6667	0.0247913
67.7333	0.0215923
67.8	0.0229455
67.8667	0.0241068
67.9333	0.0302723
68	0.0253543
68.0667	0.0310743
68.1333	0.0177663
68.2	0.0281522
68.2667	0.0270694
68.3333	0.0203461
68.4	0.0188988
68.4667	0.0243119
68.5333	0.0240833
68.6	0.0246384
68.6667	0.0180693
68.7333	0.0294441
68.8	0.0203095
68.8667	0.0214956
68.9333	0.0161478
69	0.0856428
69.0667	0.0309372
69.1333	0.0350727
69.2	0.0348298
69.2667	0.0349878
69.3333	0.0249663
69.4	0.021749
69.4667	0.0316308
69.5333	0.0261393
69.6	0.0308875
69.6667	0.0270406
69.7333	0.0322891
69.8	0.0221722
69.8667	0.0366873
69.9333	0.0268212
70	0.027439
70.0667	0.0246515
70.1333	0.0269374
70.2	0.0214865
70.2667	0.0288537
70.3333	0.0236836
70.4	0.0252027
70.4667	0.0182744
70.5333	0.0279328
70.6	0.0181764
70.6667	0.0900239
70.7333	0.0361713
70.8	0.0341897
70.8667	0.0344954
70.9333	0.0217346
71	0.0258728
71.0667	0.0277525
71.1333	0.0269048
71.2	0.021075
71.2667	0.0209222
71.3333	0.0187603
71.4	0.0292756
71.4667	0.033726
71.5333	0.0242479
71.6	0.02868
71.6667	0.0184756
71.7333	0.025626
71.8	0.0110574
71.8667	0.0162967
71.9333	0.016622
72	0.0163281
72.0667	0.0202716
72.1333	0.0164809
72.2	0.0238913
72.2667	0.0159088
72.3333	0.0736227
72.4	0.0384611
72.4667	0.0281666
72.5333	0.0299797
72.6	0.025865
72.6667	0.0348598
72.7333	0.0275971
72.8	0.0323257
72.8667	0.0333433
72.9333	0.021877
73	0.0254352
73.0667	0.0171602
73.1333	0.0205394
73.2	0.0343582
73.2667	0.022811
73.3333	0.0209705
73.4	0.0203709
73.4667	0.0316608
73.5333	0.0238834
73.6	0.0301665
73.6667	0.0231454
73.7333	0.0234001
73.8	0.0210711
73.8667	0.0171484
73.9333	0.0167291
74	0.0719899
74.0667	0.0355978
74.1333	0.0317692
74.2	0.0252419
74.2667	0.0250943
74.3333	0.0250172
74.4	0.0248409
74.4667	0.0266984
74.5333	0.0238612
74.6	0.0238037
74.6667	0.0228685
74.7333	0.0309567
74.8	0.0335692
74.8667	0.0241656
74.9333	0.0214473
75	0.0158683
75.0667	0.027392
75.1333	0.0184416
75.2	0.022346
75.2667	0.0199242
75.3333	0.0212161
75.4	0.0220717
75.4667	0.0220573
75.5333	0.0188126
75.6	0.0208516
75.6667	0.0736331
75.7333	0.0412082
75.8	0.032583
75.8667	0.0211325
75.9333	0.0300894
76	0.0229233
76.0667	0.0282371
76.1333	0.0204297
76.2	0.0276964
76.2667	0.0232434
76.3333	0.0153014
76.4	0.0259003
76.4667	0.0266213
76.5333	0.0256377
76.6	0.0212814
76.6667	0.0282515
76.7333	0.0169538
76.8	0.0251531
76.8667	0.0271673
76.9333	0.0246058
77	0.0246476
77.0667	0.0253621
77.1333	0.0224335
77.2	0.0233257
77.2667	0.0237502
77.3333	0.07629
77.4	0.0331682
77.4667	0.036891
77.5333	0.028407
77.6	0.030544
77.6667	0.027055
77.7333	0.0241839
77.8	0.0216223
77.8667	0.0205825
77.9333	0.0180615
78	0.0189628
78.0667	0.0261093
78.1333	0.0192907
78.2	0.0179753
78.2667	0.0245
78.3333	0.0165528
78.4	0.0181817
78.4667	0.0177245
78.5333	0.0200888
78.6	0.018665
78.6667	0.0352661
78.7333	0.016703
78.8	0.0225942
78.8667	0.0208503
78.9333	0.0183698
79	0.0875447
79.0667	0.0413336
79.1333	0.0387394
79.2	0.0318476
79.2667	0.0326718
79.3333	0.0230278
79.4	0.0411298
79.4667	0.0188727
79.5333	0.0219828
79.6	0.016703
79.6667	0.0269936
79.7333	0.0249441
79.8	0.0189641
79.8667	0.0227078
79.9333	0.0177075
80	0.00852065
80.0667	0.016268
80.1333	0.0102802
80.2	0.0131422
80.2667	0.0139272
80.3333	0.0103899
80.4	0.0184442
80.4667	0.0265077
80.5333	0.0165724
80.6	0.0168532
80.6667	0.0892911
80.7333	0.0283678
80.8	0.0240545
80.8667	0.0119169
80.9333	0.0235791
81	0.0238625
81.0667	0.0317078
81.1333	0.0202886
81.2	0.018452
81.2667	0.0276585
81.3333	0.0290953
81.4	0.029917
81.4667	0.0212226
81.5333	0.0163163
81.6	0.0193573
81.6667	0.0224479
81.7333	0.0178603
81.8	0.0262634
81.8667	0.0229364
81.9333	0.0137796
82	0.0130938
82.0667	0.0156946
82.1333	0.012472
82.2	0.0141114
82.2667	0.0172673
82.3333	0.0576786
82.4	0.0274965
82.4667	0.0334608
82.5333	0.0254117
82.6	0.0156906
82.6667	0.0227744
82.7333	0.0271177
82.8	0.0203513
82.8667	0.0199346
82.9333	0.0141676
83	0.0127072
83.0667	0.0200365
83.1333	0.0126993
83.2	0.016494
83.2667	0.0217843
83.3333	0.0200888
83.4	0.0180745
83.4667	0.0188387
83.5333	0.0136869
83.6	0.0177101
83.6667	0.0185239
83.7333	0.0170452
83.8	0.0183044
83.8667	0.0142355
83.9333	0.0155391
84	0.0702722
84.0667	0.027375
84.1333	0.0205669
84.2	0.0220207
84.2667	0.024436
84.3333	0.029047
84.4	0.0277656
84.4667	0.0264006
84.5333	0.0185735
84.6	0.0156828
84.6667	0.0218248
84.7333	0.0200757
84.8	0.0235085
84.8667	0.0263757
84.9333	0.0154934
85	0.0176957
85.0667	0.0191875
85.1333	0.0163869
85.2	0.0173091
85.2667	0.0195833
85.3333	0.0168872
85.4	0.0210828
85.4667	0.0210227
85.5333	0.01704
85.6	0.0156384
85.6667	0.0822936
85.7333	0.0269688
85.8	0.0237384
85.8667	0.0241329
85.9333	0.0241773
86	0.0189654
86.0667	0.0285742
86.1333	0.018183
86.2	0.0236496
86.2667	0.0205904
86.3333	0.0198393
86.4	0.0253634
86.4667	0.0251831
86.5333	0.0218391
86.6	0.0273215
86.6667	0.0213336
86.7333	0.0193651
86.8	0.0184089
86.8667	0.0221775
86.9333	0.0215021
87	0.0150427
87.0667	0.0264946
87.1333	0.0214747
87.2	0.0162667
87.2667	0.0155038
87.3333	0.067819
87.4	0.0360106
87.4667	0.0192436
87.5333	0.0289451
87.6	0.0281313
87.6667	0.0230788
87.7333	0.0190255
87.8	0.0238886
87.8667	0.0220481
87.9333	0.0183893
88	0.021139
88.0667	0.0236509
88.1333	0.0233074
88.2	0.0244098
88.2667	0.0286826
88.3333	0.0116191
88.4	0.018985
88.4667	0.017893
88.5333	0.0225889
88.6	0.0230775
88.6667	0.0188021
88.7333	0.0144053
88.8	0.0184638
88.8667	0.0171393
88.9333	0.0227535
89	0.0693029
89.0667	0.0492703
89.1333	0.0319364
89.2	0.033969
89.2667	0.0278701
89.3333	0.0227457
89.4	0.0288406
89.4667	0.024999
89.5333	0.0272561
89.6	0.0289295
89.6667	0.0278792
89.7333	0.029998
89.8	0.0256782
89.8667	0.0319195
89.9333	0.0242257
90	0.0242152
90.0667	0.0225119
90.1333	0.0325517
90.2	0.0257527
90.2667	0.02842
90.3333	0.0212971
90.4	0.0238704
90.4667	0.0243171
90.5333	0.0271556
90.6	0.0229821
90.6667	0.0814941
90.7333	0.0431114
90.8	0.031717
90.8667	0.0337926
90.9333	0.0287688
91	0.0256469
91.0667	0.030058
91.1333	0.0247965
91.2	0.0272993
91.2667	0.0288158
91.3333	0.0281666
91.4	0.0323401
91.4667	0.0268956
91.5333	0.0320004
91.6	0.0288772
91.6667	0.0249219
91.7333	0.0313904
91.8	0.027989
91.8667	0.029273
91.9333	0.0237737
92	0.024082
92.0667	0.0215335
92.1333	0.0257566
92.2	0.0252511
92.2667	0.0184651
92.3333	0.0778863
92.4	0.0406596
92.4667	0.0316438
92.5333	0.026522
92.6	0.0357507
92.6667	0.0265299
92.7333	0.0295839
92.8	0.0249023
92.8667	0.0308679
92.9333	0.0323322
93	0.0257618
93.0667	0.0322591
93.1333	0.0310978
93.2	0.0288863
93.2667	0.0273737
93.3333	0.022137
93.4	0.0231101
93.4667	0.034208
93.5333	0.0317993
93.6	0.0223669
93.6667	0.0273672
93.7333	0.022103
93.8	0.0261889
93.8667	0.0226229
93.9333	0.0261184
94	0.0790188
94.0667	0.0392514
94.1333	0.0331865
94.2	0.0417751
94.2667	0.0297289
94.3333	0.0297576
94.4	0.0364299
94.4667	0.0275736
94.5333	0.0366102
94.6	0.031572
94.6667	0.0377427
94.7333	0.0475252
94.8	0.0425719
94.8667	0.0297302
94.9333	0.0446345
95	0.0468146
95.0667	0.0391861
95.1333	0.0641615
95.2	0.0621081
95.2667	0.051956
95.3333	0.0671097
95.4	0.0664331
95.4667	0.0483207
95.5333	0.0756304
95.6	0.0685545
95.6667	0.0800233
95.7333	0.0707176
95.8	0.0739075
95.8667	0.069734
95.9333	0.0774108
96	0.0816326
96.0667	0.0812237
96.1333	0.0855174
96.2	0.0910219
96.2667	0.0838336
96.3333	0.0991102
96.4	0.0982023
96.4667	0.0955049
96.5333	0.099873
96.6	0.103041
96.6667	0.101672
96.7333	0.0995465
96.8	0.109625
96.8667	0.102953
96.9333	0.112481
97	0.106978
97.0667	0.113262
97.1333	0.10987
97.2	0.112489
97.2667	0.111428
97.3333	0.123916
97.4	0.116065
97.4667	0.113431
97.5333	0.111247
97.6	0.116647
97.6667	0.120346
97.7333	0.118908
97.8	0.130864
97.8667	0.14294
97.9333	0.140117
98	0.13719
98.0667	0.148968
98.1333	0.144766
98.2	0.157543
98.2667	0.1367
98.3333	0.149875
98.4	0.116136
98.4667	0.134009
98.5333	0.143395
98.6	0.137937
98.6667	0.144058
98.7333	0.108805
98.8	0.120593
98.8667	0.143802
98.9333	0.123628
99	0.121572
99.0667	0.149086
99.1333	0.10662
99.2	0.0999801
99.2667	0.144675
99.3333	0.132804
99.4	0.137032
99.4667	0.154124
99.5333	0.124658
99.6	0.121574
99.6667	0.147821
99.7333	0.143905
99.8	0.137177
99.8667	0.150008
99.9333	0.139212
100	0.148584
100.067	0.170498
100.133	0.162677
100.2	0.163461
100.267	0.176035
100.333	0.13664
100.4	0.153449
100.467	0.18079
100.533	0.112174
100.6	0.154289
100.667	0.167162
100.733	0.124006
100.8	0.12193
100.867	0.203744
100.933	0.132327
101	0.144282
101.067	0.182718
101.133	0.124397
101.2	0.126864
101.267	0.212249
101.333	0.163784
101.4	0.171832
101.467	0.209519
101.533	0.187649
101.6	0.189599
101.667	0.178696
101.733	0.179988
101.8	0.17028
101.867	0.193885
101.933	0.130226
102	0.183571
102.067	0.173936
102.133	0.186676
102.2	0.172978
102.267	0.191419
102.333	0.15211
102.4	0.157779
102.467	0.194142
102.533	0.17687
102.6	0.15809
102.667	0.180717
102.733	0.165622
102.8	0.167548
102.867	0.187163
102.933	0.171939
103	0.182225
103.067	0.188925
103.133	0.136016
103.2	0.145132
103.267	0.193005
103.333	0.138799
103.4	0.15598
103.467	0.173702
103.533	0.157688
103.6	0.157067
103.667	0.191837
103.733	0.156498
103.8	0.171222
103.867	0.20538
103.933	0.152418
104	0.133397
104.067	0.14361
104.133	0.138239
104.2	0.157714
104.267	0.19386
104.333	0.151856
104.4	0.142297
104.467	0.191159
104.533	0.129712
104.6	0.141072
104.667	0.178649
104.733	0.148275
104.8	0.152193
104.867	0.196401
104.933	0.14247
105	0.157771
105.067	0.193863
105.133	0.130038
105.2	0.141261
105.267	0.149287
105.333	0.15912
105.4	0.148195
105.467	0.20607
105.533	0.142879
105.6	0.133434
105.667	0.173005
105.733	0.112538
105.8	0.12912
105.867	0.168366
105.933	0.141922
106	0.139869
106.067	0.166382
106.133	0.132174
106.2	0.12826
106.267	0.163715
106.333	0.120526
106.4	0.115434
106.467	0.162762
106.533	0.1272
106.6	0.107781
106.667	0.185205
106.733	0.148145
106.8	0.131184
106.867	0.181439
106.933	0.136235
107	0.147313
107.067	0.186825
107.133	0.143007
107.2	0.135564
107.267	0.189305
107.333	0.13345
107.4	0.127899
107.467	0.202032
107.533	0.134793
107.6	0.119081
107.667	0.179592
107.733	0.113748
107.8	0.126557
107.867	0.145569
107.933	0.127253
108	0.113169
108.067	0.160284
108.133	0.113731
108.2	0.0952763
108.267	0.165315
108.333	0.104283
108.4	0.110311
108.467	0.147987
108.533	0.115035
108.6	0.121864
108.667	0.156439
108.733	0.113953
108.8	0.114783
108.867	0.141273
108.933	0.109298
109	0.108153
109.067	0.138403
109.133	0.110319
109.2	0.122346
109.267	0.163884
109.333	0.12402
109.4	0.0972553
109.467	0.152805
109.533	0.12183
109.6	0.0884146
109.667	0.151441
109.733	0.102517
109.8	0.105955
109.867	0.136471
109.933	0.109013
110	0.120926
110.067	0.14813
110.133	0.136279
110.2	0.119929
110.267	0.150019
110.333	0.129867
110.4	0.124747
110.467	0.160068
110.533	0.12235
110.6	0.110711
110.667	0.146014
110.733	0.121784
110.8	0.123756
110.867	0.163651
110.933	0.116394
111	0.121907
111.067	0.140081
111.133	0.121149
111.2	0.118584
111.267	0.136309
111.333	0.123954
111.4	0.122817
111.467	0.140342
111.533	0.10151
111.6	0.102162
111.667	0.10583
111.733	0.116167
111.8	0.0921139
111.867	0.111953
111.933	0.102668
112	0.0923595
112.067	0.117443
112.133	0.0991428
112.2	0.0846775
112.267	0.120499
112.333	0.103534
112.4	0.0940798
112.467	0.112052
112.533	0.107828
112.6	0.105031
112.667	0.126911
112.733	0.103845
112.8	0.120329
112.867	0.134745
112.933	0.0994289
113	0.118786
113.067	0.136707
113.133	0.102152
113.2	0.107274
113.267	0.159575
113.333	0.141493
113.4	0.141242
113.467	0.160257
113.533	0.131965
113.6	0.133058
113.667	0.172489
113.733	0.135595
113.8	0.129032
113.867	0.152771
113.933	0.121132
114	0.127846
114.067	0.122994
114.133	0.106022
114.2	0.0997071
114.267	0.151495
114.333	0.142176
114.4	0.143251
114.467	0.167582
114.533	0.134115
114.6	0.119074
114.667	0.161798
114.733	0.114947
114.8	0.120177
114.867	0.154675
114.933	0.111518
115	0.120269
115.067	0.162645
115.133	0.12268
115.2	0.116283
115.267	0.151031
115.333	0.111922
115.4	0.122091
115.467	0.142792
115.533	0.122192
115.6	0.121565
115.667	0.148331
115.733	0.114614
115.8	0.112047
115.867	0.159024
115.933	0.118121
116	0.124795
116.067	0.145551
116.133	0.116364
116.2	0.102497
116.267	0.135066
116.333	0.108974
116.4	0.117966
116.467	0.152973
116.533	0.119387
116.6	0.109172
116.667	0.15016
116.733	0.117925
116.8	0.120633
116.867	0.124586
116.933	0.113663
117	0.100457
117.067	0.120384
117.133	0.11604
117.2	0.11472
117.267	0.156518
117.333	0.128942
117.4	0.105509
117.467	0.115221
117.533	0.101046
117.6	0.103183
117.667	0.136797
117.733	0.106615
117.8	0.116212
117.867	0.142438
117.933	0.122975
118	0.116355
118.067	0.122655
118.133	0.100025
118.2	0.099877
118.267	0.142606
118.333	0.114272
118.4	0.108275
118.467	0.144829
118.533	0.114606
118.6	0.10889
118.667	0.130353
118.733	0.113356
118.8	0.114652
118.867	0.130606
118.933	0.109977
119	0.0949028
119.067	0.116999
119.133	0.0940707
119.2	0.100499
119.267	0.128738
119.333	0.0903505
119.4	0.102278
119.467	0.126638
119.533	0.0946611
119.6	0.0972618
119.667	0.126093
119.733	0.0941752
119.8	0.0930858
119.867	0.122232
119.933	0.0994629
120	0.0912701
120.067	0.124494
120.133	0.0894753
120.2	0.0949446
120.267	0.121595
120.333	0.0918697
120.4	0.0928742
120.467	0.124053
120.533	0.0991807
120.6	0.1057
120.667	0.12511
120.733	0.099314
120.8	0.0899599
120.867	0.0994616
120.933	0.0928297
121	0.0866839
121.067	0.107903
121.133	0.101614
121.2	0.0878778
121.267	0.110992
121.333	0.0943868
121.4	0.0785995
121.467	0.094106
121.533	0.0917599
121.6	0.0904223
121.667	0.100332
121.733	0.0800324
121.8	0.0782664
121.867	0.0804753
121.933	0.0788438
122	0.073722
122.067	0.0991572
122.133	0.0790815
122.2	0.070182
122.267	0.0983055
122.333	0.071905
122.4	0.0772266
122.467	0.08552
122.533	0.0739636
122.6	0.0667845
122.667	0.0972187
122.733	0.071632
122.8	0.0704407
122.867	0.0895641
122.933	0.0600181
123	0.0601239
123.067	0.087977
123.133	0.0658231
123.2	0.0643
123.267	0.0767577
123.333	0.0671097
123.4	0.0612042
123.467	0.0789417
123.533	0.0657708
123.6	0.0586231
123.667	0.0741844
123.733	0.0636599
123.8	0.0601827
123.867	0.0675395
123.933	0.0573808
124	0.0632289
124.067	0.0694296
124.133	0.0522825
124.2	0.0504237
124.267	0.0584676
124.333	0.0424138
124.4	0.0403931
124.467	0.0526992
124.533	0.0412905
124.6	0.0421291
124.667	0.0477838
124.733	0.0433961
124.8	0.0484291
124.867	0.0660164
124.933	0.0547239
125	0.054255
125.067	0.0662137
125.133	0.0539467
125.2	0.0628435
125.267	0.0673161
125.333	0.0704185
125.4	0.0708717
125.467	0.0775819
125.533	0.0674415
125.6	0.0770869
125.667	0.0997346
125.733	0.082402
125.8	0.0866146
125.867	0.0886498
125.933	0.0925881
126	0.097638
126.067	0.102739
126.133	0.100667
126.2	0.0972187
126.267	0.10875
126.333	0.0983369
126.4	0.0992944
126.467	0.104458
126.533	0.092498
126.6	0.0834313
126.667	0.082385
126.733	0.0859328
126.8	0.0943607
126.867	0.0947421
126.933	0.103587
127	0.108015
127.067	0.102939
127.133	0.113651
127.2	0.1025
127.267	0.105584
127.333	0.103937
127.4	0.0930688
127.467	0.101572
127.533	0.0971835
127.6	0.101548
127.667	0.0958733
127.733	0.0918043
127.8	0.087209
127.867	0.104086
127.933	0.092161
128	0.102173
128.067	0.107189
128.133	0.0937258
128.2	0.0987353
128.267	0.110687
128.333	0.0936213
128.4	0.0964363
128.467	0.109795
128.533	0.0963671
128.6	0.0842542
128.667	0.106143
128.733	0.0759713
128.8	0.0856676
128.867	0.093752
128.933	0.0680071
129	0.0782703
129.067	0.0812146
129.133	0.0635685
129.2	0.0656089
129.267	0.0877275
129.333	0.06787
129.4	0.0684016
129.467	0.0789522
129.533	0.060892
129.6	0.0582155
129.667	0.0786361
129.733	0.0573704
129.8	0.0578785
129.867	0.0715379
129.933	0.0582704
130	0.0537625
130.067	0.0611415
130.133	0.0469909
130.2	0.0503349
130.267	0.0592958
130.333	0.0440819
130.4	0.0432616
130.467	0.0468054
130.533	0.037279
130.6	0.0319508
130.667	0.0436326
130.733	0.0305152
130.8	0.0289151
130.867	0.0300228
130.933	0.0219463
131	0.0204767
131.067	0.0222258
131.133	0.0265769
131.2	0.0172986
131.267	0.0204153
131.333	0.019143
131.4	0.0236522
131.467	0.0234027
131.533	0.0204506
131.6	0.0282045
131.667	0.0254365
131.733	0.0233296
131.8	0.0297772
131.867	0.0370399
131.933	0.0283403
132	0.0375206
132.067	0.0302853
132.133	0.0421369
132.2	0.0373482
132.267	0.0287178
132.333	0.0491867
132.4	0.0317862
132.467	0.0332231
132.533	0.0480333
132.6	0.0319547
132.667	0.026377
132.733	0.0317771
132.8	0.0329592
132.867	0.0383553
132.933	0.034063
133	0.0179243
133.067	0.0315942
133.133	0.0329174
133.2	0.024449
133.267	0.0377074
133.333	0.0479745
133.4	0.0253229
133.467	0.024611
133.533	0.0325634
133.6	0.0296165
133.667	0.030126
133.733	0.0437188
133.8	0.0401945
133.867	0.036861
133.933	0.0400456
134	0.0686903
134.067	0.0453281
134.133	0.047887
134.2	0.052502
134.267	0.0565448
134.333	0.0566101
134.4	0.060572
134.467	0.060039
134.533	0.0617763
134.6	0.0699038
134.667	0.0635659
134.733	0.0676597
134.8	0.0700122
134.867	0.0703767
134.933	0.0850942
135	0.085375
135.067	0.0897588
135.133	0.0828265
135.2	0.0836403
135.267	0.0786021
135.333	0.0805001
135.4	0.075842
135.467	0.0824869
135.533	0.0881377
135.6	0.0909083
135.667	0.0941869
135.733	0.079216
135.8	0.0719167
135.867	0.0709984
135.933	0.0711735
136	0.0750687
136.067	0.0873566
136.133	0.0716503
136.2	0.0759975
136.267	0.0709828
136.333	0.0672848
136.4	0.0666264
136.467	0.0650041
136.533	0.0627678
136.6	0.0600861
136.667	0.0819683
136.733	0.0656428
136.8	0.0610122
136.867	0.0685727
136.933	0.0489464
137	0.045268
137.067	0.0532204
137.133	0.0500397
137.2	0.0452157
137.267	0.0532923
137.333	0.0535705
137.4	0.0447951
137.467	0.0459433
137.533	0.0428488
137.6	0.0434549
137.667	0.0397922
137.733	0.0298007
137.8	0.0277577
137.867	0.0355626
137.933	0.0275501
138	0.0307334
138.067	0.0413009
138.133	0.0332962
138.2	0.0256612
138.267	0.0280503
138.333	0.0262255
138.4	0.0253111
138.467	0.0207301
138.533	0.0248788
138.6	0.0265952
138.667	0.033824
138.733	0.0241473
138.8	0.0224792
138.867	0.0207184
138.933	0.0245078
139	0.0588386
139.067	0.0344536
139.133	0.0326941
139.2	0.0303742
139.267	0.0306641
139.333	0.0271203
139.4	0.0247521
139.467	0.0281392
139.533	0.024018
139.6	0.0225027
139.667	0.0202076
139.733	0.0206805
139.8	0.0246789
139.867	0.0224061
139.933	0.0235751
140	0.0290901
140.067	0.0241238
140.133	0.028403
140.2	0.0241812
140.267	0.0200757
140.333	0.0293736
140.4	0.0271556
140.467	0.0300567
140.533	0.0312781
140.6	0.0301848
140.667	0.0588804
140.733	0.0459812
140.8	0.0341218
140.867	0.0404871
140.933	0.0365148
141	0.0432929
141.067	0.054976
141.133	0.0401371
141.2	0.0533092
141.267	0.0447821
141.333	0.0387916
141.4	0.0433361
141.467	0.0488066
141.533	0.0453033
141.6	0.045639
141.667	0.052421
141.733	0.0448591
141.8	0.0525673
141.867	0.0553496
141.933	0.042069
142	0.0448448
142.067	0.0534908
142.133	0.0440453
142.2	0.0530924
142.267	0.0593794
142.333	0.0559949
142.4	0.0507999
142.467	0.0611768
142.533	0.0430108
142.6	0.0464541
142.667	0.0644385
142.733	0.0396185
142.8	0.0507333
142.867	0.0773207
142.933	0.0538762
143	0.0501638
143.067	0.0796432
143.133	0.0469635
143.2	0.0521689
143.267	0.0753887
143.333	0.0561804
143.4	0.0641785
143.467	0.0854913
143.533	0.0514492
143.6	0.0456246
143.667	0.0797869
143.733	0.0530859
143.8	0.0538396
143.867	0.0666735
143.933	0.0484187
144	0.0633543
144.067	0.0765513
144.133	0.047823
144.2	0.0494232
144.267	0.0787118
144.333	0.0419462
144.4	0.0530284
144.467	0.0695511
144.533	0.0473619
144.6	0.0604348
144.667	0.0579059
144.733	0.0411089
144.8	0.0441943
144.867	0.0597869
144.933	0.0498425
145	0.0429729
145.067	0.0612852
145.133	0.0479118
145.2	0.0448617
145.267	0.0599489
145.333	0.0365801
145.4	0.0328338
145.467	0.0401357
145.533	0.0311579
145.6	0.030689
145.667	0.0512833
145.733	0.0251975
145.8	0.0267141
145.867	0.0367944
145.933	0.0265651
146	0.0269361
146.067	0.0307125
146.133	0.0244725
146.2	0.0256717
146.267	0.0388034
146.333	0.020849
146.4	0.0358604
146.467	0.0387746
146.533	0.0211573
146.6	0.0257474
146.667	0.0279119
146.733	0.0300058
146.8	0.0266292
146.867	0.0350884
146.933	0.026138
147	0.0291515
147.067	0.025063
147.133	0.0218548
147.2	0.0217542
147.267	0.0124198
147.333	0.0482737
147.4	0.0213598
147.467	0.0257305
147.533	0.028194
147.6	0.0154268
147.667	0.0286878
147.733	0.0292168
147.8	0.0256233
147.867	0.0185396
147.933	0.0191548
148	0.0226124
148.067	0.0214669
148.133	0.0202103
148.2	0.020559
148.267	0.0179531
148.333	0.0210567
148.4	0.0253477
148.467	0.0286813
148.533	0.030736
148.6	0.0284292
148.667	0.0182757
148.733	0.0154882
148.8	0.0177767
148.867	0.0140317
148.933	0.0121768
149	0.0561177
149.067	0.0307804
149.133	0.0300306
149.2	0.0236757
149.267	0.0305087
149.333	0.0303167
149.4	0.0215479
149.467	0.026462
149.533	0.0189393
149.6	0.0146391
149.667	0.0212383
149.733	0.0258519
149.8	0.0216889
149.867	0.0171184
149.933	0.0168715
150	0.0457578
150.067	0.0283847
150.133	0.0127738
150.2	0.0183057
150.267	0.0197896
150.333	0.0155731
150.4	0.0170622
150.467	0.0227679
150.533	0.0151329
150.6	0.0132963
150.667	0.0501677
150.733	0.0238299
150.8	0.0378916
150.867	0.0306772
150.933	0.0282045
151	0.0222101
151.067	0.0345777
151.133	0.029917
151.2	0.0255306
151.267	0.0295486
151.333	0.0221644
151.4	0.0288472
151.467	0.0337051
151.533	0.0366102
151.6	0.032263
151.667	0.0322826
151.733	0.0334269
151.8	0.0280059
151.867	0.0284644
151.933	0.0339768
152	0.0329409
152.067	0.023084
152.133	0.0350701
152.2	0.0365997
152.267	0.0278427
152.333	0.0489124
152.4	0.0410553
152.467	0.0303506
152.533	0.039949
152.6	0.039173
152.667	0.0416209
152.733	0.0323727
152.8	0.0393624
152.867	0.0439539
152.933	0.0419619
153	0.0404101
153.067	0.0409221
153.133	0.0431989
153.2	0.0469857
153.267	0.0428632
153.333	0.0507555
153.4	0.0425458
153.467	0.0493931
153.533	0.0427417
153.6	0.0482946
153.667	0.0589196
153.733	0.0492664
153.8	0.0454025
153.867	0.0506092
153.933	0.0435098
154	0.0735874
154.067	0.0563502
154.133	0.0428162
154.2	0.0520409
154.267	0.052549
154.333	0.0482959
154.4	0.0423263
154.467	0.0501899
154.533	0.0504851
154.6	0.0415818
154.667	0.050732
154.733	0.0465364
154.8	0.0436038
154.867	0.045652
154.933	0.0337377
155	0.0367421
155.067	0.0421291
155.133	0.0347932
155.2	0.0262895
155.267	0.0350375
155.333	0.0333263
155.4	0.0308927
155.467	0.0367839
155.533	0.0426712
155.6	0.0261419
155.667	0.0628435
155.733	0.0413806
155.8	0.0284396
155.867	0.0324367
155.933	0.0272561
156	0.0332061
156.067	0.0355952
156.133	0.0279615
156.2	0.0222846
156.267	0.0309385
156.333	0.0291711
156.4	0.0345986
156.467	0.0329592
156.533	0.0330376
156.6	0.0310051
156.667	0.0247312
156.733	0.0247377
156.8	0.0222545
156.867	0.0299366
156.933	0.0258167
157	0.0209222
157.067	0.0327502
157.133	0.0348677
157.2	0.0355169
157.267	0.0259355
157.333	0.0591834
157.4	0.0282816
157.467	0.0268878
157.533	0.0306837
157.6	0.0224883
157.667	0.029755
157.733	0.0267062
157.8	0.0224374
157.867	0.0241316
157.933	0.0209692
158	0.0296165
158.067	0.0241969
158.133	0.0241669
158.2	0.025976
158.267	0.0230017
158.333	0.0245287
158.4	0.021604
158.467	0.0283364
158.533	0.0253399
158.6	0.0258101
158.667	0.0244843
158.733	0.0238743
158.8	0.0223786
158.867	0.0186467
158.933	0.023195
159	0.0434131
159.067	0.0261589
159.133	0.0365958
159.2	0.0307673
159.267	0.0380418
159.333	0.0325164
159.4	0.0355142
159.467	0.0290026
159.533	0.0278009
159.6	0.0295956
159.667	0.0342968
159.733	0.0276937
159.8	0.0313512
159.867	0.034353
159.933	0.0341819
160	0.036682
160.067	0.0369524
160.133	0.0283913
160.2	0.0308039
160.267	0.0295408
160.333	0.031538
160.4	0.0288459
160.467	0.0291385
160.533	0.0330977
160.6	0.038098
160.667	0.0677563
160.733	0.0372437
160.8	0.0377218
160.867	0.0438847
160.933	0.0444137
161	0.040798
161.067	0.036187
161.133	0.0391548
161.2	0.036008
161.267	0.0391626
161.333	0.0313055
161.4	0.0313734
161.467	0.034161
161.533	0.0229834
161.6	0.0316791
161.667	0.0211834
161.733	0.0149108
161.8	0.0151838
161.867	0.0110861
161.933	0.0213114
162	0.0244791
162.067	0.0171536
162.133	0.0195806
162.2	0.0307974
162.267	0.0193847
162.333	0.0452667
162.4	0.024884
162.467	0.0220795
162.533	0.0275905
162.6	0.0323714
162.667	0.024884
162.733	0.0282593
162.8	0.0337913
162.867	0.030365
162.933	0.0275579
163	0.0247599
163.067	0.0257017
163.133	0.0269309
163.2	0.0267193
163.267	0.0323793
163.333	0.0272757
163.4	0.0301364
163.467	0.0343987
163.533	0.0299
163.6	0.0309776
163.667	0.0330141
163.733	0.032263
163.8	0.0294546
163.867	0.0284213
163.933	0.0289948
164	0.0469962
164.067	0.0325843
164.133	0.0329971
164.2	0.0268368
164.267	0.0345528
164.333	0.0402716
164.4	0.0303637
164.467	0.03141
164.533	0.0278858
164.6	0.0223042
164.667	0.0281091
164.733	0.0341061
164.8	0.0273384
164.867	0.02421
164.933	0.0218535
165	0.0216001
165.067	0.0275762
165.133	0.019079
165.2	0.0253164
165.267	0.0234576
165.333	0.0300946
165.4	0.0291385
165.467	0.0305845
165.533	0.0281091
165.6	0.0265495
165.667	0.062163
165.733	0.0283808
165.8	0.0270746
165.867	0.0230056
165.933	0.0270759
166	0.0308653
166.067	0.0298634
166.133	0.0299692
166.2	0.0354176
166.267	0.026748
166.333	0.0298504
166.4	0.0464319
166.467	0.0275213
166.533	0.033534
166.6	0.0318972
166.667	0.0581541
166.733	0.0215805
166.8	0.0247233
166.867	0.0206622
166.933	0.0250447
167	0.0189354
167.067	0.0259826
167.133	0.0169316
167.2	0.0182705
167.267	0.0178028
167.333	0.0317679
167.4	0.0200052
167.467	0.0189354
167.533	0.0234471
167.6	0.024641
167.667	0.0171811
167.733	0.0215648
167.8	0.0251492
167.867	0.0242244
167.933	0.0227078
168	0.0273842
168.067	0.0190137
168.133	0.0298582
168.2	0.0393886
168.267	0.0246332
168.333	0.0264476
168.4	0.0335457
168.467	0.030267
168.533	0.0216406
168.6	0.0237149
168.667	0.0261458
168.733	0.0238886
168.8	0.0347527
168.867	0.0258728
168.933	0.0261001
169	0.0498242
169.067	0.031781
169.133	0.0368218
169.2	0.0360041
169.267	0.0313708
169.333	0.0347331
169.4	0.0360759
169.467	0.0360864
169.533	0.0362301
169.6	0.0416706
169.667	0.0530663
169.733	0.0606608
169.8	0.0538762
169.867	0.0535483
169.933	0.0465115
170	0.045426
170.067	0.0423877
170.133	0.0396786
170.2	0.0298856
170.267	0.0321285
170.333	0.0313395
170.4	0.0249154
170.467	0.0320527
170.533	0.0282149
170.6	0.0238142
170.667	0.0527619
170.733	0.0251531
170.8	0.024628
170.867	0.0282998
170.933	0.0255776
171	0.0166155
171.067	0.0183044
171.133	0.0145581
171.2	0.0204402
171.267	0.0201867
171.333	0.0155888
171.4	0.0184233
171.467	0.0181777
171.533	0.0221357
171.6	0.0200705
171.667	0.0216171
171.733	0.0208046
171.8	0.0225602
171.867	0.0162458
171.933	0.0158644
172	0.0150218
172.067	0.0141689
172.133	0.0168597
172.2	0.0181046
172.267	0.0189262
172.333	0.0650864
172.4	0.0274808
172.467	0.0269009
172.533	0.0265586
172.6	0.0243249
172.667	0.0222036
172.733	0.0232107
172.8	0.0197243
172.867	0.0235647
172.933	0.0216589
173	0.0238691
173.067	0.0278544
173.133	0.033052
173.2	0.0261602
173.267	0.0267062
173.333	0.0250826
173.4	0.0247468
173.467	0.0203539
173.533	0.0273659
173.6	0.021911
173.667	0.0175938
173.733	0.0265599
173.8	0.0207719
173.867	0.0191796
173.933	0.00894387
174	0.0671777
174.067	0.0266239
174.133	0.021813
174.2	0.0277368
174.267	0.0191012
174.333	0.019437
174.4	0.0211926
174.467	0.0167082
174.533	0.0170583
174.6	0.0223603
174.667	0.0169316
174.733	0.0253608
174.8	0.0202063
174.867	0.0234824
174.933	0.0167343
175	0.0158474
175.067	0.0164901
175.133	0.021732
175.2	0.0244895
175.267	0.0270315
175.333	0.0308797
175.4	0.0280595
175.467	0.0264528
175.533	0.0307386
175.6	0.026509
175.667	0.0492403
175.733	0.019339
175.8	0.0172176
175.867	0.0216315
175.933	0.0225315
176	0.0244765
176.067	0.0261053
176.133	0.0281784
176.2	0.0339899
176.267	0.0321062
176.333	0.037761
176.4	0.0400874
176.467	0.0398614
176.533	0.0440976
176.6	0.0454887
176.667	0.0401279
176.733	0.0413088
176.8	0.0485179
176.867	0.0453816
176.933	0.0433504
177	0.0465194
177.067	0.0465494
177.133	0.045622
177.2	0.049529
177.267	0.05411
177.333	0.0476885
177.4	0.0422101
177.467	0.0573808
177.533	0.0437945
177.6	0.0362183
177.667	0.0600678
177.733	0.0451439
177.8	0.050749
177.867	0.068416
177.933	0.0501782
178	0.0497615
178.067	0.0516843
178.133	0.054063
178.2	0.0674873
178.267	0.0629689
178.333	0.0653097
178.4	0.0558042
178.467	0.0699208
178.533	0.061007
178.6	0.061118
178.667	0.0721205
178.733	0.0626032
178.8	0.0646109
178.867	0.0770059
178.933	0.0607509
179	0.0707307
179.067	0.0611781
179.133	0.0607353
179.2	0.0538108
179.267	0.0562365
179.333	0.0600939
179.4	0.0497523
179.467	0.0533942
179.533	0.0450629
179.6	0.0457827
179.667	0.0459407
179.733	0.0425327
179.8	0.0408307
179.867	0.0428345
179.933	0.040687
180	0.0374161
180.067	0.0378381
180.133	0.0393481
180.2	0.0370687
180.267	0.0375128
180.333	0.0318032
180.4	0.0285807
180.467	0.0338566
180.533	0.0274416
180.6	0.0247599
180.667	0.0711265
180.733	0.0388961
180.8	0.0416928
180.867	0.0444855
180.933	0.0346652
181	0.0395466
181.067	0.0398771
181.133	0.0349669
181.2	0.0356997
181.267	0.0372098
181.333	0.0385186
181.4	0.0456703
181.467	0.050297
181.533	0.0414511
181.6	0.0488563
181.667	0.0432681
181.733	0.041749
181.8	0.0398027
181.867	0.0404545
181.933	0.0416092
182	0.0420755
182.067	0.0370347
182.133	0.040495
182.2	0.0428122
182.267	0.0501795
182.333	0.0731616
182.4	0.0456324
182.467	0.0493213
182.533	0.0481221
182.6	0.0501089
182.667	0.0453503
182.733	0.0500266
182.8	0.0518071
182.867	0.0406726
182.933	0.0506341
183	0.0392501
183.067	0.0509371
183.133	0.0456324
183.2	0.0400299
183.267	0.0355247
183.333	0.0436626
183.4	0.0398079
183.467	0.0409678
183.533	0.0494401
183.6	0.0481234
183.667	0.0416275
183.733	0.0493866
183.8	0.0493304
183.867	0.0480725
183.933	0.0493565
184	0.0630721
184.067	0.0449114
184.133	0.0371392
184.2	0.0438899
184.267	0.0430944
184.333	0.0479262
184.4	0.0427848
184.467	0.0387981
184.533	0.0332257
184.6	0.0331186
184.667	0.0344745
184.733	0.0354306
184.8	0.0333289
184.867	0.0436979
184.933	0.045426
185	0.0349277
185.067	0.0411494
185.133	0.0381424
185.2	0.0376696
185.267	0.0391704
185.333	0.040154
185.4	0.0403199
185.467	0.0438442
185.533	0.0395545
185.6	0.0420598
185.667	0.0766153
185.733	0.0506158
185.8	0.0452523
185.867	0.0499326
185.933	0.0456612
186	0.0461079
186.067	0.0455488
186.133	0.0470902
186.2	0.0484409
186.267	0.0514021
186.333	0.0452549
186.4	0.0471346
186.467	0.0438024
186.533	0.0452562
186.6	0.0482554
186.667	0.0424648
186.733	0.0477799
186.8	0.0446763
186.867	0.0433308
186.933	0.0361974
187	0.0415909
187.067	0.035974
187.133	0.0400587
187.2	0.0347566
187.267	0.027503
187.333	0.0643248
187.4	0.0414211
187.467	0.0397491
187.533	0.038307
187.6	0.0319221
187.667	0.0366716
187.733	0.0250812
187.8	0.0359257
187.867	0.0306746
187.933	0.0368662
188	0.0338906
188.067	0.0297041
188.133	0.0334373
188.2	0.0219567
188.267	0.028774
188.333	0.0314414
188.4	0.0231663
188.467	0.0328103
188.533	0.0285467
188.6	0.0319756
188.667	0.0274965
188.733	0.0355312
188.8	0.0299666
188.867	0.0273659
188.933	0.0264698
189	0.064202
189.067	0.0306994
189.133	0.0279171
189.2	0.0222258
189.267	0.025703
189.333	0.0237032
189.4	0.0217725
189.467	0.0288263
189.533	0.0258376
189.6	0.0327659
189.667	0.0331173
189.733	0.0374331
189.8	0.0214721
189.867	0.0211429
189.933	0.019915
190	0.0256194
190.067	0.0305714
190.133	0.0243798
190.2	0.0212474
190.267	0.0245313
190.333	0.0230056
190.4	0.025899
190.467	0.0216367
190.533	0.024628
190.6	0.0201698
190.667	0.0544653
190.733	0.0286525
190.8	0.0235007
190.867	0.0312533
190.933	0.0309685
191	0.0237998
191.067	0.0286003
191.133	0.0313617
191.2	0.0289543
191.267	0.0367891
191.333	0.0243916
191.4	0.0314374
191.467	0.0318946
191.533	0.0333511
191.6	0.0239931
191.667	0.024581
191.733	0.0253961
191.8	0.020623
191.867	0.0212748
191.933	0.0202534
192	0.0218627
192.067	0.0289281
192.133	0.024564
192.2	0.0224897
192.267	0.0269374
192.333	0.0558185
192.4	0.0348428
192.467	0.0323335
192.533	0.0331382
192.6	0.0315668
192.667	0.0323714
192.733	0.0230435
192.8	0.0208608
192.867	0.020883
192.933	0.0217242
193	0.0238429
193.067	0.0245156
193.133	0.021911
193.2	0.0248853
193.267	0.0268238
193.333	0.0265926
193.4	0.0237868
193.467	0.0230958
193.533	0.0207955
193.6	0.0224583
193.667	0.0251283
193.733	0.020819
193.8	0.0171236
193.867	0.0230762
193.933	0.0208542
194	0.0509175
194.067	0.0303611
194.133	0.025481
194.2	0.0306864
194.267	0.0241394
194.333	0.0263326
194.4	0.0283874
194.467	0.0276833
194.533	0.0232603
194.6	0.0281157
194.667	0.0316961
194.733	0.0300554
194.8	0.0256952
194.867	0.0334896
194.933	0.0288341
195	0.027955
195.067	0.0266827
195.133	0.0278374
195.2	0.0296126
195.267	0.0294964
195.333	0.0251374
195.4	0.0329475
195.467	0.0305792
195.533	0.0346051
195.6	0.0208738
195.667	0.0719651
195.733	0.0424021
195.8	0.0301599
195.867	0.0293553
195.933	0.0314779
196	0.0323923
196.067	0.028258
196.133	0.0275305
196.2	0.0364652
196.267	0.029563
196.333	0.0355169
196.4	0.0298073
196.467	0.0307099
196.533	0.0292926
196.6	0.0325216
196.667	0.0354463
196.733	0.0262281
196.8	0.0278818
196.867	0.0320971
196.933	0.0275409
197	0.0278662
197.067	0.0367643
197.133	0.0369851
197.2	0.0413845
197.267	0.0555873
197.333	0.0572319
197.4	0.045716
197.467	0.0463953
197.533	0.046586
197.6	0.0324341
197.667	0.055846
197.733	0.0475552
197.8	0.0603564
197.867	0.0640322
197.933	0.0550466
198	0.0479353
198.067	0.0645312
198.133	0.053001
198.2	0.0602506
198.267	0.0649845
198.333	0.0605511
198.4	0.06012
198.467	0.0639173
198.533	0.0509332
198.6	0.0563123
198.667	0.0640296
198.733	0.0550466
198.8	0.0468668
198.867	0.0717169
198.933	0.0613231
199	0.0826136
199.067	0.0751562
199.133	0.0643418
199.2	0.0599019
199.267	0.071018
199.333	0.0567577
199.4	0.064718
199.467	0.0751902
199.533	0.0655945
199.6	0.0647977
199.667	0.0789561
199.733	0.0616183
199.8	0.068173
199.867	0.0846383
199.933	0.0758603
200	0.0778014
200.067	0.0733092
200.133	0.0737285
200.2	0.0680933
200.267	0.0708077
200.333	0.0669399
200.4	0.0686381
200.467	0.0858283
200.533	0.0710324
200.6	0.0751628
200.667	0.0969248
200.733	0.0853933
200.8	0.0900122
200.867	0.0851046
200.933	0.0906457
201	0.0885936
201.067	0.0826541
201.133	0.092801
201.2	0.0885361
201.267	0.070391
201.333	0.0865441
201.4	0.0874075
201.467	0.0884499
201.533	0.0851817
201.6	0.0658009
201.667	0.0594355
201.733	0.075117
201.8	0.0835293
201.867	0.0758054
201.933	0.0817658
202	0.0676897
202.067	0.0633046
202.133	0.0649153
202.2	0.0700201
202.267	0.0817384
202.333	0.0894283
202.4	0.0778197
202.467	0.0826593
202.533	0.0685845
202.6	0.0902042
202.667	0.0704315
202.733	0.0833791
202.8	0.0825156
202.867	0.0722237
202.933	0.0746115
203	0.0743202
203.067	0.0611964
203.133	0.0736998
203.2	0.0558669
203.267	0.0526339
203.333	0.0587615
203.4	0.0597086
203.467	0.0712022
203.533	0.0685545
203.6	0.058256
203.667	0.0554998
203.733	0.0547879
203.8	0.0522904
203.867	0.0583409
203.933	0.0680502
204	0.0964154
204.067	0.0668132
204.133	0.0702069
204.2	0.0605537
204.267	0.0573704
204.333	0.0676218
204.4	0.0627103
204.467	0.0610605
204.533	0.054882
204.6	0.0594133
204.667	0.0716019
204.733	0.0557284
204.8	0.0602689
204.867	0.0543255
204.933	0.05054
205	0.052293
205.067	0.0668263
205.133	0.0506001
205.2	0.0508718
205.267	0.0424321
205.333	0.0319495
205.4	0.0329605
205.467	0.0356997
205.533	0.0321572
205.6	0.0274625
205.667	0.0867178
205.733	0.0337769
205.8	0.0300241
205.867	0.0424909
205.933	0.0346848
206	0.0419789
206.067	0.0470445
206.133	0.0378864
206.2	0.0387067
206.267	0.049593
206.333	0.0376278
206.4	0.0418273
206.467	0.0556945
206.533	0.0377845
206.6	0.0374697
206.667	0.0544156
206.733	0.0408725
206.8	0.0496073
206.867	0.0553418
206.933	0.0505936
207	0.0491149
207.067	0.0520108
207.133	0.0542288
207.2	0.0465403
207.267	0.0486525
207.333	0.0881834
207.4	0.0667923
207.467	0.0581162
207.533	0.0512624
207.6	0.0573051
207.667	0.0550074
207.733	0.0582769
207.8	0.0489059
207.867	0.0598718
207.933	0.0476036
208	0.0480072
208.067	0.0572881
208.133	0.0478635
208.2	0.0582338
208.267	0.0476898
208.333	0.0470941
208.4	0.0501769
208.467	0.055701
208.533	0.0438429
208.6	0.0531538
208.667	0.0618926
208.733	0.0459002
208.8	0.0427221
208.867	0.0465782
208.933	0.0320135
209	0.0735352
209.067	0.0611454
209.133	0.0396955
209.2	0.0534817
209.267	0.0425601
209.333	0.0374201
209.4	0.0383645
209.467	0.04572
209.533	0.040764
209.6	0.035914
209.667	0.029158
209.733	0.0320449
209.8	0.0398066
209.867	0.0449114
209.933	0.0388295
210	0.0345267
210.067	0.0360681
210.133	0.0311122
210.2	0.035974
210.267	0.0378877
210.333	0.038068
210.4	0.0447677
210.467	0.0402977
210.533	0.0403252
210.6	0.0354528
210.667	0.110494
210.733	0.0552307
210.8	0.0415047
210.867	0.0512402
210.933	0.0481796
211	0.0427365
211.067	0.034387
211.133	0.0333184
211.2	0.0485166
211.267	0.0330716
211.333	0.0543882
211.4	0.0452706
211.467	0.0387511
211.533	0.0396629
211.6	0.0429468
211.667	0.0289908
211.733	0.0316608
211.8	0.0401606
211.867	0.0262948
211.933	0.0357637
212	0.0380666
212.067	0.0352687
212.133	0.0371039
212.2	0.0359401
212.267	0.0334112
212.333	0.0927749
212.4	0.0498333
212.467	0.0448683
212.533	0.0408607
212.6	0.0498803
212.667	0.0362314
212.733	0.0403304
212.8	0.0329762
212.867	0.0392893
212.933	0.0427966
213	0.039932
213.067	0.0344039
213.133	0.0369877
213.2	0.0387237
213.267	0.030143
213.333	0.0499574
213.4	0.039932
213.467	0.0268107
213.533	0.0293827
213.6	0.0321624
213.667	0.0350244
213.733	0.0344235
213.8	0.0377871
213.867	0.0360028
213.933	0.0256011
214	0.0894505
214.067	0.0613257
214.133	0.0400678
214.2	0.0384455
214.267	0.0271138
214.333	0.025609
214.4	0.037228
214.467	0.0375141
214.533	0.0364652
214.6	0.0281927
214.667	0.0200339
214.733	0.0293109
214.8	0.0228737
214.867	0.0198576
214.933	0.0257892
215	0.0260413
215.067	0.020913
215.133	0.0155718
215.2	0.0228645
215.267	0.0250995
215.333	0.0206635
215.4	0.0253947
215.467	0.025268
215.533	0.01887
215.6	0.0314753
215.667	0.0828605
215.733	0.0407549
215.8	0.0327829
215.867	0.0284135
215.933	0.0223133
216	0.0273241
216.067	0.0384833
216.133	0.0228972
216.2	0.035138
216.267	0.0324341
216.333	0.0258376
216.4	0.0268669
216.467	0.0305596
216.533	0.0164626
216.6	0.021348
216.667	0.0459472
216.733	0.0277734
216.8	0.018874
216.867	0.0213767
216.933	0.0135628
217	0.0169198
217.067	0.0214551
217.133	0.0206635
217.2	0.0170021
217.267	0.0209313
217.333	0.0707947
217.4	0.0360994
217.467	0.0329109
217.533	0.0233178
217.6	0.0261837
217.667	0.0230148
217.733	0.0199281
217.8	0.0245
217.867	0.0218222
217.933	0.0124028
218	0.0193664
218.067	0.0256064
218.133	0.0162131
218.2	0.0163712
218.267	0.0158134
218.333	0.0164979
218.4	0.0160668
218.467	0.022393
218.533	0.021314
218.6	0.0192397
218.667	0.0188792
218.733	0.0189693
218.8	0.0156044
218.867	0.0160407
218.933	0.0188139
219	0.0719402
219.067	0.0459747
219.133	0.0274874
219.2	0.0214055
219.267	0.0297171
219.333	0.0245627
219.4	0.0177885
219.467	0.0221082
219.533	0.0222023
219.6	0.0184534
219.667	0.0176134
219.733	0.0237162
219.8	0.0192253
219.867	0.0194788
219.933	0.0173861
220	0.0233648
220.067	0.0283638
220.133	0.0239566
220.2	0.0225589
220.267	0.0222245
220.333	0.0171184
220.4	0.0193259
220.467	0.0218822
220.533	0.0185474
220.6	0.0173914
220.667	0.0752359
220.733	0.0344092
220.8	0.0328325
220.867	0.0363411
220.933	0.0271412
221	0.0203761
221.067	0.0292534
221.133	0.0245339
221.2	0.0316308
221.267	0.0308875
221.333	0.0216223
221.4	0.0301416
221.467	0.0254156
221.533	0.0258715
221.6	0.0233975
221.667	0.0225341
221.733	0.0248971
221.8	0.0259081
221.867	0.0308078
221.933	0.0279197
222	0.0265351
222.067	0.0272235
222.133	0.0252824
222.2	0.0308536
222.267	0.0251152
222.333	0.0832275
222.4	0.0468655
222.467	0.0329305
222.533	0.0321206
222.6	0.0338736
222.667	0.0416262
222.733	0.0315642
222.8	0.0324067
222.867	0.0295369
222.933	0.032745
223	0.0351171
223.067	0.0268264
223.133	0.0320501
223.2	0.0324106
223.267	0.0279681
223.333	0.0262164
223.4	0.0313173
223.467	0.0268068
223.533	0.0287492
223.6	0.0301025
223.667	0.026573
223.733	0.0252484
223.8	0.0278479
223.867	0.0303938
223.933	0.0246841
224	0.0671515
224.067	0.0345515
224.133	0.0274299
224.2	0.0329801
224.267	0.0284226
224.333	0.0260309
224.4	0.0324132
224.467	0.0304604
224.533	0.0261576
224.6	0.0255175
224.667	0.0300071
224.733	0.0225367
224.8	0.0234902
224.867	0.0196512
224.933	0.0213898
225	0.0215322
225.067	0.0232499
225.133	0.0206896
225.2	0.0220677
225.267	0.0269257
225.333	0.0161387
225.4	0.0231206
225.467	0.0193246
225.533	0.0235608
225.6	0.0198811
225.667	0.0852796
225.733	0.0367695
225.8	0.028727
225.867	0.0164247
225.933	0.0159506
226	0.0175756
226.067	0.0228371
226.133	0.0162837
226.2	0.0147462
226.267	0.0218822
226.333	0.0204101
226.4	0.0220312
226.467	0.0169459
226.533	0.015398
226.6	0.0152491
226.667	0.0228214
226.733	0.0160616
226.8	0.0180928
226.867	0.0218378
226.933	0.0175298
227	0.018665
227.067	0.0177793
227.133	0.0198197
227.2	0.0167552
227.267	0.0153027
227.333	0.0916202
227.4	0.0379974
227.467	0.0413871
227.533	0.0314466
227.6	0.0172412
227.667	0.0242348
227.733	0.024594
227.8	0.0193912
227.867	0.0207615
227.933	0.0221957
228	0.0248644
228.067	0.0289948
228.133	0.0193351
228.2	0.0237228
228.267	0.0134413
228.333	0.022487
228.4	0.0294389
228.467	0.0196616
228.533	0.0179165
228.6	0.0158631
228.667	0.0172189
228.733	0.0276741
228.8	0.0215505
228.867	0.0227966
228.933	0.0244229
229	0.0918383
229.067	0.0364952
229.133	0.0318724
229.2	0.0292012
229.267	0.0245352
229.333	0.0200679
229.4	0.0286146
229.467	0.0263836
229.533	0.0170426
229.6	0.0193089
229.667	0.0198053
229.733	0.0200796
229.8	0.0164927
229.867	0.0125831
229.933	0.022568
230	0.021173
230.067	0.0283234
230.133	0.0180994
230.2	0.0220664
230.267	0.0246045
230.333	0.027072
230.4	0.0143152
230.467	0.0224988
230.533	0.0221239
230.6	0.0219881
230.667	0.0857643
230.733	0.0391456
230.8	0.0288093
230.867	0.036797
230.933	0.0322552
231	0.0284919
231.067	0.0253072
231.133	0.0220468
231.2	0.0217973
231.267	0.0213715
231.333	0.0314453
231.4	0.0223838
231.467	0.0232538
231.533	0.025494
231.6	0.0193011
231.667	0.0225641
231.733	0.0249506
231.8	0.0325896
231.867	0.0278466
231.933	0.023374
232	0.0186441
232.067	0.016076
232.133	0.0160525
232.2	0.0128339
232.267	0.0135419
232.333	0.0857956
232.4	0.0347292
232.467	0.0288681
232.533	0.0307125
232.6	0.030992
232.667	0.0221722
232.733	0.0295029
232.8	0.0281509
232.867	0.0307334
232.933	0.0245849
233	0.0267154
233.067	0.0348807
233.133	0.0339611
233.2	0.0119391
233.267	0.0199229
233.333	0.0591821
233.4	0.0208033
233.467	0.0203121
233.533	0.0174162
233.6	0.022201
233.667	0.0187486
233.733	0.0177467
233.8	0.019838
233.867	0.0209339
233.933	0.0149735
234	0.0698855
234.067	0.0310704
234.133	0.0243602
234.2	0.0256769
234.267	0.0410854
234.333	0.0372777
234.4	0.0311266
234.467	0.0300489
234.533	0.0248409
234.6	0.0304408
234.667	0.0338749
234.733	0.0276271
234.8	0.0231454
234.867	0.0241342
234.933	0.0297119
235	0.0254143
235.067	0.0247612
235.133	0.0228711
235.2	0.0171066
235.267	0.0190359
235.333	0.0215518
235.4	0.0240402
235.467	0.0193455
235.533	0.0164888
235.6	0.0114375
235.667	0.0879653
235.733	0.0462764
235.8	0.0429337
235.867	0.020256
235.933	0.0332714
236	0.0350335
236.067	0.0247233
236.133	0.0187551
236.2	0.021092
236.267	0.0178786
236.333	0.0276428
236.4	0.0281562
236.467	0.0275592
236.533	0.0218744
236.6	0.0288485
236.667	0.0203618
236.733	0.0151159
236.8	0.0160838
236.867	0.0184834
236.933	0.0237201
237	0.0227875
237.067	0.0189393
237.133	0.0192907
237.2	0.0264554
237.267	0.022474
237.333	0.0843117
237.4	0.0342041
237.467	0.0218104
237.533	0.0304421
237.6	0.0250956
237.667	0.0232969
237.733	0.0309594
237.8	0.0274913
237.867	0.0214107
237.933	0.0642687
238	0.036396
238.067	0.0406674
238.133	0.032839
238.2	0.0219162
238.267	0.0305636
238.333	0.0229782
238.4	0.024918
238.467	0.0263509
238.533	0.0289255
238.6	0.0213232
238.667	0.0199908
238.733	0.0236156
238.8	0.024675
238.867	0.0206008
238.933	0.0216942
239	0.0217007
239.067	0.0152021
239.133	0.0166703
239.2	0.0180876
239.267	0.0163764
239.333	0.0193756
239.4	0.0170713
239.467	0.0174018
239.533	0.0154281
239.6	0.0707646
239.667	0.0303506
239.733	0.0248592
239.8	0.0302057
239.867	0.023259
239.933	0.0182535
240	0.0133616
240.067	0.0214068
240.133	0.0209431
240.2	0.0221814
240.267	0.0240872
240.333	0.0341087
240.4	0.0292221
240.467	0.0208542
240.533	0.0240363
240.6	0.0118019
240.667	0.0176774
240.733	0.0157533
240.8	0.0188622
240.867	0.0176082
240.933	0.0205982
241	0.0203944
241.067	0.0206465
241.133	0.0102593
241.2	0.0136268
241.267	0.0675865
241.333	0.0309019
241.4	0.0361177
241.467	0.0215074
241.533	0.0318359
241.6	0.02479
241.667	0.0209483
241.733	0.0216994
241.8	0.0238495
241.867	0.0271569
241.933	0.0222545
242	0.0371418
242.067	0.0262673
242.133	0.0260531
242.2	0.0265586
242.267	0.0265273
242.333	0.026556
242.4	0.0232525
242.467	0.0238286
242.533	0.028454
242.6	0.018533
242.667	0.0231415
242.733	0.0247064
242.8	0.0227339
242.867	0.0191731
242.933	0.0734215
243	0.0331499
243.067	0.03109
243.133	0.0321742
243.2	0.0387511
243.267	0.0308679
243.333	0.0231767
243.4	0.0321872
243.467	0.0289739
243.533	0.020832
243.6	0.0264606
243.667	0.0354581
243.733	0.0192071
243.8	0.0245548
243.867	0.0327672
243.933	0.0329017
244	0.031717
244.067	0.0244556
244.133	0.0263509
244.2	0.021924
244.267	0.0224204
244.333	0.0182457
244.4	0.021523
244.467	0.0216445
244.533	0.0189079
244.6	0.0764429
244.667	0.0277186
244.733	0.0314453
244.8	0.0244138
244.867	0.0245326
244.933	0.0296009
245	0.0287505
245.067	0.0263248
245.133	0.0300332
245.2	0.0212304
245.267	0.0195049
245.333	0.0260387
245.4	0.022359
245.467	0.0212709
245.533	0.0214551
245.6	0.0258141
245.667	0.0197021
245.733	0.0237371
245.8	0.0232812
245.867	0.0171719
245.933	0.0163411
246	0.026377
246.067	0.0188478
246.133	0.013824
246.2	0.0143622
246.267	0.0734268
246.333	0.0242871
246.4	0.0234471
246.467	0.0355717
246.533	0.0355547
246.6	0.0289412
246.667	0.0315955
246.733	0.0406099
246.8	0.0399098
246.867	0.0347762
246.933	0.0384899
247	0.0306028
247.067	0.0335157
247.133	0.0330402
247.2	0.0325203
247.267	0.0337795
247.333	0.0346769
247.4	0.0333798
247.467	0.0400051
247.533	0.0381881
247.6	0.0337325
247.667	0.0323845
247.733	0.0344849
247.8	0.0345973
247.867	0.0306864
247.933	0.087128
248	0.0422022
248.067	0.0384298
248.133	0.0405982
248.2	0.0425183
248.267	0.0465324
248.333	0.0411141
248.4	0.0411598
248.467	0.0463639
248.533	0.0379269
248.6	0.0393546
248.667	0.0502931
248.733	0.0408646
248.8	0.034515
248.867	0.0349434
248.933	0.0342942
249	0.0351746
249.067	0.0344248
249.133	0.0325987
249.2	0.0376016
249.267	0.0345568
249.333	0.0387459
249.4	0.03675
249.467	0.0379504
249.533	0.0330415
249.6	0.0959504
249.667	0.0440101
249.733	0.0518685
249.8	0.0500057
249.867	0.0405041
249.933	0.0437632
250	0.0465938
250.067	0.0407131
250.133	0.0434562
250.2	0.0330507
250.267	0.0395022
250.333	0.0268421
250.4	0.0271242
250.467	0.0295029
250.533	0.0364978
250.6	0.0215923
250.667	0.0269609
250.733	0.013777
250.8	0.0275017
250.867	0.0210227
250.933	0.0230122
251	0.0232956
251.067	0.022632
251.133	0.0207589
251.2	0.0188988
251.267	0.0769484
251.333	0.0287139
251.4	0.0279602
251.467	0.0291711
251.533	0.034174
251.6	0.0338501
251.667	0.0270236
251.733	0.0190307
251.8	0.0247847
251.867	0.035479
251.933	0.0227587
252	0.0294781
252.067	0.0280895
252.133	0.0266579
252.2	0.0288328
252.267	0.026236
252.333	0.0316869
252.4	0.0289033
252.467	0.0236365
252.533	0.0266357
252.6	0.0213637
252.667	0.0228894
252.733	0.0244947
252.8	0.021527
252.867	0.0204349
252.933	0.0893329
253	0.0421356
253.067	0.0290601
253.133	0.0298282
253.2	0.0266775
253.267	0.0252027
253.333	0.0267088
253.4	0.0317483
253.467	0.0312624
253.533	0.0269087
253.6	0.0297432
253.667	0.0349108
253.733	0.0328312
253.8	0.0301469
253.867	0.0341257
253.933	0.036665
254	0.0303533
254.067	0.0343452
254.133	0.0409182
254.2	0.0249114
254.267	0.0296701
254.333	0.0375193
254.4	0.0273672
254.467	0.0384259
254.533	0.0247064
254.6	0.0808802
254.667	0.028872
254.733	0.0265887
254.8	0.0237319
254.867	0.0185409
254.933	0.018469
255	0.0220769
255.067	0.0295538
255.133	0.021186
255.2	0.0250551
255.267	0.0214042
255.333	0.0200849
255.4	0.0282162
255.467	0.0221121
255.533	0.0222362
255.6	0.0192475
255.667	0.0234093
255.733	0.0171171
255.8	0.0265207
255.867	0.0219136
255.933	0.0231715
256	0.026219
256.067	0.0187068
256.133	0.0197087
256.2	0.019143
256.267	0.104381
256.333	0.0445038
256.4	0.0425196
256.467	0.0295956
256.533	0.0276676
256.6	0.033551
256.667	0.0231676
256.733	0.0216092
256.8	0.0384637
256.867	0.0165005
256.933	0.0215923
257	0.0322983
257.067	0.0267977
257.133	0.0333158
257.2	0.0311305
257.267	0.016989
257.333	0.0232133
257.4	0.0233557
257.467	0.0328064
257.533	0.0253229
257.6	0.0274874
257.667	0.0317131
257.733	0.0225615
257.8	0.0213075
257.867	0.0165319
257.933	0.0798313
258	0.0468041
258.067	0.025477
258.133	0.0462673
258.2	0.050493
258.267	0.051005
258.333	0.0358526
258.4	0.0265874
258.467	0.0283625
258.533	0.0308614
258.6	0.0292038
258.667	0.0330271
258.733	0.0308614
258.8	0.0441263
258.867	0.0302122
258.933	0.0260361
259	0.0297459
259.067	0.0248122
259.133	0.0356514
259.2	0.0246802
259.267	0.0216484
259.333	0.0227313
259.4	0.0269557
259.467	0.0294206
259.533	0.0179962
259.6	0.0896765
259.667	0.0328247
259.733	0.027891
259.8	0.0356501
259.867	0.0334086
259.933	0.0457787
260	0.0373952
260.067	0.0328168
260.133	0.0286081
260.2	0.0247769
260.267	0.0287936
260.333	0.0353379
260.4	0.0285297
260.467	0.0236287
260.533	0.0184416
260.6	0.0338618
260.667	0.0234419
260.733	0.0290744
260.8	0.0248788
260.867	0.0244294
260.933	0.025737
261	0.023711
261.067	0.0246476
261.133	0.0196433
261.2	0.0193586
261.267	0.0916123
261.333	0.0308797
261.4	0.0351629
261.467	0.0327842
261.533	0.0241133
261.6	0.0299705
261.667	0.0201854
261.733	0.0254588
261.8	0.0281535
261.867	0.0296662
261.933	0.0234458
262	0.0246136
262.067	0.0252524
262.133	0.024031
262.2	0.0260596
262.267	0.0257801
262.333	0.0271386
262.4	0.0236339
262.467	0.0204166
262.533	0.021574
262.6	0.0207171
262.667	0.0226164
262.733	0.0177388
262.8	0.0172542
262.867	0.0114924
262.933	0.0799737
263	0.0415034
263.067	0.0265756
263.133	0.0307438
263.2	0.0372973
263.267	0.0276219
263.333	0.0313094
263.4	0.0318267
263.467	0.0406478
263.533	0.026044
263.6	0.0314401
263.667	0.0310691
263.733	0.0324498
263.8	0.0191339
263.867	0.0229965
263.933	0.0269688
264	0.0283691
264.067	0.0251048
264.133	0.0225798
264.2	0.016767
264.267	0.0179661
264.333	0.0142002
264.4	0.0207719
264.467	0.0177441
264.533	0.0100111
264.6	0.097092
264.667	0.0413231
264.733	0.0238259
264.8	0.034319
264.867	0.0373286
264.933	0.0218091
265	0.0276036
265.067	0.0263261
265.133	0.0292965
265.2	0.0218927
265.267	0.0162158
265.333	0.0244974
265.4	0.0193338
265.467	0.018358
265.533	0.0166259
265.6	0.0154634
265.667	0.0239383
265.733	0.026202
265.8	0.0231193
265.867	0.0213127
265.933	0.0189484
266	0.0160002
266.067	0.0167213
266.133	0.0241355
266.2	0.0165867
266.267	0.0737847
266.333	0.0469713
266.4	0.0328573
266.467	0.0326222
266.533	0.0324537
266.6	0.0239226
266.667	0.0658832
266.733	0.0215296
266.8	0.0170086
266.867	0.0229155
266.933	0.0182953
267	0.0249807
267.067	0.022295
267.133	0.0314636
267.2	0.0361726
267.267	0.0340421
267.333	0.022555
267.4	0.0211886
267.467	0.0190255
267.533	0.0190294
267.6	0.0158513
267.667	0.0198223
267.733	0.0204898
267.8	0.0192475
267.867	0.0174162
267.933	0.0755377
268	0.0385696
268.067	0.0269204
268.133	0.0346874
268.2	0.0305139
268.267	0.0251061
268.333	0.0228175
268.4	0.0367042
268.467	0.0258167
268.533	0.0234746
268.6	0.022764
268.667	0.0234863
268.733	0.0296871
268.8	0.025639
268.867	0.0292181
268.933	0.0384389
269	0.0384389
269.067	0.0305505
269.133	0.0226294
269.2	0.0242113
269.267	0.0363228
269.333	0.0269204
269.4	0.0229978
269.467	0.0201724
269.533	0.0232538
269.6	0.0888091
269.667	0.0398092
269.733	0.0419214
269.8	0.0243027
269.867	0.0348376
269.933	0.0249833
270	0.0295225
270.067	0.0348415
270.133	0.0262334
270.2	0.0333184
270.267	0.0238064
270.333	0.030203
270.4	0.02694
270.467	0.0296531
270.533	0.029593
270.6	0.0310835
270.667	0.0256273
270.733	0.0279093
270.8	0.0202507
270.867	0.0264411
270.933	0.0203735
271	0.0201933
271.067	0.0223368
271.133	0.0147149
271.2	0.0103847
271.267	0.0765735
271.333	0.0505165
271.4	0.0365984
271.467	0.0346378
271.533	0.030561
271.6	0.0302409
271.667	0.0367173
271.733	0.0356958
271.8	0.025656
271.867	0.0354058
271.933	0.0231023
272	0.0229638
272.067	0.0282358
272.133	0.0329135
272.2	0.0229416
272.267	0.0204584
272.333	0.0245927
272.4	0.0218444
272.467	0.0319756
272.533	0.0263692
272.6	0.0209143
272.667	0.0239657
272.733	0.0232434
272.8	0.0264606
272.867	0.0238638
272.933	0.0794237
273	0.0477721
273.067	0.0591482
273.133	0.0281705
273.2	0.0391286
273.267	0.0450655
273.333	0.0411298
273.4	0.0390006
273.467	0.0439866
273.533	0.0374592
273.6	0.0400717
273.667	0.0446541
273.733	0.0359989
273.8	0.0413231
273.867	0.0319051
273.933	0.0277368
274	0.0355874
274.067	0.0452484
274.133	0.0249846
274.2	0.0425588
274.267	0.04395
274.333	0.0240506
274.4	0.0361007
274.467	0.0297981
274.533	0.0234001
274.6	0.07806
274.667	0.0364469
274.733	0.0432093
274.8	0.0315106
274.867	0.0346378
274.933	0.0295865
275	0.0280908
275.067	0.0286434
275.133	0.0336581
275.2	0.0210476
275.267	0.0314113
275.333	0.031103
275.4	0.0479367
275.467	0.0453673
275.533	0.032698
275.6	0.0512937
275.667	0.0586596
275.733	0.0256037
275.8	0.0667257
275.867	0.0659903
275.933	0.0550518
276	0.0599071
276.067	0.0675748
276.133	0.0544757
276.2	0.0630395
276.267	0.114184
276.333	0.0767172
276.4	0.0795295
276.467	0.0834574
276.533	0.056119
276.6	0.0676597
276.667	0.0807848
276.733	0.0650028
276.8	0.0741674
276.867	0.0763005
276.933	0.0592605
277	0.0864344
277.067	0.0800377
277.133	0.0768831
277.2	0.0883637
277.267	0.0827024
277.333	0.0594878
277.4	0.0849374
277.467	0.087977
277.533	0.066953
277.6	0.0898175
277.667	0.0900265
277.733	0.0825444
277.8	0.0962247
277.867	0.0829597
277.933	0.0813766
278	0.0912414
278.067	0.0945031
278.133	0.0550387
278.2	0.0591808
278.267	0.0857682
278.333	0.0549708
278.4	0.0675904
278.467	0.071231
278.533	0.0704132
278.6	0.081485
278.667	0.0863233
278.733	0.0825287
278.8	0.078704
278.867	0.0877511
278.933	0.0787053
279	0.0931459
279.067	0.0864827
279.133	0.0834404
279.2	0.0879222
279.267	0.0896843
279.333	0.0699417
279.4	0.0841641
279.467	0.0804374
279.533	0.0665428
279.6	0.0989025
279.667	0.0804922
279.733	0.0749616
279.8	0.0954305
279.867	0.0870953
279.933	0.0969692
280	0.106434
280.067	0.102774
280.133	0.103787
280.2	0.124253
280.267	0.112875
280.333	0.134204
280.4	0.132891
280.467	0.126812
280.533	0.134277
280.6	0.161883
280.667	0.155877
280.733	0.145336
280.8	0.165486
280.867	0.164609
280.933	0.168177
281	0.17302
281.067	0.164423
281.133	0.172068
281.2	0.164227
281.267	0.142724
281.333	0.170959
281.4	0.160418
281.467	0.150869
281.533	0.146595
281.6	0.160121
281.667	0.15833
281.733	0.175361
281.8	0.145593
281.867	0.143165
281.933	0.171815
282	0.150551
282.067	0.128404
282.133	0.166034
282.2	0.140761
282.267	0.138179
282.333	0.163298
282.4	0.150252
282.467	0.161854
282.533	0.178764
282.6	0.157024
282.667	0.143448
282.733	0.177767
282.8	0.145641
282.867	0.142113
282.933	0.173713
283	0.125585
283.067	0.136773
283.133	0.170531
283.2	0.126633
283.267	0.14016
283.333	0.178977
283.4	0.139194
283.467	0.146581
283.533	0.186852
283.6	0.152139
283.667	0.152937
283.733	0.198393
283.8	0.135199
283.867	0.131339
283.933	0.199796
284	0.126344
284.067	0.125669
284.133	0.203106
284.2	0.126706
284.267	0.129841
284.333	0.194883
284.4	0.121478
284.467	0.107336
284.533	0.183495
284.6	0.135928
284.667	0.13368
284.733	0.154866
284.8	0.139032
284.867	0.137788
284.933	0.183491
285	0.147768
285.067	0.127878
285.133	0.184208
285.2	0.140491
285.267	0.133565
285.333	0.169185
285.4	0.126382
285.467	0.130366
285.533	0.181218
285.6	0.113741
285.667	0.130844
285.733	0.182442
285.8	0.114841
285.867	0.112511
285.933	0.197114
286	0.111073
286.067	0.130273
286.133	0.185317
286.2	0.130518
286.267	0.133984
286.333	0.195944
286.4	0.125104
286.467	0.132162
286.533	0.184872
286.6	0.13037
286.667	0.147104
286.733	0.210945
286.8	0.137735
286.867	0.155517
286.933	0.214605
287	0.159187
287.067	0.15942
287.133	0.215136
287.2	0.150217
287.267	0.153101
287.333	0.22715
287.4	0.16007
287.467	0.163487
287.533	0.213459
287.6	0.160193
287.667	0.174277
287.733	0.195671
287.8	0.165989
287.867	0.177027
287.933	0.194004
288	0.151406
288.067	0.150481
288.133	0.189307
288.2	0.160952
288.267	0.168309
288.333	0.187252
288.4	0.177934
288.467	0.1642
288.533	0.199712
288.6	0.181396
288.667	0.171318
288.733	0.195903
288.8	0.180491
288.867	0.156885
288.933	0.19884
289	0.166254
289.067	0.179092
289.133	0.206064
289.2	0.168801
289.267	0.170595
289.333	0.212937
289.4	0.17675
289.467	0.180035
289.533	0.214918
289.6	0.175728
289.667	0.174716
289.733	0.200394
289.8	0.176534
289.867	0.185795
289.933	0.212969
290	0.181493
290.067	0.176693
290.133	0.208898
290.2	0.180734
290.267	0.179713
290.333	0.184626
290.4	0.171557
290.467	0.169143
290.533	0.180611
290.6	0.164564
290.667	0.156302
290.733	0.179855
290.8	0.159521
290.867	0.154266
290.933	0.173238
291	0.162019
291.067	0.137451
291.133	0.179444
291.2	0.149445
291.267	0.127862
291.333	0.13607
291.4	0.13418
291.467	0.145805
291.533	0.167637
291.6	0.154743
291.667	0.138616
291.733	0.169245
291.8	0.144711
291.867	0.135706
291.933	0.177105
292	0.152452
292.067	0.139414
292.133	0.165208
292.2	0.132724
292.267	0.127005
292.333	0.165927
292.4	0.130693
292.467	0.142266
292.533	0.171033
292.6	0.136785
292.667	0.132523
292.733	0.176236
292.8	0.13992
292.867	0.124368
292.933	0.151478
293	0.125977
293.067	0.137518
293.133	0.146894
293.2	0.124142
293.267	0.122663
293.333	0.178992
293.4	0.140958
293.467	0.134941
293.533	0.178491
293.6	0.141442
293.667	0.130252
293.733	0.175859
293.8	0.135206
293.867	0.138291
293.933	0.157719
294	0.130148
294.067	0.124961
294.133	0.139277
294.2	0.119899
294.267	0.0953495
294.333	0.159802
294.4	0.125259
294.467	0.118144
294.533	0.159378
294.6	0.124647
294.667	0.10732
294.733	0.146918
294.8	0.101674
294.867	0.102004
294.933	0.154315
295	0.122041
295.067	0.118537
295.133	0.142321
295.2	0.110444
295.267	0.10254
295.333	0.151239
295.4	0.098218
295.467	0.120141
295.533	0.159374
295.6	0.118321
295.667	0.102425
295.733	0.145769
295.8	0.0848355
295.867	0.0866094
295.933	0.143054
296	0.110687
296.067	0.102889
296.133	0.159369
296.2	0.116816
296.267	0.127921
296.333	0.142467
296.4	0.12555
296.467	0.137375
296.533	0.156571
296.6	0.14884
296.667	0.129594
296.733	0.125414
296.8	0.125747
296.867	0.135581
296.933	0.127929
297	0.12848
297.067	0.146698
297.133	0.146155
297.2	0.133885
297.267	0.122828
297.333	0.162048
297.4	0.108207
297.467	0.136862
297.533	0.148949
297.6	0.138965
297.667	0.133758
297.733	0.145247
297.8	0.125235
297.867	0.142428
297.933	0.155648
298	0.117302
298.067	0.111834
298.133	0.14794
298.2	0.128746
298.267	0.146574
298.333	0.161323
298.4	0.140249
298.467	0.14189
298.533	0.118464
298.6	0.130518
298.667	0.128221
298.733	0.146558
298.8	0.12502
298.867	0.132583
298.933	0.150531
299	0.127339
299.067	0.12557
299.133	0.14735
299.2	0.127712
299.267	0.126442
299.333	0.125981
299.4	0.124116
299.467	0.117067
299.533	0.155068
299.6	0.0900696
299.667	0.0905138
299.733	0.130862
299.8	0.100426
299.867	0.0998717
299.933	0.118965
300	0.108254
300.067	0.0967798
300.133	0.144338
300.2	0.112985
300.267	0.103874
300.333	0.152412
300.4	0.0828056
300.467	0.104758
300.533	0.13958
300.6	0.0880032
300.667	0.0937271
300.733	0.150405
300.8	0.0996862
300.867	0.0908429
300.933	0.159378
301	0.110821
301.067	0.110258
301.133	0.152818
301.2	0.110383
301.267	0.0913824
301.333	0.117112
301.4	0.0993244
301.467	0.099873
301.533	0.121845
301.6	0.100738
301.667	0.11023
301.733	0.119037
301.8	0.11161
301.867	0.117775
301.933	0.111385
302	0.100117
302.067	0.0994185
302.133	0.104118
302.2	0.0814523
302.267	0.0981723
302.333	0.115886
302.4	0.0909344
302.467	0.106025
302.533	0.138625
302.6	0.104962
302.667	0.114387
302.733	0.124494
302.8	0.110476
302.867	0.100847
302.933	0.0892846
303	0.0889868
303.067	0.0917456
303.133	0.0987588
303.2	0.0926874
303.267	0.0916293
303.333	0.139899
303.4	0.100381
303.467	0.105161
303.533	0.11427
303.6	0.110088
303.667	0.111043
303.733	0.122809
303.8	0.11739
303.867	0.115396
303.933	0.152506
304	0.118665
304.067	0.123088
304.133	0.164856
304.2	0.123069
304.267	0.122181
304.333	0.180335
304.4	0.128173
304.467	0.132691
304.533	0.150502
304.6	0.122704
304.667	0.132715
304.733	0.145205
304.8	0.113351
304.867	0.124297
304.933	0.162428
305	0.127112
305.067	0.136765
305.133	0.168755
305.2	0.123982
305.267	0.114567
305.333	0.153394
305.4	0.10868
305.467	0.109644
305.533	0.165155
305.6	0.131245
305.667	0.113653
305.733	0.159877
305.8	0.115363
305.867	0.117011
305.933	0.156204
306	0.112323
306.067	0.111432
306.133	0.146331
306.2	0.104239
306.267	0.102832
306.333	0.11152
306.4	0.102412
306.467	0.107498
306.533	0.136223
306.6	0.108476
306.667	0.109618
306.733	0.134803
306.8	0.109262
306.867	0.0883114
306.933	0.140955
307	0.0982781
307.067	0.10259
307.133	0.138538
307.2	0.0896908
307.267	0.103982
307.333	0.111392
307.4	0.0940145
307.467	0.0803851
307.533	0.123128
307.6	0.104197
307.667	0.0843326
307.733	0.122555
307.8	0.100346
307.867	0.0934045
307.933	0.125038
308	0.0983108
308.067	0.0981605
308.133	0.134673
308.2	0.0895511
308.267	0.100716
308.333	0.128911
308.4	0.0998965
308.467	0.0874258
308.533	0.113739
308.6	0.0891069
308.667	0.0994629
308.733	0.121251
308.8	0.103324
308.867	0.102359
308.933	0.119698
309	0.0922171
309.067	0.10369
309.133	0.118714
309.2	0.103214
309.267	0.090647
309.333	0.108669
309.4	0.0979698
309.467	0.0941974
309.533	0.115641
309.6	0.100039
309.667	0.0852091
309.733	0.11509
309.8	0.0889084
309.867	0.0882709
309.933	0.110421
310	0.104501
310.067	0.0956643
310.133	0.124976
310.2	0.0933457
310.267	0.102884
310.333	0.12981
310.4	0.100586
310.467	0.0986595
310.533	0.118851
310.6	0.0981893
310.667	0.10128
310.733	0.113872
310.8	0.0891879
310.867	0.0932125
310.933	0.112787
311	0.0854429
311.067	0.0817541
311.133	0.115756
311.2	0.0725202
311.267	0.0935626
311.333	0.100192
311.4	0.0913158
311.467	0.0789665
311.533	0.0797255
311.6	0.0779255
311.667	0.0747356
311.733	0.112195
311.8	0.0984414
311.867	0.0895276
311.933	0.104065
312	0.0944573
312.067	0.0944273
312.133	0.102169
312.2	0.102462
312.267	0.0901728
312.333	0.104868
312.4	0.0886328
312.467	0.0948335
312.533	0.0915731
312.6	0.0780509
312.667	0.079395
312.733	0.0806438
312.8	0.0836664
312.867	0.0901702
312.933	0.111124
313	0.0818207
313.067	0.0940981
313.133	0.104195
313.2	0.0990527
313.267	0.0970933
313.333	0.114521
313.4	0.0967955
313.467	0.0950504
313.533	0.112357
313.6	0.0983526
313.667	0.0962299
313.733	0.110498
313.8	0.0844593
313.867	0.0813465
313.933	0.108731
314	0.0857434
314.067	0.0925763
314.133	0.107778
314.2	0.0992748
314.267	0.0916672
314.333	0.0990475
314.4	0.0898502
314.467	0.087239
314.533	0.090003
314.6	0.0989142
314.667	0.0947891
314.733	0.093603
314.8	0.098879
314.867	0.0977896
314.933	0.101243
315	0.0985746
315.067	0.0970032
315.133	0.100045
315.2	0.103126
315.267	0.102017
315.333	0.114956
315.4	0.0961293
315.467	0.0924026
315.533	0.0969235
315.6	0.0813544
315.667	0.0857512
315.733	0.0964154
315.8	0.0840857
315.867	0.0857721
315.933	0.0986661
316	0.0784297
316.067	0.0832328
316.133	0.0776629
316.2	0.0749943
316.267	0.0748702
316.333	0.0974343
316.4	0.0827834
316.467	0.0800324
316.533	0.0973546
316.6	0.0921152
316.667	0.0994276
316.733	0.112195
316.8	0.0922132
316.867	0.0830264
316.933	0.118341
317	0.0835776
317.067	0.0830891
317.133	0.102376
317.2	0.0794107
317.267	0.0921165
317.333	0.0988032
317.4	0.0850576
317.467	0.0772227
317.533	0.0956264
317.6	0.0711683
317.667	0.0758459
317.733	0.0865506
317.8	0.0688889
317.867	0.0680685
317.933	0.0818573
318	0.064381
318.067	0.0592971
318.133	0.0697627
318.2	0.0547161
318.267	0.0569811
318.333	0.0665899
318.4	0.051346
318.467	0.0474337
318.533	0.0538801
318.6	0.0426137
318.667	0.0417006
318.733	0.0450995
318.8	0.0379752
318.867	0.0402115
318.933	0.0426646
319	0.0316647
319.067	0.0269335
319.133	0.0331695
319.2	0.0250551
319.267	0.0218666
319.333	0.0225824
319.4	0.0222062
319.467	0.0222232
319.533	0.0287701
319.6	0.0443471
319.667	0.0210711
319.733	0.0199882
319.8	0.016848
319.867	0.0255397
319.933	0.0139925
320	0.0145385
320.067	0.0257696
320.133	0.0267193
320.2	0.0272953
320.267	0.0252994
320.333	0.0294924
320.4	0.023438
320.467	0.0218431
320.533	0.02604
320.6	0.0320017
320.667	0.0418587
320.733	0.0472195
320.8	0.0370687
320.867	0.0340317
320.933	0.0403278
321	0.0425405
321.067	0.0318515
321.133	0.0277473
321.2	0.0162615
321.267	0.0620324
321.333	0.0313774
321.4	0.0221866
321.467	0.028373
321.533	0.023886
321.6	0.0239644
321.667	0.0244347
321.733	0.022845
321.8	0.017441
321.867	0.0305779
321.933	0.0189001
322	0.027682
322.067	0.0230226
322.133	0.0161779
322.2	0.055411
322.267	0.0257696
322.333	0.0232094
322.4	0.0207419
322.467	0.0164483
322.533	0.0172242
322.6	0.0212069
322.667	0.0296296
322.733	0.0186179
322.8	0.0194383
322.867	0.0148102
322.933	0.024577
323	0.0219841
323.067	0.0167931
323.133	0.0214812
323.2	0.0180131
323.267	0.0205995
323.333	0.0192149
323.4	0.0151734
323.467	0.0260596
323.533	0.0184991
323.6	0.0219136
323.667	0.016042
323.733	0.0138972
323.8	0.0142551
323.867	0.0546181
323.933	0.0249807
324	0.0254679
324.067	0.0233048
324.133	0.0155496
324.2	0.0154281
324.267	0.0194565
324.333	0.0209613
324.4	0.0203409
324.467	0.019629
324.533	0.0189132
324.6	0.0160159
324.667	0.0201188
324.733	0.0300672
324.8	0.0168388
324.867	0.0200496
324.933	0.0240676
325	0.0169864
325.067	0.019484
325.133	0.0200796
325.2	0.0192867
325.267	0.0156815
325.333	0.0194317
325.4	0.0171144
325.467	0.0105937
325.533	0.0537508
325.6	0.0311853
325.667	0.0224635
325.733	0.0244451
325.8	0.0190333
325.867	0.0174057
325.933	0.0187055
326	0.0134543
326.067	0.0169211
326.133	0.0217712
326.2	0.0201253
326.267	0.025417
326.333	0.0192162
326.4	0.0160081
326.467	0.0232773
326.533	0.020077
326.6	0.0155456
326.667	0.0199333
326.733	0.0295904
326.8	0.0273319
326.867	0.0208111
326.933	0.0218091
327	0.0132728
327.067	0.011124
327.133	0.0118032
327.2	0.0570765
327.267	0.024837
327.333	0.0237371
327.4	0.0172856
327.467	0.0163777
327.533	0.0224256
327.6	0.012408
327.667	0.0111645
327.733	0.0182626
327.8	0.0207876
327.867	0.0236169
327.933	0.0348023
328	0.0314309
328.067	0.0350623
328.133	0.0333093
328.2	0.0346299
328.267	0.0274273
328.333	0.0303402
328.4	0.0290326
328.467	0.0300149
328.533	0.0324929
328.6	0.0360955
328.667	0.0265926
328.733	0.0335183
328.8	0.0289438
328.867	0.0484187
328.933	0.0390646
329	0.0316935
329.067	0.0291672
329.133	0.0391038
329.2	0.0420207
329.267	0.0386518
329.333	0.0381398
329.4	0.0366206
329.467	0.0294833
329.533	0.0319795
329.6	0.0358251
329.667	0.0325961
329.733	0.0342759
329.8	0.0426777
329.867	0.0340251
329.933	0.0417228
330	0.0442765
330.067	0.0364025
330.133	0.0392423
330.2	0.0390176
330.267	0.0378132
330.333	0.0333916
330.4	0.0387903
330.467	0.0394382
330.533	0.0530245
330.6	0.0390803
330.667	0.038064
330.733	0.053466
330.8	0.0430761
330.867	0.049111
330.933	0.0507163
331	0.0375219
331.067	0.0412656
331.133	0.0413571
331.2	0.0296871
331.267	0.03919
331.333	0.0356135
331.4	0.0279328
331.467	0.0335653
331.533	0.0297432
331.6	0.027571
331.667	0.0364351
331.733	0.0394696
331.8	0.0337116
331.867	0.0332061
331.933	0.0368375
332	0.0380379
332.067	0.0283521
332.133	0.0349251
332.2	0.058435
332.267	0.0377649
332.333	0.037215
332.4	0.0400953
332.467	0.0351211
332.533	0.0432198
332.6	0.038486
332.667	0.0362418
332.733	0.0403748
332.8	0.0387054
332.867	0.0394447
332.933	0.0385931
333	0.0443118
333.067	0.046168
333.133	0.0511278
333.2	0.0487361
333.267	0.0461393
333.333	0.0564103
333.4	0.0503284
333.467	0.046215
333.533	0.0474351
333.6	0.0461184
333.667	0.0456024
333.733	0.0426686
333.8	0.042632
333.867	0.0617724
333.933	0.0417059
334	0.0412317
334.067	0.0489999
334.133	0.0427953
334.2	0.0428462
334.267	0.0398445
334.333	0.0308353
334.4	0.0290313
334.467	0.0292286
334.533	0.0222872
334.6	0.0330585
334.667	0.0269962
334.733	0.0287191
334.8	0.0257174
334.867	0.0299117
334.933	0.021092
335	0.032054
335.067	0.0297223
335.133	0.0380758
335.2	0.0339794
335.267	0.0260035
335.333	0.0308718
335.4	0.027844
335.467	0.0166272
335.533	0.0565422
335.6	0.0262085
335.667	0.0313199
335.733	0.0258519
335.8	0.0279315
335.867	0.0283547
335.933	0.0250943
336	0.0276467
336.067	0.0271399
336.133	0.0285833
336.2	0.0217438
336.267	0.0254979
336.333	0.0223499
336.4	0.0280386
336.467	0.0281052
336.533	0.0284997
336.6	0.0296361
336.667	0.0317536
336.733	0.0326483
336.8	0.0318816
336.867	0.0346861
336.933	0.0341388
337	0.0365592
337.067	0.0370687
337.133	0.0353079
337.2	0.0641002
337.267	0.0364325
337.333	0.0362261
337.4	0.0356997
337.467	0.0381685
337.533	0.0417437
337.6	0.0499522
337.667	0.0479941
337.733	0.0507359
337.8	0.0590215
337.867	0.053756
337.933	0.0530166
338	0.0614184
338.067	0.0469452
338.133	0.0483481
338.2	0.0499378
338.267	0.051346
338.333	0.0546625
338.4	0.0509658
338.467	0.055074
338.533	0.0638023
338.6	0.0581933
338.667	0.069491
338.733	0.0591325
338.8	0.0663038
338.867	0.077275
338.933	0.0487243
339	0.051231
339.067	0.0642504
339.133	0.0602689
339.2	0.0814445
339.267	0.0648682
339.333	0.0558956
339.4	0.0590319
339.467	0.0644999
339.533	0.0521911
339.6	0.058499
339.667	0.0686655
339.733	0.0591416
339.8	0.0557506
339.867	0.0564011
339.933	0.0507555
340	0.0459303
340.067	0.0589797
340.133	0.0444764
340.2	0.038887
340.267	0.0439931
340.333	0.0436313
340.4	0.0419057
340.467	0.0432551
340.533	0.0523988
340.6	0.0380366
340.667	0.0382691
340.733	0.0380797
340.8	0.0336868
340.867	0.0311945
340.933	0.0336202
341	0.037326
341.067	0.0374723
341.133	0.0348154
341.2	0.0240127
341.267	0.0295094
341.333	0.0264776
341.4	0.0272901
341.467	0.0217333
341.533	0.0295042
341.6	0.0181542
341.667	0.0252537
341.733	0.0323309
341.8	0.0215413
341.867	0.0216079
341.933	0.0264881
342	0.0338867
342.067	0.027277
342.133	0.0224204
342.2	0.0610174
342.267	0.0283325
342.333	0.0387916
342.4	0.0299039
342.467	0.0271125
342.533	0.0253164
342.6	0.026812
342.667	0.0326523
342.733	0.0290849
342.8	0.023259
342.867	0.0261746
342.933	0.0278283
343	0.028949
343.067	0.0232499
343.133	0.0241303
343.2	0.0161478
343.267	0.0256011
343.333	0.0219933
343.4	0.0164535
343.467	0.020657
343.533	0.0261236
343.6	0.0198915
343.667	0.0189275
343.733	0.0300607
343.8	0.0146587
343.867	0.0599502
343.933	0.0448748
344	0.0224661
344.067	0.0277669
344.133	0.0269636
344.2	0.0251648
344.267	0.0149892
344.333	0.0198876
344.4	0.028113
344.467	0.027648
344.533	0.0227522
344.6	0.0261053
344.667	0.0275762
344.733	0.0272091
344.8	0.0299692
344.867	0.0265847
344.933	0.0202338
345	0.0281366
345.067	0.0218378
345.133	0.0229873
345.2	0.0261667
345.267	0.0218457
345.333	0.0184703
345.4	0.0255933
345.467	0.0137796
345.533	0.0562849
345.6	0.0340578
345.667	0.0310312
345.733	0.0266187
345.8	0.0278048
345.867	0.0296649
345.933	0.0308836
346	0.0279641
346.067	0.0256455
346.133	0.0284448
346.2	0.0183998
346.267	0.0587119
346.333	0.0332218
346.4	0.0336894
346.467	0.0366232
346.533	0.0281823
346.6	0.0242074
346.667	0.0287152
346.733	0.0283456
346.8	0.0288171
346.867	0.0262321
346.933	0.0193599
347	0.0226947
347.067	0.026057
347.133	0.0202259
347.2	0.0202298
347.267	0.0218195
347.333	0.0235595
347.4	0.0233818
347.467	0.0238534
347.533	0.0307425
347.6	0.0208438
347.667	0.0182809
347.733	0.0187198
347.8	0.0185579
347.867	0.0142603
347.933	0.0627756
348	0.0255319
348.067	0.0195375
348.133	0.0245117
348.2	0.035769
348.267	0.0262294
348.333	0.0244974
348.4	0.0285898
348.467	0.0241538
348.533	0.0198563
348.6	0.018115
348.667	0.0335314
348.733	0.0346338
348.8	0.0325412
348.867	0.0291476
348.933	0.0202089
349	0.0260505
349.067	0.0167448
349.133	0.0207902
349.2	0.0266239
349.267	0.0265756
349.333	0.0238521
349.4	0.0241577
349.467	0.0279014
349.533	0.0150258
349.6	0.0628644
349.667	0.0261916
349.733	0.0340029
349.8	0.0247873
349.867	0.0225719
349.933	0.0218078
350	0.0609848
350.067	0.0221161
350.133	0.0177754
350.2	0.0177245
350.267	0.027571
350.333	0.02958
350.4	0.0197792
350.467	0.0158814
350.533	0.0170635
350.6	0.0198197
350.667	0.0174763
350.733	0.0177297
350.8	0.0266396
350.867	0.0260152
350.933	0.0203265
351	0.0302083
351.067	0.0363019
351.133	0.0297184
351.2	0.0380013
351.267	0.05353
351.333	0.0329932
351.4	0.0390359
351.467	0.0318228
351.533	0.0356423
351.6	0.0321467
351.667	0.0351576
351.733	0.0348324
351.8	0.0347044
351.867	0.0330167
351.933	0.0314962
352	0.0269701
352.067	0.0273358
352.133	0.0320736
352.2	0.0307216
352.267	0.0240637
352.333	0.0334086
352.4	0.0318724
352.467	0.0328978
352.533	0.0337743
352.6	0.0309463
352.667	0.0333158
352.733	0.0337665
352.8	0.037053
352.867	0.0396877
352.933	0.070664
353	0.0397295
353.067	0.050314
353.133	0.0514413
353.2	0.0463678
353.267	0.0466134
353.333	0.0473018
353.4	0.0535927
353.467	0.053001
353.533	0.0515341
353.6	0.0525503
353.667	0.0525595
353.733	0.0515171
353.8	0.0522969
353.867	0.0535431
353.933	0.0513747
354	0.0523844
354.067	0.0485637
354.133	0.0509985
354.2	0.0571339
354.267	0.053978
354.333	0.046279
354.4	0.0534934
354.467	0.0455501
354.533	0.0408881
354.6	0.0644359
354.667	0.0355469
354.733	0.050267
354.8	0.0369302
354.867	0.0364769
354.933	0.042295
355	0.0388726
355.067	0.0295538
355.133	0.0301247
355.2	0.0264646
355.267	0.0267689
355.333	0.031461
355.4	0.0292717
355.467	0.0266331
355.533	0.0336946
355.6	0.0300881
355.667	0.0300411
355.733	0.0375285
355.8	0.0404479
355.867	0.0388635
355.933	0.0399751
356	0.0338318
356.067	0.0343438
356.133	0.0369903
356.2	0.0381254
356.267	0.0600064
356.333	0.0372738
356.4	0.0370047
356.467	0.0478282
356.533	0.0468394
356.6	0.0385656
356.667	0.0443079
356.733	0.0362653
356.8	0.0286355
356.867	0.0301691
356.933	0.036959
357	0.0308849
357.067	0.0361177
357.133	0.0435816
357.2	0.0373273
357.267	0.0367082
357.333	0.0427548
357.4	0.0396459
357.467	0.0425471
357.533	0.0478099
357.6	0.0446906
357.667	0.0457618
357.733	0.0478844
357.8	0.0465324
357.867	0.0501063
357.933	0.0784427
358	0.0466774
358.067	0.0494976
358.133	0.0478021
358.2	0.0500893
358.267	0.0514152
358.333	0.050088
358.4	0.0463247
358.467	0.0477956
358.533	0.051521
358.6	0.0432224
358.667	0.0397151
358.733	0.0504499
358.8	0.0402703
358.867	0.0426986
358.933	0.050412
359	0.0435751
359.067	0.0478753
359.133	0.0430069
359.2	0.0500162
359.267	0.0404506
359.333	0.0403474
359.4	0.0447586
359.467	0.060316
359.533	0.0336359
359.6	0.0645038
359.667	0.0370465
359.733	0.0298203
359.8	0.0424922
359.867	0.0431101
359.933	0.0331591
360	0.0477969
360.067	0.051696
360.133	0.0507098
360.2	0.0425889
360.267	0.0454992
360.333	0.0424191
360.4	0.0443092
360.467	0.0474311
360.533	0.0428318
360.6	0.0531277
360.667	0.04279
360.733	0.0431702
360.8	0.0440532
360.867	0.0426973
360.933	0.0403735
361	0.0380928
361.067	0.0433073
361.133	0.0570582
361.2	0.0445665
361.267	0.0650602
361.333	0.0485506
361.4	0.0435411
361.467	0.045477
361.533	0.0472091
361.6	0.041685
361.667	0.0460988
361.733	0.0470484
361.8	0.0402716
361.867	0.0385787
361.933	0.0400208
362	0.0500985
362.067	0.0499248
362.133	0.0491097
362.2	0.0536567
362.267	0.0590267
362.333	0.0629598
362.4	0.0565252
362.467	0.0552725
362.533	0.0598235
362.6	0.0578458
362.667	0.0524158
362.733	0.0620311
362.8	0.0625065
362.867	0.060299
362.933	0.094588
363	0.0751079
363.067	0.0647507
363.133	0.0834901
363.2	0.0692128
363.267	0.0708299
363.333	0.080747
363.4	0.0719611
363.467	0.0816039
363.533	0.0785472
363.6	0.0672077
363.667	0.0700214
363.733	0.0790919
363.8	0.0817306
363.867	0.0604505
363.933	0.0633504
364	0.0717796
364.067	0.0720539
364.133	0.081131
364.2	0.0725712
364.267	0.0724967
364.333	0.0692206
364.4	0.0650811
364.467	0.058499
364.533	0.0685806
364.6	0.112246
364.667	0.0694688
364.733	0.068783
364.8	0.0756395
364.867	0.0696726
364.933	0.0687047
365	0.0556422
365.067	0.0480412
365.133	0.0439826
365.2	0.0534595
365.267	0.0471242
365.333	0.0294702
365.4	0.0465782
365.467	0.0442452
365.533	0.0449114
365.6	0.0472208
365.667	0.0470419
365.733	0.0432263
365.8	0.0434432
365.867	0.046697
365.933	0.0389209
366	0.0305427
366.067	0.0502356
366.133	0.0321311
366.2	0.0253294
366.267	0.0664579
366.333	0.0461432
366.4	0.0502239
366.467	0.0294284
366.533	0.0507451
366.6	0.0594003
366.667	0.0657669
366.733	0.0564403
366.8	0.0561098
366.867	0.0389144
366.933	0.039561
367	0.0339885
367.067	0.0533968
367.133	0.0505361
367.2	0.0443288
367.267	0.0409169
367.333	0.0474155
367.4	0.0425079
367.467	0.0457422
367.533	0.0512388
367.6	0.038759
367.667	0.0416118
367.733	0.049674
367.8	0.041715
367.867	0.0435712
367.933	0.0909906
368	0.0478243
368.067	0.0499156
368.133	0.0533563
368.2	0.0478335
368.267	0.0525333
368.333	0.0409678
368.4	0.0559008
368.467	0.0527998
368.533	0.0540499
368.6	0.0473515
368.667	0.0448983
368.733	0.045989
368.8	0.0473097
368.867	0.0504381
368.933	0.039096
369	0.0567029
369.067	0.0555442
369.133	0.0327228
369.2	0.0570216
369.267	0.0484056
369.333	0.050301
369.4	0.0438755
369.467	0.0440453
369.533	0.0430513
369.6	0.0809729
369.667	0.0550505
369.733	0.0532518
369.8	0.0614197
369.867	0.0436221
369.933	0.0424622
370	0.0427391
370.067	0.0351315
370.133	0.0476806
370.2	0.0395741
370.267	0.0412526
370.333	0.0380288
370.4	0.0261001
370.467	0.0278427
370.533	0.0370465
370.6	0.0322408
370.667	0.0304173
370.733	0.0452379
370.8	0.0418221
370.867	0.0436613
370.933	0.0502957
371	0.0429167
371.067	0.03382
371.133	0.0538252
371.2	0.0387511
371.267	0.0772776
371.333	0.0685074
371.4	0.0585721
371.467	0.0537664
371.533	0.0642987
371.6	0.0459825
371.667	0.0581829
371.733	0.0590306
371.8	0.0567826
371.867	0.0586035
371.933	0.0502526
372	0.0629245
372.067	0.0621865
372.133	0.0591874
372.2	0.0561974
372.267	0.0529748
372.333	0.0497406
372.4	0.0491711
372.467	0.0508195
372.533	0.0692272
372.6	0.0561921
372.667	0.0678778
372.733	0.0678282
372.8	0.0559309
372.867	0.0606517
372.933	0.115787
373	0.070024
373.067	0.0794603
373.133	0.0789378
373.2	0.0661849
373.267	0.058994
373.333	0.0669922
373.4	0.045993
373.467	0.0438977
373.533	0.0556069
373.6	0.0373848
373.667	0.0279903
373.733	0.0336019
373.8	0.0430212
373.867	0.0444202
373.933	0.0357585
374	0.0346208
374.067	0.0271739
374.133	0.0291607
374.2	0.0208399
374.267	0.0236183
374.333	0.0456442
374.4	0.0375938
374.467	0.0338945
374.533	0.0403291
374.6	0.0774226
374.667	0.0428149
374.733	0.0493644
374.8	0.0357245
374.867	0.0408032
374.933	0.0466121
375	0.0309803
375.067	0.03112
375.133	0.0408241
375.2	0.0293631
375.267	0.0233479
375.333	0.0386897
375.4	0.0149827
375.467	0.0299418
375.533	0.029627
375.6	0.0252968
375.667	0.0363894
375.733	0.0273254
375.8	0.0326562
375.867	0.0297798
375.933	0.0374109
376	0.0258402
376.067	0.0212579
376.133	0.0322748
376.2	0.0343177
376.267	0.0868902
376.333	0.0551432
376.4	0.0457853
376.467	0.0341479
376.533	0.0436482
376.6	0.0274142
376.667	0.0303911
376.733	0.0534869
376.8	0.0470184
376.867	0.0365592
376.933	0.0358735
377	0.0314322
377.067	0.0325961
377.133	0.0318398
377.2	0.0356527
377.267	0.031457
377.333	0.0387916
377.4	0.0313891
377.467	0.032216
377.533	0.0367212
377.6	0.0288576
377.667	0.0323753
377.733	0.0337887
377.8	0.0227287
377.867	0.0235085
377.933	0.0671267
378	0.0341819
378.067	0.0257605
378.133	0.0331904
378.2	0.0251348
378.267	0.0220076
378.333	0.0288537
378.4	0.0272927
378.467	0.0260596
378.533	0.0281601
378.6	0.0270955
378.667	0.0290784
378.733	0.0250434
378.8	0.0271099
378.867	0.0199229
378.933	0.0237528
379	0.0246097
379.067	0.0337234
379.133	0.0331186
379.2	0.0288367
379.267	0.0265273
379.333	0.0189602
379.4	0.0302971
379.467	0.0303415
379.533	0.0150101
379.6	0.0830943
379.667	0.048484
379.733	0.0357781
379.8	0.0454104
379.867	0.0358003
379.933	0.017074
380	0.0368871
380.067	0.0282998
380.133	0.0312298
380.2	0.0293135
380.267	0.0314152
380.333	0.0255776
380.4	0.0313499
380.467	0.0217921
380.533	0.0247769
380.6	0.0251675
380.667	0.0296636
380.733	0.0256952
380.8	0.0245026
380.867	0.0236483
380.933	0.0315054
381	0.0293919
381.067	0.0293279
381.133	0.0194069
381.2	0.0148573
381.267	0.0770438
381.333	0.0355926
381.4	0.0310978
381.467	0.0396511
381.533	0.0307621
381.6	0.0357559
381.667	0.024641
381.733	0.0147123
381.8	0.0221213
381.867	0.0263117
381.933	0.0226569
382	0.0219907
382.067	0.0209679
382.133	0.0263
382.2	0.0282384
382.267	0.0228685
382.333	0.0309215
382.4	0.0262125
