time_sec	Dynamic_density
0.0666667	0.0906679
0.133333	0.0815294
0.2	0.100308
0.266667	0.0463979
0.333333	0.0358408
0.4	0.0862005
0.466667	0.0953469
0.533333	0.0624765
0.6	0.0984192
0.666667	0.0767995
0.733333	0.0646161
0.8	0.0903897
0.866667	0.0791664
0.933333	0.0644672
1	0.0765056
1.06667	0.0565318
1.13333	0.0698947
1.2	0.0551171
1.26667	0.118385
1.33333	0.0834966
1.4	0.0661288
1.46667	0.0613361
1.53333	0.0812864
1.6	0.0696556
1.66667	0.076921
1.73333	0.0933954
1.8	0.0457356
1.86667	0.0867139
1.93333	0.0863534
2	0.0852522
2.06667	0.0781515
2.13333	0.092545
2.2	0.1011
2.26667	0.0651804
2.33333	0.104858
2.4	0.0955115
2.46667	0.0782181
2.53333	0.0942183
2.6	0.0865611
2.66667	0.107805
2.73333	0.103647
2.8	0.0949864
2.86667	0.0985955
2.93333	0.171664
3	0.0960405
3.06667	0.100719
3.13333	0.0922511
3.2	0.104673
3.26667	0.102463
3.33333	0.0549682
3.4	0.0812237
3.46667	0.0736292
3.53333	0.055074
3.6	0.0797111
3.66667	0.0837748
3.73333	0.0554188
3.8	0.0819487
3.86667	0.0735117
3.93333	0.075859
4	0.0707568
4.06667	0.0660543
4.13333	0.0588517
4.2	0.0695772
4.26667	0.0537886
4.33333	0.047213
4.4	0.0403905
4.46667	0.049094
4.53333	0.0437214
4.6	0.129875
4.66667	0.107134
4.73333	0.0580875
4.8	0.0791978
4.86667	0.0509436
4.93333	0.078316
5	0.0750517
5.06667	0.0443092
5.13333	0.0600155
5.2	0.120058
5.26667	0.0765565
5.33333	0.110994
5.4	0.071372
5.46667	0.0940341
5.53333	0.0812629
5.6	0.106045
5.66667	0.0833947
5.73333	0.0929565
5.8	0.0880032
5.86667	0.103521
5.93333	0.106531
6	0.112092
6.06667	0.104141
6.13333	0.0999945
6.2	0.105324
6.26667	0.201521
6.33333	0.115101
6.4	0.121046
6.46667	0.107918
6.53333	0.114768
6.6	0.113557
6.66667	0.11266
6.73333	0.117366
6.8	0.107616
6.86667	0.114721
6.93333	0.12627
7	0.0858714
7.06667	0.08526
7.13333	0.111704
7.2	0.0872978
7.26667	0.0895354
7.33333	0.0978706
7.4	0.0947277
7.46667	0.0973611
7.53333	0.128209
7.6	0.104583
7.66667	0.103372
7.73333	0.113514
7.8	0.117742
7.86667	0.112676
7.93333	0.196834
8	0.105618
8.06667	0.104434
8.13333	0.132998
8.2	0.113996
8.26667	0.114937
8.33333	0.123017
8.4	0.116586
8.46667	0.119275
8.53333	0.130224
8.6	0.105939
8.66667	0.125462
8.73333	0.130659
8.8	0.111516
8.86667	0.129287
8.93333	0.128343
9	0.132708
9.06667	0.136443
9.13333	0.140863
9.2	0.130729
9.26667	0.127426
9.33333	0.142638
9.4	0.143038
9.46667	0.144445
9.53333	0.145111
9.6	0.193108
9.66667	0.145977
9.73333	0.139539
9.8	0.12067
9.86667	0.133312
9.93333	0.118601
10	0.125121
10.0667	0.108996
10.1333	0.102749
10.2	0.101648
10.2667	0.114404
10.3333	0.0968909
10.4	0.117864
10.4667	0.104963
10.5333	0.11958
10.6	0.114674
10.6667	0.110697
10.7333	0.122241
10.8	0.11447
10.8667	0.11177
10.9333	0.152686
11	0.118377
11.0667	0.112178
11.1333	0.104783
11.2	0.108827
11.2667	0.195259
11.3333	0.0979724
11.4	0.0910441
11.4667	0.125129
11.5333	0.073398
11.6	0.101683
11.6667	0.130569
11.7333	0.130471
11.8	0.113071
11.8667	0.121418
11.9333	0.110195
12	0.117676
12.0667	0.115814
12.1333	0.102624
12.2	0.124412
12.2667	0.113832
12.3333	0.0899665
12.4	0.0906718
12.4667	0.117421
12.5333	0.054686
12.6	0.0746363
12.6667	0.0978549
12.7333	0.0629389
12.8	0.0626097
12.8667	0.0500698
12.9333	0.156366
13	0.0747657
13.0667	0.0571156
13.1333	0.0784023
13.2	0.078849
13.2667	0.0501364
13.3333	0.0621904
13.4	0.0548389
13.4667	0.0487883
13.5333	0.0678961
13.6	0.0530833
13.6667	0.0661288
13.7333	0.0553287
13.8	0.0639774
13.8667	0.0570921
13.9333	0.0490587
14	0.0492782
14.0667	0.0595453
14.1333	0.0639186
14.2	0.0360759
14.2667	0.055795
14.3333	0.059122
14.4	0.0674376
14.4667	0.0497798
14.5333	0.0684565
14.6	0.195678
14.6667	0.126219
14.7333	0.0619906
14.8	0.0575232
14.8667	0.0767211
14.9333	0.0879797
15	0.0442465
15.0667	0.0748284
15.1333	0.0934345
15.2	0.062888
15.2667	0.0448578
15.3333	0.0729513
15.4	0.0533301
15.4667	0.0475265
15.5333	0.0567512
15.6	0.0394696
15.6667	0.0379334
15.7333	0.0587576
15.8	0.0391325
15.8667	0.0348572
15.9333	0.0439056
16	0.0348102
16.0667	0.0399476
16.1333	0.0389366
16.2	0.0235516
16.2667	0.109925
16.3333	0.0752398
16.4	0.0580013
16.4667	0.0706745
16.5333	0.0674846
16.6	0.0586714
16.6667	0.0693578
16.7333	0.0438781
16.8	0.0364169
16.8667	0.0535261
16.9333	0.0475774
17	0.0457317
17.0667	0.050924
17.1333	0.0468956
17.2	0.0343713
17.2667	0.045524
17.3333	0.0604113
17.4	0.0523034
17.4667	0.0523387
17.5333	0.0619122
17.6	0.063225
17.6667	0.0527619
17.7333	0.060858
17.8	0.0508143
17.8667	0.0421774
17.9333	0.151162
18	0.0807888
18.0667	0.0442818
18.1333	0.0661915
18.2	0.0559753
18.2667	0.029418
18.3333	0.0522486
18.4	0.0270785
18.4667	0.0309776
18.5333	0.0254601
18.6	0.0354215
18.6667	0.0333328
18.7333	0.0477851
18.8	0.0349277
18.8667	0.0384468
18.9333	0.061152
19	0.0365148
19.0667	0.046586
19.1333	0.0421539
19.2	0.0278622
19.2667	0.0387838
19.3333	0.0541257
19.4	0.0365031
19.4667	0.0376591
19.5333	0.0448931
19.6	0.0911538
19.6667	0.0562222
19.7333	0.0805066
19.8	0.0821211
19.8667	0.0705256
19.9333	0.0968791
20	0.0714308
20.0667	0.0484356
20.1333	0.0450459
20.2	0.0462647
20.2667	0.0438664
20.3333	0.0442347
20.4	0.0384899
20.4667	0.0374788
20.5333	0.0479497
20.6	0.0279014
20.6667	0.036554
20.7333	0.0312049
20.8	0.0341597
20.8667	0.0523661
20.9333	0.0297668
21	0.0531734
21.0667	0.0544196
21.1333	0.0694597
21.2	0.0543843
21.2667	0.177911
21.3333	0.0929996
21.4	0.0784454
21.4667	0.0637148
21.5333	0.0572646
21.6	0.0862789
21.6667	0.0634797
21.7333	0.0941203
21.8	0.0582991
21.8667	0.0587263
21.9333	0.0578485
22	0.104583
22.0667	0.069542
22.1333	0.0510534
22.2	0.048565
22.2667	0.0468015
22.3333	0.0499992
22.4	0.0411585
22.4667	0.0470053
22.5333	0.0491449
22.6	0.0410371
22.6667	0.0349395
22.7333	0.0305858
22.8	0.0394735
22.8667	0.0426712
22.9333	0.14727
23	0.082176
23.0667	0.0657251
23.1333	0.100531
23.2	0.0595609
23.2667	0.0515236
23.3333	0.0478831
23.4	0.0448461
23.4667	0.0411429
23.5333	0.112672
23.6	0.0857225
23.6667	0.0816352
23.7333	0.0791938
23.8	0.0370478
23.8667	0.0355273
23.9333	0.0761451
24	0.0412996
24.0667	0.0470602
24.1333	0.0559792
24.2	0.0643536
24.2667	0.031875
24.3333	0.0508339
24.4	0.0450969
24.4667	0.0454848
24.5333	0.0408685
24.6	0.140021
24.6667	0.089986
24.7333	0.0816822
24.8	0.0675944
24.8667	0.0942026
24.9333	0.067465
25	0.0485297
25.0667	0.0654195
25.1333	0.0686054
25.2	0.0451047
25.2667	0.0378002
25.3333	0.0460648
25.4	0.0363385
25.4667	0.0495956
25.5333	0.0472639
25.6	0.0407236
25.6667	0.0483377
25.7333	0.0374553
25.8	0.0451086
25.8667	0.0432551
25.9333	0.0657839
26	0.0468446
26.0667	0.0600665
26.1333	0.0686132
26.2	0.0571705
26.2667	0.139656
26.3333	0.112041
26.4	0.0847506
26.4667	0.0975649
26.5333	0.0901154
26.6	0.0799697
26.6667	0.0744718
26.7333	0.0764821
26.8	0.0778575
26.8667	0.069832
26.9333	0.0823132
27	0.0771208
27.0667	0.0770072
27.1333	0.095966
27.2	0.0598627
27.2667	0.0759099
27.3333	0.0979254
27.4	0.0836534
27.4667	0.0892297
27.5333	0.110893
27.6	0.110783
27.6667	0.104822
27.7333	0.117061
27.8	0.111135
27.8667	0.112648
27.9333	0.251932
28	0.191289
28.0667	0.146267
28.1333	0.187512
28.2	0.148375
28.2667	0.142991
28.3333	0.165626
28.4	0.172903
28.4667	0.160139
28.5333	0.181622
28.6	0.172432
28.6667	0.194526
28.7333	0.193778
28.8	0.19136
28.8667	0.199558
28.9333	0.199499
29	0.209061
29.0667	0.206561
29.1333	0.217627
29.2	0.212415
29.2667	0.226421
29.3333	0.236813
29.4	0.230379
29.4667	0.22909
29.5333	0.233106
29.6	0.307935
29.6667	0.262583
29.7333	0.254318
29.8	0.251387
29.8667	0.245192
29.9333	0.250423
30	0.256956
30.0667	0.24076
30.1333	0.244604
30.2	0.235697
30.2667	0.246881
30.3333	0.238401
30.4	0.244706
30.4667	0.236308
30.5333	0.234627
30.6	0.264539
30.6667	0.251023
30.7333	0.235309
30.8	0.236473
30.8667	0.240446
30.9333	0.241586
31	0.248734
31.0667	0.262089
31.1333	0.232554
31.2	0.251748
31.2667	0.299114
31.3333	0.298565
31.4	0.252755
31.4667	0.265103
31.5333	0.271749
31.6	0.231978
31.6667	0.250498
31.7333	0.232475
31.8	0.244412
31.8667	0.247206
31.9333	0.236222
32	0.254898
32.0667	0.154128
32.1333	0.258731
32.2	0.22762
32.2667	0.200189
32.3333	0.167718
32.4	0.255122
32.4667	0.233929
32.5333	0.127198
32.6	0.240242
32.6667	0.220014
32.7333	0.200671
32.8	0.245603
32.8667	0.220288
32.9333	0.20747
33	0.266921
33.0667	0.0638833
33.1333	0.0521193
33.2	0.0420834
33.2667	0.0763763
33.3333	0.121222
33.4	0.0728494
33.4667	0.0548585
33.5333	0.0762038
33.6	0.0583618
33.6667	0.0710664
33.7333	0.0903074
33.8	0.0773128
33.8667	0.0715484
33.9333	0.0909109
34	0.0805576
34.0667	0.0846487
34.1333	0.110379
34.2	0.0925371
34.2667	0.123021
34.3333	0.136721
34.4	0.11226
34.4667	0.103862
34.5333	0.136164
34.6	0.244102
34.6667	0.163439
34.7333	0.106084
34.8	0.14546
34.8667	0.100484
34.9333	0.127782
35	0.147431
35.0667	0.160872
35.1333	0.163725
35.2	0.136831
35.2667	0.141996
35.3333	0.117033
35.4	0.139789
35.4667	0.0977452
35.5333	0.0964167
35.6	0.0893003
35.6667	0.0868354
35.7333	0.115379
35.8	0.0868471
35.8667	0.0798287
35.9333	0.105912
36	0.0902839
36.0667	0.0969732
36.1333	0.102961
36.2	0.120595
36.2667	0.240728
36.3333	0.147885
36.4	0.126889
36.4667	0.10543
36.5333	0.169152
36.6	0.118722
36.6667	0.131928
36.7333	0.137223
36.8	0.129985
36.8667	0.147709
36.9333	0.130459
37	0.119866
37.0667	0.137701
37.1333	0.129389
37.2	0.139178
37.2667	0.165986
37.3333	0.168181
37.4	0.221895
37.4667	0.262285
37.5333	0.243044
37.6	0.290833
37.6667	0.270111
37.7333	0.18246
37.8	0.276847
37.8667	0.161946
37.9333	0.193159
38	0.222404
38.0667	0.206525
38.1333	0.103157
38.2	0.201122
38.2667	0.128511
38.3333	0.119682
38.4	0.0674376
38.4667	0.0366755
38.5333	0.0539219
38.6	0.0511357
38.6667	0.0662032
38.7333	0.0625039
38.8	0.103933
38.8667	0.125878
38.9333	0.120901
39	0.0822818
39.0667	0.136929
39.1333	0.109615
39.2	0.104963
39.2667	0.0890024
39.3333	0.0979646
39.4	0.137638
39.4667	0.146216
39.5333	0.0880071
39.6	0.209935
39.6667	0.138249
39.7333	0.123201
39.8	0.117813
39.8667	0.0980547
39.9333	0.133782
40	0.102608
40.0667	0.0931916
40.1333	0.107801
40.2	0.103361
40.2667	0.12366
40.3333	0.120517
40.4	0.102385
40.4667	0.109062
40.5333	0.115717
40.6	0.105265
40.6667	0.145327
40.7333	0.123632
40.8	0.105559
40.8667	0.12306
40.9333	0.120595
41	0.112342
41.0667	0.123617
41.1333	0.128852
41.2	0.118863
41.2667	0.246062
41.3333	0.13486
41.4	0.113467
41.4667	0.123746
41.5333	0.0982272
41.6	0.123276
41.6667	0.134856
41.7333	0.116355
41.8	0.153027
41.8667	0.136082
41.9333	0.129557
42	0.160155
42.0667	0.135537
42.1333	0.111214
42.2	0.10467
42.2667	0.123926
42.3333	0.119796
42.4	0.11438
42.4667	0.113937
42.5333	0.0789744
42.6	0.110661
42.6667	0.105645
42.7333	0.084539
42.8	0.0879718
42.8667	0.0813139
42.9333	0.2342
43	0.131627
43.0667	0.106986
43.1333	0.116261
43.2	0.08526
43.2667	0.0944573
43.3333	0.0992304
43.4	0.0891827
43.4667	0.0898254
43.5333	0.115775
43.6	0.101284
43.6667	0.082129
43.7333	0.120133
43.8	0.0868981
43.8667	0.0897588
43.9333	0.0981762
44	0.114412
44.0667	0.112123
44.1333	0.102393
44.2	0.116093
44.2667	0.101323
44.3333	0.0953547
44.4	0.100625
44.4667	0.109153
44.5333	0.112064
44.6	0.244804
44.6667	0.177049
44.7333	0.13377
44.8	0.128307
44.8667	0.140769
44.9333	0.138359
45	0.107084
45.0667	0.13426
45.1333	0.123844
45.2	0.139872
45.2667	0.13859
45.3333	0.13935
45.4	0.118601
45.4667	0.11556
45.5333	0.121606
45.6	0.124698
45.6667	0.117978
45.7333	0.0929839
45.8	0.101605
45.8667	0.115442
45.9333	0.129463
46	0.113444
46.0667	0.107229
46.1333	0.105794
46.2	0.120219
46.2667	0.264174
46.3333	0.135565
46.4	0.16646
46.4667	0.159156
46.5333	0.148763
46.6	0.165908
46.6667	0.148759
46.7333	0.141337
46.8	0.116935
46.8667	0.137176
46.9333	0.0914007
47	0.122888
47.0667	0.132438
47.1333	0.0772776
47.2	0.118052
47.2667	0.107636
47.3333	0.103196
47.4	0.109254
47.4667	0.0634483
47.5333	0.118256
47.6	0.17168
47.6667	0.0928232
47.7333	0.0646083
47.8	0.117437
47.8667	0.0910794
47.9333	0.162526
48	0.0923608
48.0667	0.0833477
48.1333	0.0756983
48.2	0.12085
48.2667	0.0637658
48.3333	0.0991402
48.4	0.147682
48.4667	0.0955036
48.5333	0.0609639
48.6	0.0715209
48.6667	0.072771
48.7333	0.0639107
48.8	0.0786139
48.8667	0.072724
48.9333	0.0807966
49	0.0667401
49.0667	0.0741543
49.1333	0.061438
49.2	0.0715013
49.2667	0.0431924
49.3333	0.0606308
49.4	0.0649845
49.4667	0.0493526
49.5333	0.0471189
49.6	0.15963
49.6667	0.0469583
49.7333	0.0838807
49.8	0.0430003
49.8667	0.0726456
49.9333	0.062018
50	0.139276
50.0667	0.057872
50.1333	0.0565161
50.2	0.0624961
50.2667	0.0484631
50.3333	0.0664579
50.4	0.0733471
50.4667	0.0675317
50.5333	0.0589888
50.6	0.0843744
50.6667	0.0246371
50.7333	0.0871332
50.8	0.0364404
50.8667	0.0347632
50.9333	0.0936383
51	0.0602154
51.0667	0.0590476
51.1333	0.0470327
51.2	0.038482
51.2667	0.191262
51.3333	0.0789509
51.4	0.075957
51.4667	0.0826423
51.5333	0.0583069
51.6	0.0807221
51.6667	0.0734411
51.7333	0.0892964
51.8	0.0604858
51.8667	0.0281366
51.9333	0.0397713
52	0.022811
52.0667	0.0185866
52.1333	0.0243236
52.2	0.0164705
52.2667	0.0560106
52.3333	0.0479066
52.4	0.0238534
52.4667	0.0470993
52.5333	0.0556148
52.6	0.0271177
52.6667	0.0425967
52.7333	0.0602036
52.8	0.0426006
52.8667	0.0406883
52.9333	0.188754
53	0.0539532
53.0667	0.0642634
53.1333	0.044607
53.2	0.0766662
53.2667	0.0624334
53.3333	0.0802832
53.4	0.0720029
53.4667	0.0524171
53.5333	0.0538709
53.6	0.05739
53.6667	0.0751066
53.7333	0.0747421
53.8	0.0678138
53.8667	0.0624608
53.9333	0.0660543
54	0.064816
54.0667	0.0807221
54.1333	0.0749577
54.2	0.0811924
54.2667	0.10483
54.3333	0.0505282
54.4	0.104775
54.4667	0.085601
54.5333	0.0433374
54.6	0.198504
54.6667	0.0517666
54.7333	0.0635777
54.8	0.065153
54.8667	0.0434941
54.9333	0.0667518
55	0.078896
55.0667	0.0790919
55.1333	0.0754397
55.2	0.0762117
55.2667	0.0655449
55.3333	0.0704355
55.4	0.040316
55.4667	0.0889907
55.5333	0.0349042
55.6	0.0588634
55.6667	0.058644
55.7333	0.0588948
55.8	0.0570804
55.8667	0.0540904
55.9333	0.0798208
56	0.0563633
56.0667	0.0684839
56.1333	0.0864553
56.2	0.0448578
56.2667	0.212184
56.3333	0.080487
56.4	0.0849897
56.4667	0.0988071
56.5333	0.0664775
56.6	0.0767407
56.6667	0.0776538
56.7333	0.0915261
56.8	0.0429455
56.8667	0.0651216
56.9333	0.0655135
57	0.0881678
57.0667	0.0521937
57.1333	0.0720186
57.2	0.077548
57.2667	0.0458885
57.3333	0.0618769
57.4	0.0462882
57.4667	0.0836612
57.5333	0.0819174
57.6	0.0614184
57.6667	0.0709018
57.7333	0.0499522
57.8	0.0815921
57.8667	0.0554776
57.9333	0.209535
58	0.0446815
58.0667	0.0512767
58.1333	0.073398
58.2	0.0771247
58.2667	0.0729748
58.3333	0.083818
58.4	0.0527502
58.4667	0.0666499
58.5333	0.041958
58.6	0.0918592
58.6667	0.0600038
58.7333	0.0793388
58.8	0.052131
58.8667	0.0512532
58.9333	0.0534712
59	0.0621826
59.0667	0.0415308
59.1333	0.0632367
59.2	0.0585342
59.2667	0.0678608
59.3333	0.0839943
59.4	0.0787941
59.4667	0.0534712
59.5333	0.0859733
59.6	0.0560968
59.6667	0.0547409
59.7333	0.0634052
59.8	0.0627939
59.8667	0.0437841
59.9333	0.0481378
60	0.0487413
60.0667	0.06038
60.1333	0.0671476
60.2	0.0407196
60.2667	0.250929
60.3333	0.114455
60.4	0.0695263
60.4667	0.09867
60.5333	0.0833281
60.6	0.0738879
60.6667	0.0526444
60.7333	0.0691188
60.8	0.0596158
60.8667	0.0417738
60.9333	0.0645691
61	0.0519939
61.0667	0.056857
61.1333	0.0479967
61.2	0.0562849
61.2667	0.0371262
61.3333	0.0594199
61.4	0.0496387
61.4667	0.0414524
61.5333	0.0579699
61.6	0.0450538
61.6667	0.0358526
61.7333	0.0503441
61.8	0.0315419
61.8667	0.0308248
61.9333	0.155915
62	0.0464567
62.0667	0.0654586
62.1333	0.102859
62.2	0.0357938
62.2667	0.0540512
62.3333	0.0524876
62.4	0.0723831
62.4667	0.0733471
62.5333	0.0648121
62.6	0.0595061
62.6667	0.0513042
62.7333	0.0664305
62.8	0.0714465
62.8667	0.0636795
62.9333	0.0643065
63	0.0559087
63.0667	0.0554188
63.1333	0.0873566
63.2	0.0786295
63.2667	0.0646436
63.3333	0.0681156
63.4	0.0393089
63.4667	0.0533772
63.5333	0.046778
63.6	0.127437
63.6667	0.0437057
63.7333	0.0825052
63.8	0.0633739
63.8667	0.07205
63.9333	0.0434941
64	0.0583579
64.0667	0.0382116
64.1333	0.0660504
64.2	0.0420011
64.2667	0.0622531
64.3333	0.0425379
64.4	0.0403434
64.4667	0.0398301
64.5333	0.0430591
64.6	0.0351825
64.6667	0.0358486
64.7333	0.0564064
64.8	0.0488197
64.8667	0.05565
64.9333	0.0505674
65	0.0588948
65.0667	0.0607562
65.1333	0.0807221
65.2	0.0509671
65.2667	0.189569
65.3333	0.070604
65.4	0.0454927
65.4667	0.0558185
65.5333	0.0698437
65.6	0.0767446
65.6667	0.0529148
65.7333	0.0500893
65.8	0.0439212
65.8667	0.0507438
65.9333	0.0604897
66	0.0481535
66.0667	0.0314636
66.1333	0.0724262
66.2	0.0689228
66.2667	0.059847
66.3333	0.0699887
66.4	0.034865
66.4667	0.0449636
66.5333	0.0646906
66.6	0.0518332
66.6667	0.0885204
66.7333	0.0494663
66.8	0.05083
66.8667	0.0416366
66.9333	0.201956
67	0.105677
67.0667	0.107338
67.1333	0.0824111
67.2	0.0826658
67.2667	0.0671202
67.3333	0.113651
67.4	0.110062
67.4667	0.0934071
67.5333	0.0881991
67.6	0.0794368
67.6667	0.0708234
67.7333	0.0638128
67.8	0.0851346
67.8667	0.0827599
67.9333	0.0988933
68	0.0601997
68.0667	0.0743464
68.1333	0.0566376
68.2	0.0817528
68.2667	0.0789274
68.3333	0.0693264
68.4	0.0519664
68.4667	0.0655723
68.5333	0.0707646
68.6	0.0700279
68.6667	0.0557284
68.7333	0.0690208
68.8	0.0446893
68.8667	0.0824425
68.9333	0.0455162
69	0.204339
69.0667	0.104023
69.1333	0.112703
69.2	0.103071
69.2667	0.084927
69.3333	0.0734607
69.4	0.0644202
69.4667	0.0894022
69.5333	0.0651177
69.6	0.0881795
69.6667	0.0816352
69.7333	0.0895236
69.8	0.0681978
69.8667	0.0978784
69.9333	0.0937755
70	0.0767407
70.0667	0.0678295
70.1333	0.0785786
70.2	0.0749616
70.2667	0.100998
70.3333	0.0724418
70.4	0.0975061
70.4667	0.0687308
70.5333	0.0797268
70.6	0.0554306
70.6667	0.2195
70.7333	0.1169
70.8	0.100089
70.8667	0.0920708
70.9333	0.095535
71	0.0776694
71.0667	0.0785355
71.1333	0.086032
71.2	0.067324
71.2667	0.0691423
71.3333	0.0607679
71.4	0.0943868
71.4667	0.0893199
71.5333	0.0828579
71.6	0.0817449
71.6667	0.0736488
71.7333	0.0521506
71.8	0.0563045
71.8667	0.0564847
71.9333	0.0474755
72	0.0696517
72.0667	0.0797777
72.1333	0.0723204
72.2	0.0951588
72.2667	0.0610657
72.3333	0.165543
72.4	0.139476
72.4667	0.0779202
72.5333	0.0863926
72.6	0.0624922
72.6667	0.0970437
72.7333	0.101515
72.8	0.0996301
72.8667	0.0709057
72.9333	0.093121
73	0.0645142
73.0667	0.0585891
73.1333	0.072097
73.2	0.0855383
73.2667	0.0863886
73.3333	0.0618965
73.4	0.0744561
73.4667	0.0684761
73.5333	0.08285
73.6	0.0788176
73.6667	0.073978
73.7333	0.0537455
73.8	0.0736018
73.8667	0.0548663
73.9333	0.0624726
74	0.20167
74.0667	0.112123
74.1333	0.0830342
74.2	0.0704472
74.2667	0.100163
74.3333	0.071035
74.4	0.0686759
74.4667	0.0827403
74.5333	0.072869
74.6	0.0691227
74.6667	0.0620102
74.7333	0.0882187
74.8	0.0686759
74.8667	0.115916
74.9333	0.0716503
75	0.061873
75.0667	0.0741465
75.1333	0.0689934
75.2	0.0649022
75.2667	0.0548702
75.3333	0.0614223
75.4	0.05922
75.4667	0.0868902
75.5333	0.0628801
75.6	0.0774069
75.6667	0.213693
75.7333	0.131501
75.8	0.105285
75.8667	0.0995164
75.9333	0.0801461
76	0.0434628
76.0667	0.0584363
76.1333	0.0596511
76.2	0.0673945
76.2667	0.0701886
76.3333	0.0358251
76.4	0.0537024
76.4667	0.0608189
76.5333	0.0624099
76.6	0.0589065
76.6667	0.0763763
76.7333	0.0447834
76.8	0.0632798
76.8667	0.0739662
76.9333	0.0557441
77	0.0617711
77.0667	0.0511121
77.1333	0.0458336
77.2	0.0440819
77.2667	0.0506654
77.3333	0.14508
77.4	0.049623
77.4667	0.082274
77.5333	0.0498542
77.6	0.0672534
77.6667	0.0664971
77.7333	0.0697066
77.8	0.0568061
77.8667	0.054541
77.9333	0.0689424
78	0.0620102
78.0667	0.0811454
78.1333	0.0606425
78.2	0.0661131
78.2667	0.0808436
78.3333	0.0661444
78.4	0.0508574
78.4667	0.0533889
78.5333	0.0537299
78.6	0.0512375
78.6667	0.0879287
78.7333	0.0472757
78.8	0.0547409
78.8667	0.064428
78.9333	0.0479771
79	0.221276
79.0667	0.108933
79.1333	0.104815
79.2	0.0978314
79.2667	0.0998809
79.3333	0.0561712
79.4	0.0771561
79.4667	0.0419776
79.5333	0.0468054
79.6	0.0338854
79.6667	0.0622335
79.7333	0.0544901
79.8	0.0484748
79.8667	0.0602271
79.9333	0.0213924
80	0.0175756
80.0667	0.041476
80.1333	0.0199699
80.2	0.0463979
80.2667	0.074217
80.3333	0.0353118
80.4	0.0259891
80.4667	0.0656899
80.5333	0.0535614
80.6	0.0282384
80.6667	0.249134
80.7333	0.0702356
80.8	0.0543569
80.8667	0.0320475
80.9333	0.0707725
81	0.0713916
81.0667	0.0995282
81.1333	0.0414407
81.2	0.0396028
81.2667	0.0775558
81.3333	0.0912714
81.4	0.0857656
81.4667	0.0947395
81.5333	0.0602075
81.6	0.0756631
81.6667	0.0768779
81.7333	0.0463626
81.8	0.0678491
81.8667	0.0535888
81.9333	0.0495995
82	0.0305192
82.0667	0.0379491
82.1333	0.0349395
82.2	0.0358016
82.2667	0.0445287
82.3333	0.105618
82.4	0.0680176
82.4667	0.0646514
82.5333	0.0438233
82.6	0.0386309
82.6667	0.0324707
82.7333	0.0682057
82.8	0.0415896
82.8667	0.0379217
82.9333	0.0385918
83	0.0302057
83.0667	0.0539376
83.1333	0.0389209
83.2	0.0410841
83.2667	0.0366363
83.3333	0.0541531
83.4	0.0300881
83.4667	0.0432433
83.5333	0.0261694
83.6	0.0343399
83.6667	0.0435607
83.7333	0.0338814
83.8	0.038337
83.8667	0.0396028
83.9333	0.0431963
84	0.185819
84.0667	0.0752085
84.1333	0.0457748
84.2	0.0401083
84.2667	0.067516
84.3333	0.0600194
84.4	0.0484552
84.4667	0.0652157
84.5333	0.0591142
84.6	0.0443915
84.6667	0.0329213
84.7333	0.0360838
84.8	0.0513708
84.8667	0.0491136
84.9333	0.0439526
85	0.0452066
85.0667	0.0537495
85.1333	0.0436587
85.2	0.0288968
85.2667	0.03675
85.3333	0.0378002
85.4	0.0354489
85.4667	0.0349787
85.5333	0.0288302
85.6	0.0312441
85.6667	0.196525
85.7333	0.0359153
85.8	0.0445718
85.8667	0.0487491
85.9333	0.0393011
86	0.0402298
86.0667	0.0601448
86.1333	0.0461745
86.2	0.0389288
86.2667	0.0472404
86.3333	0.0442426
86.4	0.0429494
86.4667	0.0508182
86.5333	0.0342184
86.6	0.0499248
86.6667	0.045767
86.7333	0.0364129
86.8	0.0317614
86.8667	0.0446109
86.9333	0.0322708
87	0.0403238
87.0667	0.0776577
87.1333	0.0450694
87.2	0.0476793
87.2667	0.0471307
87.3333	0.112335
87.4	0.0790292
87.4667	0.0523074
87.5333	0.0591377
87.6	0.0709253
87.6667	0.0788294
87.7333	0.0372163
87.8	0.0666617
87.8667	0.0751771
87.9333	0.0532674
88	0.0554698
88.0667	0.0671672
88.1333	0.073641
88.2	0.0856754
88.2667	0.090664
88.3333	0.0548859
88.4	0.059075
88.4667	0.069781
88.5333	0.060376
88.6	0.0566768
88.6667	0.0490783
88.7333	0.0478204
88.8	0.0451478
88.8667	0.0457591
88.9333	0.0705452
89	0.146388
89.0667	0.136694
89.1333	0.120203
89.2	0.10019
89.2667	0.120345
89.3333	0.0621708
89.4	0.064428
89.4667	0.0693264
89.5333	0.0893591
89.6	0.0585695
89.6667	0.0811885
89.7333	0.083285
89.8	0.071133
89.8667	0.0811297
89.9333	0.0551367
90	0.048514
90.0667	0.0672182
90.1333	0.0612225
90.2	0.0561399
90.2667	0.0596511
90.3333	0.0487374
90.4	0.0510259
90.4667	0.0538043
90.5333	0.0544509
90.6	0.0553992
90.6667	0.230183
90.7333	0.0901702
90.8	0.0774186
90.8667	0.0818076
90.9333	0.0634718
91	0.0635737
91.0667	0.0772815
91.1333	0.0515158
91.2	0.0592122
91.2667	0.062837
91.3333	0.0590358
91.4	0.0654077
91.4667	0.0726104
91.5333	0.0584245
91.6	0.0650237
91.6667	0.0599998
91.7333	0.0606504
91.8	0.0540198
91.8667	0.0703492
91.9333	0.0537455
92	0.0508849
92.0667	0.0536436
92.1333	0.0467741
92.2	0.0568609
92.2667	0.0477185
92.3333	0.184816
92.4	0.0837357
92.4667	0.0557284
92.5333	0.0616496
92.6	0.0509985
92.6667	0.0650746
92.7333	0.0468446
92.8	0.0449754
92.8667	0.0589065
92.9333	0.0520409
93	0.049431
93.0667	0.0685074
93.1333	0.036797
93.2	0.0617476
93.2667	0.0562104
93.3333	0.0417738
93.4	0.0442191
93.4667	0.0581541
93.5333	0.0490587
93.6	0.0428749
93.6667	0.0562418
93.7333	0.042052
93.8	0.0461589
93.8667	0.0516177
93.9333	0.0491959
94	0.173251
94.0667	0.0866042
94.1333	0.0533223
94.2	0.0811493
94.2667	0.0832576
94.3333	0.0371066
94.4	0.0571666
94.4667	0.0479144
94.5333	0.0807065
94.6	0.0733902
94.6667	0.0881286
94.7333	0.0794525
94.8	0.0957505
94.8667	0.0778027
94.9333	0.128985
95	0.143242
95.0667	0.0886537
95.1333	0.169497
95.2	0.174819
95.2667	0.150895
95.3333	0.195992
95.4	0.203622
95.4667	0.134174
95.5333	0.198073
95.6	0.205859
95.6667	0.195067
95.7333	0.199664
95.8	0.227902
95.8667	0.173882
95.9333	0.203402
96	0.190506
96.0667	0.202125
96.1333	0.251089
96.2	0.263206
96.2667	0.238616
96.3333	0.305054
96.4	0.303581
96.4667	0.281612
96.5333	0.307323
96.6	0.329405
96.6667	0.320353
96.7333	0.308456
96.8	0.339151
96.8667	0.312719
96.9333	0.343638
97	0.343309
97.0667	0.340684
97.1333	0.342063
97.2	0.35338
97.2667	0.331643
97.3333	0.37431
97.4	0.36277
97.4667	0.344034
97.5333	0.347577
97.6	0.352115
97.6667	0.360693
97.7333	0.353349
97.8	0.368256
97.8667	0.396443
97.9333	0.352828
98	0.418553
98.0667	0.423373
98.1333	0.410218
98.2	0.47666
98.2667	0.284058
98.3333	0.366978
98.4	0.283682
98.4667	0.366931
98.5333	0.449644
98.6	0.415124
98.6667	0.420485
98.7333	0.432578
98.8	0.417283
98.8667	0.411252
98.9333	0.444777
99	0.188225
99.0667	0.265158
99.1333	0.264057
99.2	0.432923
99.2667	0.430885
99.3333	0.408975
99.4	0.398689
99.4667	0.423428
99.5333	0.409951
99.6	0.392658
99.6667	0.435121
99.7333	0.434635
99.8	0.455851
99.8667	0.434573
99.9333	0.38466
100	0.422519
100.067	0.4217
100.133	0.471487
100.2	0.47646
100.267	0.474701
100.333	0.338046
100.4	0.572818
100.467	0.550877
100.533	0.61536
100.6	0.627759
100.667	0.381638
100.733	0.523838
100.8	0.455844
100.867	0.574844
100.933	0.384609
101	0.617519
101.067	0.51147
101.133	0.568155
101.2	0.550477
101.267	0.62529
101.333	0.629413
101.4	0.556904
101.467	0.641235
101.533	0.548851
101.6	0.553863
101.667	0.484329
101.733	0.4925
101.8	0.490023
101.867	0.543494
101.933	0.434788
102	0.509534
102.067	0.615681
102.133	0.558805
102.2	0.524837
102.267	0.597263
102.333	0.610685
102.4	0.433221
102.467	0.577885
102.533	0.602354
102.6	0.585973
102.667	0.59637
102.733	0.612895
102.8	0.616814
102.867	0.609905
102.933	0.617652
103	0.623233
103.067	0.46296
103.133	0.451482
103.2	0.507218
103.267	0.597475
103.333	0.578755
103.4	0.618491
103.467	0.392866
103.533	0.593121
103.6	0.558981
103.667	0.624436
103.733	0.541601
103.8	0.564118
103.867	0.609302
103.933	0.534407
104	0.423091
104.067	0.384413
104.133	0.612519
104.2	0.421116
104.267	0.564969
104.333	0.582795
104.4	0.443899
104.467	0.578379
104.533	0.424541
104.6	0.37132
104.667	0.620188
104.733	0.453853
104.8	0.444562
104.867	0.63156
104.933	0.430948
105	0.529516
105.067	0.44424
105.133	0.449194
105.2	0.442645
105.267	0.64276
105.333	0.553992
105.4	0.497621
105.467	0.647388
105.533	0.593305
105.6	0.578641
105.667	0.59838
105.733	0.45339
105.8	0.437633
105.867	0.359494
105.933	0.502861
106	0.416911
106.067	0.630349
106.133	0.444754
106.2	0.518594
106.267	0.61065
106.333	0.475449
106.4	0.56734
106.467	0.444577
106.533	0.606707
106.6	0.526479
106.667	0.58798
106.733	0.577344
106.8	0.570126
106.867	0.640553
106.933	0.597396
107	0.528689
107.067	0.661605
107.133	0.612754
107.2	0.484936
107.267	0.666997
107.333	0.565251
107.4	0.472839
107.467	0.640695
107.533	0.510494
107.6	0.576901
107.667	0.638657
107.733	0.445647
107.8	0.549074
107.867	0.587239
107.933	0.394088
108	0.432417
108.067	0.603678
108.133	0.478792
108.2	0.443888
108.267	0.609642
108.333	0.419102
108.4	0.444185
108.467	0.603416
108.533	0.449715
108.6	0.53445
108.667	0.587611
108.733	0.517607
108.8	0.480493
108.867	0.601676
108.933	0.415606
109	0.512591
109.067	0.548604
109.133	0.444801
109.2	0.508833
109.267	0.574472
109.333	0.462647
109.4	0.538208
109.467	0.590276
109.533	0.407557
109.6	0.492629
109.667	0.57921
109.733	0.446623
109.8	0.48458
109.867	0.548353
109.933	0.432449
110	0.443735
110.067	0.562516
110.133	0.542295
110.2	0.517529
110.267	0.569648
110.333	0.500956
110.4	0.523665
110.467	0.553973
110.533	0.508308
110.6	0.49469
110.667	0.566223
110.733	0.49741
110.8	0.523085
110.867	0.564612
110.933	0.485826
111	0.500474
111.067	0.565905
111.133	0.475798
111.2	0.458332
111.267	0.540265
111.333	0.415586
111.4	0.467612
111.467	0.559698
111.533	0.39769
111.6	0.369855
111.667	0.371951
111.733	0.342051
111.8	0.32232
111.867	0.564879
111.933	0.338673
112	0.276577
112.067	0.560819
112.133	0.345578
112.2	0.267419
112.267	0.574002
112.333	0.381858
112.4	0.284465
112.467	0.359019
112.533	0.398877
112.6	0.443915
112.667	0.578065
112.733	0.333845
112.8	0.414873
112.867	0.602785
112.933	0.400969
113	0.42864
113.067	0.591393
113.133	0.422256
113.2	0.455695
113.267	0.61373
113.333	0.527008
113.4	0.535249
113.467	0.623291
113.533	0.543996
113.6	0.521475
113.667	0.510224
113.733	0.469011
113.8	0.518998
113.867	0.597878
113.933	0.467866
114	0.538
114.067	0.563096
114.133	0.477091
114.2	0.443891
114.267	0.581047
114.333	0.513633
114.4	0.461024
114.467	0.558354
114.533	0.468043
114.6	0.454096
114.667	0.547997
114.733	0.465139
114.8	0.471315
114.867	0.543957
114.933	0.478306
115	0.466032
115.067	0.54572
115.133	0.494827
115.2	0.48715
115.267	0.528811
115.333	0.487464
115.4	0.467071
115.467	0.540567
115.533	0.51763
115.6	0.51609
115.667	0.547291
115.733	0.484254
115.8	0.464872
115.867	0.530476
115.933	0.465276
116	0.432684
116.067	0.501199
116.133	0.482291
116.2	0.453257
116.267	0.412334
116.333	0.458924
116.4	0.456416
116.467	0.501473
116.533	0.457274
116.6	0.459978
116.667	0.432127
116.733	0.467157
116.8	0.473255
116.867	0.50038
116.933	0.441227
117	0.35994
117.067	0.278697
117.133	0.453449
117.2	0.457051
117.267	0.518669
117.333	0.467024
117.4	0.393167
117.467	0.480543
117.533	0.395785
117.6	0.367703
117.667	0.491912
117.733	0.343885
117.8	0.382673
117.867	0.497276
117.933	0.450103
118	0.440423
118.067	0.503088
118.133	0.431857
118.2	0.420379
118.267	0.368377
118.333	0.412886
118.4	0.404042
118.467	0.502484
118.533	0.418616
118.6	0.436893
118.667	0.477459
118.733	0.446478
118.8	0.421997
118.867	0.448523
118.933	0.419713
119	0.371845
119.067	0.294348
119.133	0.274567
119.2	0.266455
119.267	0.286162
119.333	0.342478
119.4	0.326564
119.467	0.416974
119.533	0.379173
119.6	0.363142
119.667	0.381529
119.733	0.346005
119.8	0.344461
119.867	0.399621
119.933	0.358608
120	0.35255
120.067	0.368076
120.133	0.360685
120.2	0.374252
120.267	0.343211
120.333	0.366818
120.4	0.362354
120.467	0.354097
120.533	0.367018
120.6	0.328379
120.667	0.40896
120.733	0.343568
120.8	0.341597
120.867	0.38618
120.933	0.35329
121	0.338407
121.067	0.388273
121.133	0.367492
121.2	0.342506
121.267	0.393179
121.333	0.361947
121.4	0.362374
121.467	0.390087
121.533	0.297734
121.6	0.32602
121.667	0.355935
121.733	0.317014
121.8	0.325342
121.867	0.382986
121.933	0.334488
122	0.303644
122.067	0.373389
122.133	0.325232
122.2	0.275969
122.267	0.187331
122.333	0.282337
122.4	0.288666
122.467	0.178087
122.533	0.306214
122.6	0.296931
122.667	0.183021
122.733	0.310705
122.8	0.224191
122.867	0.350061
122.933	0.188488
123	0.251266
123.067	0.333305
123.133	0.171425
123.2	0.234376
123.267	0.313507
123.333	0.207701
123.4	0.214939
123.467	0.276377
123.533	0.220198
123.6	0.211314
123.667	0.263449
123.733	0.210593
123.8	0.202599
123.867	0.247288
123.933	0.195044
124	0.21381
124.067	0.233251
124.133	0.206302
124.2	0.185866
124.267	0.222365
124.333	0.195075
124.4	0.194244
124.467	0.215178
124.533	0.173765
124.6	0.180184
124.667	0.212897
124.733	0.189314
124.8	0.186203
124.867	0.222749
124.933	0.203806
125	0.199915
125.067	0.236484
125.133	0.215323
125.2	0.24625
125.267	0.146921
125.333	0.231966
125.4	0.234407
125.467	0.272835
125.533	0.253119
125.6	0.268379
125.667	0.323241
125.733	0.271628
125.8	0.265636
125.867	0.284305
125.933	0.26292
126	0.298808
126.067	0.340398
126.133	0.306414
126.2	0.299976
126.267	0.372915
126.333	0.339892
126.4	0.349685
126.467	0.400636
126.533	0.364486
126.6	0.324942
126.667	0.417942
126.733	0.36784
126.8	0.389664
126.867	0.28412
126.933	0.330609
127	0.389154
127.067	0.439346
127.133	0.423596
127.2	0.399911
127.267	0.428201
127.333	0.347498
127.4	0.385824
127.467	0.406554
127.533	0.402678
127.6	0.383096
127.667	0.411045
127.733	0.311395
127.8	0.348803
127.867	0.386309
127.933	0.332913
128	0.328794
128.067	0.373264
128.133	0.356656
128.2	0.362781
128.267	0.372755
128.333	0.332274
128.4	0.357859
128.467	0.362041
128.533	0.34296
128.6	0.299455
128.667	0.354544
128.733	0.264041
128.8	0.304843
128.867	0.32091
128.933	0.292683
129	0.290684
129.067	0.281048
129.133	0.249212
129.2	0.261474
129.267	0.285132
129.333	0.227483
129.4	0.236978
129.467	0.273027
129.533	0.195906
129.6	0.20428
129.667	0.255553
129.733	0.231966
129.8	0.223909
129.867	0.226801
129.933	0.21256
130	0.200126
130.067	0.198316
130.133	0.197779
130.2	0.168953
130.267	0.183409
130.333	0.138402
130.4	0.128366
130.467	0.134162
130.533	0.121136
130.6	0.11344
130.667	0.131717
130.733	0.100386
130.8	0.093556
130.867	0.0877406
130.933	0.0760314
131	0.0661993
131.067	0.0582286
131.133	0.0631819
131.2	0.0383801
131.267	0.0492468
131.333	0.0421382
131.4	0.0641028
131.467	0.0640714
131.533	0.0340774
131.6	0.0469308
131.667	0.052566
131.733	0.0408215
131.8	0.0433726
131.867	0.0631936
131.933	0.0479262
132	0.0924823
132.067	0.0514296
132.133	0.080683
132.2	0.0703649
132.267	0.0599528
132.333	0.0860751
132.4	0.0530362
132.467	0.0756082
132.533	0.0923177
132.6	0.0480594
132.667	0.054976
132.733	0.0790332
132.8	0.065635
132.867	0.0896373
132.933	0.0681116
133	0.0506693
133.067	0.0647023
133.133	0.0663404
133.2	0.0527384
133.267	0.0816352
133.333	0.130619
133.4	0.0635502
133.467	0.0615203
133.533	0.0647885
133.6	0.0588085
133.667	0.0788647
133.733	0.0962835
133.8	0.121344
133.867	0.107534
133.933	0.123092
134	0.172871
134.067	0.136893
134.133	0.124726
134.2	0.176022
134.267	0.196921
134.333	0.159947
134.4	0.196686
134.467	0.212043
134.533	0.216636
134.6	0.198112
134.667	0.207658
134.733	0.17947
134.8	0.188111
134.867	0.268163
134.933	0.215374
135	0.24134
135.067	0.321102
135.133	0.276385
135.2	0.239725
135.267	0.321313
135.333	0.272407
135.4	0.292875
135.467	0.350974
135.533	0.29813
135.6	0.301453
135.667	0.371673
135.733	0.311046
135.8	0.296061
135.867	0.301982
135.933	0.293416
136	0.303072
136.067	0.334167
136.133	0.283286
136.2	0.293467
136.267	0.272623
136.333	0.278568
136.4	0.26573
136.467	0.2633
136.533	0.234544
136.6	0.230116
136.667	0.244212
136.733	0.203865
136.8	0.217251
136.867	0.225285
136.933	0.212745
137	0.196517
137.067	0.183091
137.133	0.175473
137.2	0.183475
137.267	0.137661
137.333	0.170128
137.4	0.128147
137.467	0.147325
137.533	0.14042
137.6	0.116959
137.667	0.125411
137.733	0.118946
137.8	0.0737938
137.867	0.0916633
137.933	0.0691266
138	0.0828343
138.067	0.0902878
138.133	0.0793545
138.2	0.0586322
138.267	0.0603016
138.333	0.0536358
138.4	0.0395479
138.467	0.0410566
138.533	0.0474207
138.6	0.0409861
138.667	0.0659015
138.733	0.0290692
138.8	0.0344261
138.867	0.0286186
138.933	0.0296335
139	0.12654
139.067	0.0861535
139.133	0.0633582
139.2	0.0428436
139.267	0.0634797
139.333	0.0585382
139.4	0.0551602
139.467	0.0551798
139.533	0.050152
139.6	0.0421578
139.667	0.0420873
139.733	0.0450263
139.8	0.034097
139.867	0.0428867
139.933	0.0414015
140	0.0745266
140.067	0.0586283
140.133	0.059365
140.2	0.0472287
140.267	0.0605602
140.333	0.0550191
140.4	0.0461393
140.467	0.0852169
140.533	0.0695341
140.6	0.0683076
140.667	0.18393
140.733	0.0950922
140.8	0.0940811
140.867	0.124001
140.933	0.0933954
141	0.119087
141.067	0.164669
141.133	0.120627
141.2	0.124945
141.267	0.148834
141.333	0.0959974
141.4	0.128472
141.467	0.205381
141.533	0.173244
141.6	0.171269
141.667	0.222663
141.733	0.154681
141.8	0.167256
141.867	0.236124
141.933	0.154398
142	0.156738
142.067	0.237582
142.133	0.185368
142.2	0.15423
142.267	0.245838
142.333	0.189565
142.4	0.165026
142.467	0.252767
142.533	0.175187
142.6	0.200428
142.667	0.262313
142.733	0.212611
142.8	0.18036
142.867	0.291264
142.933	0.220551
143	0.210409
143.067	0.269574
143.133	0.214014
143.2	0.220245
143.267	0.288874
143.333	0.248162
143.4	0.218125
143.467	0.288411
143.533	0.24266
143.6	0.275209
143.667	0.284026
143.733	0.251187
143.8	0.266749
143.867	0.203818
143.933	0.24837
144	0.283764
144.067	0.278595
144.133	0.210746
144.2	0.157451
144.267	0.276495
144.333	0.175948
144.4	0.235528
144.467	0.211122
144.533	0.188546
144.6	0.104963
144.667	0.1007
144.733	0.139088
144.8	0.145616
144.867	0.163956
144.933	0.17099
145	0.18092
145.067	0.193523
145.133	0.167977
145.2	0.17969
145.267	0.190568
145.333	0.10657
145.4	0.107714
145.467	0.117213
145.533	0.121959
145.6	0.0977726
145.667	0.125846
145.733	0.0838375
145.8	0.0954253
145.867	0.0942575
145.933	0.0906797
146	0.0890847
146.067	0.0999279
146.133	0.0655997
146.2	0.0647964
146.267	0.110199
146.333	0.0962325
146.4	0.101648
146.467	0.111429
146.533	0.034097
146.6	0.0579503
146.667	0.0605054
146.733	0.0739623
146.8	0.0628096
146.867	0.0628644
146.933	0.0708861
147	0.0681939
147.067	0.0660308
147.133	0.0651216
147.2	0.0536123
147.267	0.0329684
147.333	0.116583
147.4	0.0594238
147.467	0.0747696
147.533	0.057966
147.6	0.0320396
147.667	0.0731433
147.733	0.0621434
147.8	0.0508574
147.867	0.0407196
147.933	0.0508849
148	0.0563711
148.067	0.0642282
148.133	0.0510455
148.2	0.0626646
148.267	0.0376787
148.333	0.0508065
148.4	0.0351942
148.467	0.0518645
148.533	0.059557
148.6	0.0478126
148.667	0.0275958
148.733	0.0286068
148.8	0.0436469
148.867	0.023387
148.933	0.0235281
149	0.0957662
149.067	0.0731551
149.133	0.0569589
149.2	0.0572215
149.267	0.0682605
149.333	0.0799933
149.4	0.0669713
149.467	0.0715288
149.533	0.0562418
149.6	0.0529696
149.667	0.0524014
149.733	0.0782494
149.8	0.0525386
149.867	0.0382979
149.933	0.0463783
150	0.100696
150.067	0.0525229
150.133	0.0417855
150.2	0.0350531
150.267	0.0337364
150.333	0.0283482
150.4	0.0299901
150.467	0.0436038
150.533	0.0313852
150.6	0.0328312
150.667	0.115454
150.733	0.0413427
150.8	0.0787706
150.867	0.0513669
150.933	0.0693382
151	0.0706431
151.067	0.0930309
151.133	0.0803695
151.2	0.0679314
151.267	0.0782142
151.333	0.0678452
151.4	0.0816862
151.467	0.0981841
151.533	0.106002
151.6	0.0699103
151.667	0.0829127
151.733	0.0825835
151.8	0.0930623
151.867	0.0978941
151.933	0.10175
152	0.117178
152.067	0.104046
152.133	0.105253
152.2	0.103039
152.267	0.0997947
152.333	0.155021
152.4	0.12676
152.467	0.10514
152.533	0.111782
152.6	0.0900409
152.667	0.104003
152.733	0.0886772
152.8	0.11574
152.867	0.133629
152.933	0.115869
153	0.126328
153.067	0.129201
153.133	0.113836
153.2	0.127194
153.267	0.132865
153.333	0.134354
153.4	0.131913
153.467	0.136082
153.533	0.138422
153.6	0.136549
153.667	0.161636
153.733	0.132955
153.8	0.150158
153.867	0.154622
153.933	0.129981
154	0.211777
154.067	0.176065
154.133	0.168902
154.2	0.148454
154.267	0.159767
154.333	0.13464
154.4	0.154265
154.467	0.15039
154.533	0.137673
154.6	0.128899
154.667	0.146678
154.733	0.123503
154.8	0.158678
154.867	0.137681
154.933	0.123722
155	0.119698
155.067	0.134722
155.133	0.12181
155.2	0.101633
155.267	0.122414
155.333	0.108004
155.4	0.10945
155.467	0.111868
155.533	0.120325
155.6	0.0842098
155.667	0.184839
155.733	0.116226
155.8	0.0807143
155.867	0.0952176
155.933	0.0819997
156	0.088011
156.067	0.120736
156.133	0.0710938
156.2	0.0699221
156.267	0.0874036
156.333	0.071082
156.4	0.094089
156.467	0.0802088
156.533	0.0733196
156.6	0.0495642
156.667	0.0639421
156.733	0.0697379
156.8	0.0669164
156.867	0.0842608
156.933	0.0703101
157	0.0527071
157.067	0.0694362
157.133	0.0670771
157.2	0.0593924
157.267	0.0447834
157.333	0.131125
157.4	0.0528717
157.467	0.0553953
157.533	0.0522055
157.6	0.043306
157.667	0.0629075
157.733	0.0753535
157.8	0.0417895
157.867	0.0322512
157.933	0.0304447
158	0.0454927
158.067	0.0541257
158.133	0.0526404
158.2	0.0475618
158.267	0.0436548
158.333	0.0590515
158.4	0.0485454
158.467	0.0515824
158.533	0.0584206
158.6	0.0550152
158.667	0.0612656
158.733	0.0538396
158.8	0.0574487
158.867	0.0443523
158.933	0.0493095
159	0.0747696
159.067	0.0575271
159.133	0.0578876
159.2	0.0683428
159.267	0.0767211
159.333	0.0591338
159.4	0.0627038
159.467	0.0595845
159.533	0.0596236
159.6	0.0516412
159.667	0.0625313
159.733	0.0707019
159.8	0.0686877
159.867	0.0627273
159.933	0.0673553
160	0.0750361
160.067	0.0731002
160.133	0.0722929
160.2	0.0894022
160.267	0.101335
160.333	0.0870666
160.4	0.0737625
160.467	0.0750282
160.533	0.0844998
160.6	0.07687
160.667	0.159587
160.733	0.112178
160.8	0.0985132
160.867	0.120497
160.933	0.11431
161	0.126983
161.067	0.12027
161.133	0.103913
161.2	0.096597
161.267	0.112903
161.333	0.0714151
161.4	0.0896686
161.467	0.0960836
161.533	0.0516843
161.6	0.0504224
161.667	0.0583226
161.733	0.0375768
161.8	0.0413506
161.867	0.0175089
161.933	0.0386819
162	0.0581267
162.067	0.0244647
162.133	0.0452223
162.2	0.0858753
162.267	0.0495407
162.333	0.102314
162.4	0.0642282
162.467	0.0602115
162.533	0.0578171
162.6	0.0893238
162.667	0.0759374
162.733	0.0577348
162.8	0.10648
162.867	0.0878072
162.933	0.0901114
163	0.0809102
163.067	0.0802676
163.133	0.0900919
163.2	0.0679196
163.267	0.0925097
163.333	0.0933405
163.4	0.104015
163.467	0.098329
163.533	0.0871528
163.6	0.0971417
163.667	0.0987484
163.733	0.0975688
163.8	0.105348
163.867	0.0953077
163.933	0.0966753
164	0.15613
164.067	0.0776303
164.133	0.0997163
164.2	0.0836377
164.267	0.0892376
164.333	0.0886889
164.4	0.0762783
164.467	0.081259
164.533	0.0642517
164.6	0.0529383
164.667	0.0643692
164.733	0.0724418
164.8	0.0712897
164.867	0.0508104
164.933	0.0425223
165	0.0410175
165.067	0.0407784
165.133	0.039015
165.2	0.063656
165.267	0.0692402
165.333	0.0467153
165.4	0.0558577
165.467	0.0664305
165.533	0.0510063
165.6	0.0578837
165.667	0.160688
165.733	0.0649884
165.8	0.0622139
165.867	0.0610697
165.933	0.0636012
166	0.0893669
166.067	0.0732256
166.133	0.069495
166.2	0.0746834
166.267	0.0709958
166.333	0.0722969
166.4	0.108878
166.467	0.0885792
166.533	0.0761882
166.6	0.0908207
166.667	0.165829
166.733	0.0637266
166.8	0.08401
166.867	0.0735626
166.933	0.0693813
167	0.0531303
167.067	0.0727318
167.133	0.0560419
167.2	0.0540394
167.267	0.0589927
167.333	0.0831988
167.4	0.0614223
167.467	0.0732922
167.533	0.0756239
167.6	0.0769562
167.667	0.081404
167.733	0.0648708
167.8	0.0779908
167.867	0.0828187
167.933	0.0787471
168	0.0722616
168.067	0.0816235
168.133	0.0686994
168.2	0.111857
168.267	0.104481
168.333	0.102181
168.4	0.101441
168.467	0.113365
168.533	0.087576
168.6	0.0788372
168.667	0.0883206
168.733	0.0846801
168.8	0.0856989
168.867	0.0979842
168.933	0.071662
169	0.111586
169.067	0.104301
169.133	0.101742
169.2	0.11092
169.267	0.111676
169.333	0.104607
169.4	0.0999044
169.467	0.112178
169.533	0.102969
169.6	0.110806
169.667	0.134683
169.733	0.0881403
169.8	0.121058
169.867	0.131372
169.933	0.134793
170	0.122018
170.067	0.130815
170.133	0.120674
170.2	0.107334
170.267	0.107064
170.333	0.0901546
170.4	0.0822152
170.467	0.0855618
170.533	0.0742249
170.6	0.0590985
170.667	0.122939
170.733	0.0648552
170.8	0.0604113
170.867	0.0788176
170.933	0.0598117
171	0.0482201
171.067	0.0472483
171.133	0.0424478
171.2	0.0538082
171.267	0.0549094
171.333	0.0368244
171.4	0.031636
171.467	0.0360603
171.533	0.0338854
171.6	0.0417973
171.667	0.0589183
171.733	0.0336933
171.8	0.0739427
171.867	0.0431375
171.933	0.0432864
172	0.0388661
172.067	0.0391286
172.133	0.0416327
172.2	0.0414211
172.267	0.0494271
172.333	0.178334
172.4	0.0689228
172.467	0.0674063
172.533	0.061003
172.6	0.0553169
172.667	0.0604387
172.733	0.0512062
172.8	0.0440271
172.867	0.051504
172.933	0.0644868
173	0.0638441
173.067	0.0774774
173.133	0.0823171
173.2	0.0349748
173.267	0.0625823
173.333	0.0370282
173.4	0.0718971
173.467	0.055509
173.533	0.0478674
173.6	0.046633
173.667	0.0408764
173.733	0.0681391
173.8	0.0401828
173.867	0.047934
173.933	0.0158866
174	0.166319
174.067	0.0548349
174.133	0.0619866
174.2	0.0600351
174.267	0.0587498
174.333	0.0483416
174.4	0.0449676
174.467	0.0398614
174.533	0.0353353
174.6	0.067755
174.667	0.0418717
174.733	0.0560302
174.8	0.0498895
174.867	0.0378433
174.933	0.0235438
175	0.0313852
175.067	0.036891
175.133	0.0389249
175.2	0.0426751
175.267	0.054157
175.333	0.0732765
175.4	0.063707
175.467	0.0503245
175.533	0.0896843
175.6	0.0743777
175.667	0.0805301
175.733	0.0488628
175.8	0.0483181
175.867	0.0735195
175.933	0.0544783
176	0.0658348
176.067	0.0857695
176.133	0.0911813
176.2	0.116708
176.267	0.113589
176.333	0.115634
176.4	0.130721
176.467	0.139299
176.533	0.147211
176.6	0.140138
176.667	0.171613
176.733	0.139891
176.8	0.146933
176.867	0.164497
176.933	0.154402
177	0.151753
177.067	0.176994
177.133	0.168392
177.2	0.170583
177.267	0.198641
177.333	0.170861
177.4	0.168823
177.467	0.202807
177.533	0.198006
177.6	0.181461
177.667	0.23273
177.733	0.194714
177.8	0.212568
177.867	0.248891
177.933	0.200761
178	0.150217
178.067	0.147658
178.133	0.199648
178.2	0.220508
178.267	0.261341
178.333	0.21519
178.4	0.212882
178.467	0.244098
178.533	0.217392
178.6	0.222925
178.667	0.242523
178.733	0.219516
178.8	0.202289
178.867	0.222079
178.933	0.20301
179	0.218783
179.067	0.209704
179.133	0.18346
179.2	0.179247
179.267	0.20361
179.333	0.181316
179.4	0.163999
179.467	0.16311
179.533	0.132015
179.6	0.142736
179.667	0.143222
179.733	0.144335
179.8	0.131305
179.867	0.132528
179.933	0.122355
180	0.113957
180.067	0.114118
180.133	0.104771
180.2	0.118808
180.267	0.120521
180.333	0.118279
180.4	0.108024
180.467	0.103188
180.533	0.0932621
180.6	0.0810239
180.667	0.20526
180.733	0.101934
180.8	0.120795
180.867	0.115321
180.933	0.09211
181	0.115944
181.067	0.117288
181.133	0.102224
181.2	0.107773
181.267	0.10347
181.333	0.11219
181.4	0.127986
181.467	0.150393
181.533	0.122418
181.6	0.147537
181.667	0.117797
181.733	0.093074
181.8	0.0866355
181.867	0.0870352
181.933	0.0947395
182	0.0974473
182.067	0.101899
182.133	0.105571
182.2	0.10889
182.267	0.112585
182.333	0.128437
182.4	0.114176
182.467	0.116057
182.533	0.126407
182.6	0.11931
182.667	0.110665
182.733	0.108533
182.8	0.120693
182.867	0.0968321
182.933	0.127187
183	0.105175
183.067	0.13272
183.133	0.130815
183.2	0.134746
183.267	0.0967302
183.333	0.115619
183.4	0.100951
183.467	0.123675
183.533	0.147588
183.6	0.14506
183.667	0.122907
183.733	0.155182
183.8	0.149484
183.867	0.147035
183.933	0.156844
184	0.179157
184.067	0.121845
184.133	0.137861
184.2	0.131043
184.267	0.136905
184.333	0.150233
184.4	0.133997
184.467	0.117394
184.533	0.106272
184.6	0.106437
184.667	0.10474
184.733	0.114733
184.8	0.107687
184.867	0.132661
184.933	0.152447
185	0.120607
185.067	0.113173
185.133	0.117492
185.2	0.120094
185.267	0.120066
185.333	0.125498
185.4	0.126685
185.467	0.134456
185.533	0.125639
185.6	0.131521
185.667	0.222847
185.733	0.154618
185.8	0.145084
185.867	0.152964
185.933	0.144049
186	0.141392
186.067	0.135769
186.133	0.139394
186.2	0.138919
186.267	0.142223
186.333	0.128793
186.4	0.126779
186.467	0.110093
186.533	0.129362
186.6	0.141862
186.667	0.120901
186.733	0.149312
186.8	0.127434
186.867	0.093266
186.933	0.103169
187	0.123158
187.067	0.0711487
187.133	0.109302
187.2	0.0885204
187.267	0.0788255
187.333	0.191156
187.4	0.11152
187.467	0.107566
187.533	0.112213
187.6	0.0721323
187.667	0.0752046
187.733	0.0602075
187.8	0.061152
187.867	0.0663717
187.933	0.0925998
188	0.0734333
188.067	0.0824464
188.133	0.0968713
188.2	0.0511944
188.267	0.0677864
188.333	0.054396
188.4	0.0489999
188.467	0.0752359
188.533	0.0629311
188.6	0.0742601
188.667	0.0680685
188.733	0.0924117
188.8	0.0456964
188.867	0.0357585
188.933	0.0430709
189	0.164407
189.067	0.0661523
189.133	0.0596197
189.2	0.0430121
189.267	0.0583422
189.333	0.0425575
189.4	0.0580248
189.467	0.0702356
189.533	0.0651099
189.6	0.0844018
189.667	0.089649
189.733	0.109807
189.8	0.0481888
189.867	0.0437096
189.933	0.036797
190	0.0454378
190.067	0.0661719
190.133	0.0477577
190.2	0.041958
190.267	0.0555991
190.333	0.0431924
190.4	0.0447363
190.467	0.0361778
190.533	0.0402533
190.6	0.0364482
190.667	0.113687
190.733	0.0458179
190.8	0.0463822
190.867	0.0834418
190.933	0.0703061
191	0.0533968
191.067	0.0691971
191.133	0.0691344
191.2	0.0679706
191.267	0.0793192
191.333	0.058644
191.4	0.0648356
191.467	0.0681939
191.533	0.0628017
191.6	0.0491293
191.667	0.0745188
191.733	0.0417463
191.8	0.0357193
191.867	0.0415269
191.933	0.0352608
192	0.0353431
192.067	0.0407902
192.133	0.0486708
192.2	0.0493291
192.267	0.0705452
192.333	0.117398
192.4	0.0654626
192.467	0.065925
192.533	0.0632877
192.6	0.0669439
192.667	0.0708312
192.733	0.06819
192.8	0.0575545
192.867	0.0558812
192.933	0.0456651
193	0.0506772
193.067	0.0553052
193.133	0.052131
193.2	0.0421461
193.267	0.0533184
193.333	0.0577936
193.4	0.0480359
193.467	0.0542119
193.533	0.059753
193.6	0.0587302
193.667	0.0585852
193.733	0.0580013
193.8	0.0501403
193.867	0.0658858
193.933	0.0552307
194	0.137834
194.067	0.0840335
194.133	0.0698516
194.2	0.0694205
194.267	0.063511
194.333	0.0569981
194.4	0.0761607
194.467	0.0773716
194.533	0.065392
194.6	0.0801422
194.667	0.0704002
194.733	0.0647807
194.8	0.0468917
194.867	0.0693069
194.933	0.0586165
195	0.055219
195.067	0.0565396
195.133	0.0647846
195.2	0.0631779
195.267	0.0654822
195.333	0.0490548
195.4	0.081839
195.467	0.0628057
195.533	0.0695381
195.6	0.0635737
195.667	0.171809
195.733	0.0820584
195.8	0.0714112
195.867	0.0659289
195.933	0.057872
196	0.0509711
196.067	0.0539807
196.133	0.0646827
196.2	0.0827756
196.267	0.0544431
196.333	0.0705844
196.4	0.0711526
196.467	0.078751
196.533	0.078077
196.6	0.0777243
196.667	0.0881442
196.733	0.0749381
196.8	0.0974708
196.867	0.0882383
196.933	0.0761372
197	0.0890181
197.067	0.102632
197.133	0.106053
197.2	0.0960444
197.267	0.10775
197.333	0.173318
197.4	0.157957
197.467	0.120493
197.533	0.152216
197.6	0.130396
197.667	0.158399
197.733	0.154492
197.8	0.156648
197.867	0.18509
197.933	0.154712
198	0.144958
198.067	0.197344
198.133	0.157855
198.2	0.179866
198.267	0.192489
198.333	0.184839
198.4	0.184565
198.467	0.183377
198.533	0.185047
198.6	0.207752
198.667	0.184153
198.733	0.183193
198.8	0.214481
198.867	0.193233
198.933	0.194569
199	0.298212
199.067	0.225821
199.133	0.223353
199.2	0.193652
199.267	0.204311
199.333	0.201564
199.4	0.210233
199.467	0.229419
199.533	0.206968
199.6	0.223353
199.667	0.23842
199.733	0.227142
199.8	0.222302
199.867	0.240724
199.933	0.242837
200	0.283509
200.067	0.211639
200.133	0.278959
200.2	0.249444
200.267	0.221824
200.333	0.240497
200.4	0.246352
200.467	0.273003
200.533	0.253574
200.6	0.253335
200.667	0.302558
200.733	0.274324
200.8	0.286056
200.867	0.278858
200.933	0.283164
201	0.291809
201.067	0.270225
201.133	0.299835
201.2	0.295395
201.267	0.228408
201.333	0.302464
201.4	0.287557
201.467	0.192344
201.533	0.276839
201.6	0.178099
201.667	0.150746
201.733	0.256137
201.8	0.279751
201.867	0.265189
201.933	0.251085
202	0.13819
202.067	0.137505
202.133	0.17226
202.2	0.198147
202.267	0.155159
202.333	0.238354
202.4	0.261921
202.467	0.193123
202.533	0.193264
202.6	0.188609
202.667	0.160229
202.733	0.149339
202.8	0.219673
202.867	0.163078
202.933	0.208759
203	0.184338
203.067	0.16195
203.133	0.195855
203.2	0.141141
203.267	0.138618
203.333	0.177017
203.4	0.214829
203.467	0.207584
203.533	0.184424
203.6	0.163956
203.667	0.14923
203.733	0.150754
203.8	0.128049
203.867	0.171657
203.933	0.184483
204	0.263892
204.067	0.17826
204.133	0.177288
204.2	0.171104
204.267	0.167099
204.333	0.152608
204.4	0.131372
204.467	0.189792
204.533	0.161918
204.6	0.158689
204.667	0.193429
204.733	0.16148
204.8	0.167244
204.867	0.146698
204.933	0.167691
205	0.157
205.067	0.164673
205.133	0.115477
205.2	0.0828265
205.267	0.119886
205.333	0.0971221
205.4	0.0967772
205.467	0.125686
205.533	0.104517
205.6	0.103678
205.667	0.206847
205.733	0.142658
205.8	0.117848
205.867	0.141674
205.933	0.127794
206	0.138665
206.067	0.144892
206.133	0.145052
206.2	0.125678
206.267	0.137305
206.333	0.125678
206.4	0.143293
206.467	0.147121
206.533	0.143724
206.6	0.143128
206.667	0.148614
206.733	0.150781
206.8	0.148834
206.867	0.14758
206.933	0.168471
207	0.144645
207.067	0.147317
207.133	0.161139
207.2	0.157439
207.267	0.116649
207.333	0.262971
207.4	0.174705
207.467	0.167126
207.533	0.144931
207.6	0.143473
207.667	0.139025
207.733	0.157953
207.8	0.133613
207.867	0.139378
207.933	0.140307
208	0.123656
208.067	0.129271
208.133	0.122649
208.2	0.15173
208.267	0.112868
208.333	0.117237
208.4	0.139609
208.467	0.159383
208.533	0.115329
208.6	0.13319
208.667	0.150495
208.733	0.11431
208.8	0.121211
208.867	0.0973494
208.933	0.0778811
209	0.190929
209.067	0.125118
209.133	0.088011
209.2	0.116857
209.267	0.0361347
209.333	0.0468799
209.4	0.0514374
209.467	0.0820349
209.533	0.0936853
209.6	0.0896451
209.667	0.0751536
209.733	0.0871802
209.8	0.0923334
209.867	0.117178
209.933	0.0816862
210	0.0832184
210.067	0.0829676
210.133	0.0749263
210.2	0.09568
210.267	0.0842686
210.333	0.0922158
210.4	0.101288
210.467	0.105155
210.533	0.102068
210.6	0.0775793
210.667	0.286241
210.733	0.135855
210.8	0.0980155
210.867	0.117664
210.933	0.103631
211	0.111465
211.067	0.0833203
211.133	0.0714974
211.2	0.127998
211.267	0.0951
211.333	0.116261
211.4	0.106186
211.467	0.0822661
211.533	0.0842804
211.6	0.0866786
211.667	0.0384624
211.733	0.102553
211.8	0.093701
211.867	0.0931328
211.933	0.0997751
212	0.10351
212.067	0.0772854
212.133	0.0925254
212.2	0.104724
212.267	0.097655
212.333	0.132124
212.4	0.102099
212.467	0.0751144
212.533	0.0981449
212.6	0.0800246
212.667	0.063801
212.733	0.0644476
212.8	0.043545
212.867	0.0817489
212.933	0.0779947
213	0.100437
213.067	0.0980547
213.133	0.0985328
213.2	0.107401
213.267	0.0540551
213.333	0.126795
213.4	0.089649
213.467	0.0546037
213.533	0.0644672
213.6	0.0430435
213.667	0.05922
213.733	0.0522486
213.8	0.0628997
213.867	0.0209535
213.933	0.0442426
214	0.186058
214.067	0.100426
214.133	0.0825052
214.2	0.0575467
214.267	0.0658035
214.333	0.0645613
214.4	0.0687817
214.467	0.100653
214.533	0.0704903
214.6	0.0742366
214.667	0.038627
214.733	0.071858
214.8	0.0599332
214.867	0.0377688
214.933	0.0443131
215	0.0503989
215.067	0.0367382
215.133	0.0319181
215.2	0.0451243
215.267	0.0420363
215.333	0.0486864
215.4	0.0550309
215.467	0.0408254
215.533	0.0450224
215.6	0.0549682
215.667	0.23411
215.733	0.0918122
215.8	0.0742288
215.867	0.0650825
215.933	0.0334935
216	0.0435764
216.067	0.073304
216.133	0.0620415
216.2	0.0727005
216.267	0.0830773
216.333	0.0507203
216.4	0.0383997
216.467	0.0456455
216.533	0.0280778
216.6	0.028356
216.667	0.053287
216.733	0.0415191
216.8	0.0341401
216.867	0.0368871
216.933	0.0240572
217	0.0230931
217.067	0.0318084
217.133	0.0259813
217.2	0.0345006
217.267	0.0417346
217.333	0.127543
217.4	0.0680764
217.467	0.053675
217.533	0.0290379
217.6	0.0422871
217.667	0.0517783
217.733	0.0243158
217.8	0.0330507
217.867	0.0436704
217.933	0.022619
218	0.0292612
218.067	0.0521898
218.133	0.0350061
218.2	0.0427927
218.267	0.0302762
218.333	0.0373182
218.4	0.0283991
218.467	0.0372633
218.533	0.0286969
218.6	0.0319887
218.667	0.0440271
218.733	0.0318633
218.8	0.0320004
218.867	0.0348846
218.933	0.0330389
219	0.178048
219.067	0.0940615
219.133	0.0406178
219.2	0.0361073
219.267	0.0490234
219.333	0.042871
219.4	0.0333171
219.467	0.0593415
219.533	0.0301351
219.6	0.0340891
219.667	0.0310168
219.733	0.0309659
219.8	0.0319142
219.867	0.0418639
219.933	0.0298726
220	0.0275566
220.067	0.0615791
220.133	0.0484435
220.2	0.0382665
220.267	0.0440349
220.333	0.0353784
220.4	0.0426947
220.467	0.0478478
220.533	0.0396302
220.6	0.0389327
220.667	0.152655
220.733	0.0681116
220.8	0.0639539
220.867	0.0710272
220.933	0.0439644
221	0.0441564
221.067	0.0575663
221.133	0.0374671
221.2	0.0606621
221.267	0.0591416
221.333	0.0367813
221.4	0.0430591
221.467	0.0491998
221.533	0.0560654
221.6	0.0488745
221.667	0.0494467
221.733	0.0392971
221.8	0.0541492
221.867	0.0584363
221.933	0.0612029
222	0.0451674
222.067	0.0655018
222.133	0.0543294
222.2	0.0610501
222.267	0.0635541
222.333	0.161291
222.4	0.0918788
222.467	0.0696713
222.533	0.0564534
222.6	0.068241
222.667	0.0878151
222.733	0.0539297
222.8	0.0649923
222.867	0.0550466
222.933	0.064142
223	0.0690521
223.067	0.0688053
223.133	0.056132
223.2	0.0544039
223.267	0.0586792
223.333	0.0520957
223.4	0.0585538
223.467	0.0526679
223.533	0.0552386
223.6	0.0653254
223.667	0.0640479
223.733	0.0547174
223.8	0.0585342
223.867	0.0687857
223.933	0.0508653
224	0.132951
224.067	0.0831047
224.133	0.051649
224.2	0.0572215
224.267	0.0686563
224.333	0.0506732
224.4	0.0502539
224.467	0.0655997
224.533	0.0597686
224.6	0.0457513
224.667	0.0535418
224.733	0.0324002
224.8	0.0370987
224.867	0.0384115
224.933	0.0329253
225	0.0299274
225.067	0.046633
225.133	0.0257305
225.2	0.0424321
225.267	0.045285
225.333	0.0272548
225.4	0.0263575
225.467	0.0275879
225.533	0.0360759
225.6	0.0255228
225.667	0.182539
225.733	0.0756395
225.8	0.0540473
225.867	0.0288419
225.933	0.0272352
226	0.0297197
226.067	0.0467702
226.133	0.0303859
226.2	0.0364913
226.267	0.0477734
226.333	0.031734
226.4	0.0657055
226.467	0.0373221
226.533	0.031973
226.6	0.0256403
226.667	0.0462098
226.733	0.0410292
226.8	0.052276
226.867	0.0482867
226.933	0.0455083
227	0.055799
227.067	0.0386858
227.133	0.0461157
227.2	0.0360759
227.267	0.0451909
227.333	0.232699
227.4	0.0795583
227.467	0.101962
227.533	0.0744639
227.6	0.0387838
227.667	0.0751419
227.733	0.074558
227.8	0.0592435
227.867	0.0754475
227.933	0.0608306
228	0.0652823
228.067	0.0747617
228.133	0.0589026
228.2	0.0672417
228.267	0.0425771
228.333	0.0623824
228.4	0.0681077
228.467	0.041954
228.533	0.0422754
228.6	0.0426202
228.667	0.0472874
228.733	0.0908129
228.8	0.0379726
228.867	0.0675552
228.933	0.0594042
229	0.23967
229.067	0.0907463
229.133	0.0757649
229.2	0.0837396
229.267	0.0528246
229.333	0.0501403
229.4	0.0699299
229.467	0.0721871
229.533	0.056712
229.6	0.0591064
229.667	0.0399006
229.733	0.0497288
229.8	0.0416484
229.867	0.0289438
229.933	0.0288459
230	0.0556814
230.067	0.0542824
230.133	0.0488197
230.2	0.0506027
230.267	0.0644711
230.333	0.0552895
230.4	0.044705
230.467	0.0656507
230.533	0.0586165
230.6	0.0547644
230.667	0.2336
230.733	0.0816862
230.8	0.0377257
230.867	0.0900056
230.933	0.0615242
231	0.0569707
231.067	0.0728533
231.133	0.0542667
231.2	0.0593493
231.267	0.0549407
231.333	0.0734646
231.4	0.052566
231.467	0.0468995
231.533	0.05594
231.6	0.0498464
231.667	0.0544313
231.733	0.0262987
231.8	0.0578014
231.867	0.0741974
231.933	0.0585656
232	0.0301155
232.067	0.0440192
232.133	0.0386153
232.2	0.0254875
232.267	0.0354568
232.333	0.209923
232.4	0.0922315
232.467	0.0937559
232.533	0.0765134
232.6	0.0938186
232.667	0.0457395
232.733	0.0728024
232.8	0.0601958
232.867	0.0825365
232.933	0.0634914
233	0.0691658
233.067	0.0932856
233.133	0.0965774
233.2	0.0299392
233.267	0.0504146
233.333	0.118769
233.4	0.031346
233.467	0.0536045
233.533	0.0294337
233.6	0.0265456
233.667	0.0520997
233.733	0.0327685
233.8	0.0439839
233.867	0.0435842
233.933	0.0292181
234	0.175101
234.067	0.0845508
234.133	0.0514609
234.2	0.0308954
234.267	0.0975179
234.333	0.086467
234.4	0.105775
234.467	0.0656115
234.533	0.0516725
234.6	0.0943359
234.667	0.0794368
234.733	0.0860046
234.8	0.0928898
234.867	0.0398066
234.933	0.106527
235	0.0655057
235.067	0.0529735
235.133	0.103274
235.2	0.0592161
235.267	0.0324472
235.333	0.0756435
235.4	0.0744835
235.467	0.0514335
235.533	0.0665285
235.6	0.0290183
235.667	0.238714
235.733	0.119573
235.8	0.102937
235.867	0.0397047
235.933	0.0782651
236	0.114047
236.067	0.0618299
236.133	0.0377336
236.2	0.0459903
236.267	0.0511082
236.333	0.0628684
236.4	0.0774931
236.467	0.0594826
236.533	0.0463274
236.6	0.0793427
236.667	0.064816
236.733	0.0293631
236.8	0.0533654
236.867	0.0454025
236.933	0.0488785
237	0.0432041
237.067	0.0545097
237.133	0.0423733
237.2	0.0623589
237.267	0.0700828
237.333	0.235744
237.4	0.0668302
237.467	0.0566101
237.533	0.0787471
237.6	0.0688993
237.667	0.0574213
237.733	0.0852052
237.8	0.0538435
237.867	0.0700357
237.933	0.121763
238	0.106711
238.067	0.110387
238.133	0.091726
238.2	0.0577897
238.267	0.0666813
238.333	0.0542628
238.4	0.0762078
238.467	0.0837317
238.533	0.0832732
238.6	0.0705922
238.667	0.056904
238.733	0.0576564
238.8	0.0638833
238.867	0.0419619
238.933	0.0380118
239	0.0428789
239.067	0.0313382
239.133	0.0550701
239.2	0.0704511
239.267	0.0506576
239.333	0.0567865
239.4	0.0545254
239.467	0.0563319
239.533	0.0511788
239.6	0.168706
239.667	0.0784493
239.733	0.0435333
239.8	0.0755102
239.867	0.0452967
239.933	0.0409822
240	0.0424478
240.067	0.0353627
240.133	0.040073
240.2	0.056136
240.267	0.0584245
240.333	0.0819487
240.4	0.0801226
240.467	0.0432511
240.533	0.062645
240.6	0.0269296
240.667	0.0452301
240.733	0.0483847
240.8	0.0499875
240.867	0.0630486
240.933	0.0548271
241	0.0550897
241.067	0.0546508
241.133	0.0280895
241.2	0.0446972
241.267	0.164642
241.333	0.0774931
241.4	0.10139
241.467	0.0475578
241.533	0.053769
241.6	0.0781828
241.667	0.0697536
241.733	0.0570647
241.8	0.068625
241.867	0.0654508
241.933	0.0647885
242	0.0973259
242.067	0.0705334
242.133	0.0858008
242.2	0.0773951
242.267	0.078606
242.333	0.0710507
242.4	0.0425419
242.467	0.0717326
242.533	0.086949
242.6	0.0506105
242.667	0.0642203
242.733	0.0691619
242.8	0.0637736
242.867	0.0514452
242.933	0.20314
243	0.0742954
243.067	0.0791194
243.133	0.0699534
243.2	0.0835436
243.267	0.0908874
243.333	0.0692677
243.4	0.0752908
243.467	0.0627861
243.533	0.0502187
243.6	0.0775049
243.667	0.0788098
243.733	0.0501285
243.8	0.0805536
243.867	0.0654155
243.933	0.0921414
244	0.0800912
244.067	0.053287
244.133	0.0626607
244.2	0.0647298
244.267	0.0415661
244.333	0.0452615
244.4	0.0552817
244.467	0.0535143
244.533	0.056375
244.6	0.176806
244.667	0.0789783
244.733	0.0655135
244.8	0.0360681
244.867	0.0657917
244.933	0.0758551
245	0.0616418
245.067	0.0545959
245.133	0.0729905
245.2	0.0499208
245.267	0.0403513
245.333	0.0579307
245.4	0.0526796
245.467	0.0371301
245.533	0.0407745
245.6	0.0546743
245.667	0.0388778
245.733	0.0415504
245.8	0.0550466
245.867	0.0337051
245.933	0.03077
246	0.0488158
246.067	0.0333877
246.133	0.036942
246.2	0.0227287
246.267	0.184463
246.333	0.0618456
246.4	0.0459002
246.467	0.0816509
246.533	0.0768387
246.6	0.0864984
246.667	0.0882265
246.733	0.106817
246.8	0.098572
246.867	0.0819134
246.933	0.0946023
247	0.0811532
247.067	0.0880815
247.133	0.0845312
247.2	0.0779477
247.267	0.0899547
247.333	0.0951509
247.4	0.0835397
247.467	0.0998378
247.533	0.104137
247.6	0.0654508
247.667	0.076243
247.733	0.0982468
247.8	0.0821446
247.867	0.0746089
247.933	0.221091
248	0.101468
248.067	0.0948492
248.133	0.111813
248.2	0.109368
248.267	0.103278
248.333	0.104528
248.4	0.105387
248.467	0.127579
248.533	0.104728
248.6	0.0775636
248.667	0.10505
248.733	0.0888104
248.8	0.0935168
248.867	0.0783396
248.933	0.0721636
249	0.0849818
249.067	0.0752947
249.133	0.0811924
249.2	0.0922158
249.267	0.0985838
249.333	0.114098
249.4	0.116496
249.467	0.0981214
249.533	0.081212
249.6	0.262415
249.667	0.10351
249.733	0.125745
249.8	0.122186
249.867	0.106108
249.933	0.120576
250	0.0743699
250.067	0.0978157
250.133	0.11007
250.2	0.124216
250.267	0.097608
250.333	0.0896138
250.4	0.0570138
250.467	0.094234
250.533	0.0935991
250.6	0.0572842
250.667	0.0502422
250.733	0.0432198
250.8	0.0644829
250.867	0.0539571
250.933	0.031252
251	0.0416209
251.067	0.0469818
251.133	0.0460648
251.2	0.0403513
251.267	0.166343
251.333	0.0637618
251.4	0.0520801
251.467	0.0636404
251.533	0.0516686
251.6	0.0658544
251.667	0.0549682
251.733	0.0550857
251.8	0.0710546
251.867	0.0692873
251.933	0.0472522
252	0.0463391
252.067	0.0698398
252.133	0.0540865
252.2	0.0563006
252.267	0.0492037
252.333	0.0447011
252.4	0.043545
252.467	0.039015
252.533	0.036601
252.6	0.0498817
252.667	0.0376787
252.733	0.04697
252.8	0.0529108
252.867	0.0467427
252.933	0.237119
253	0.126258
253.067	0.0865963
253.133	0.0708469
253.2	0.0728102
253.267	0.0740211
253.333	0.0913694
253.4	0.0917495
253.467	0.0827912
253.533	0.0856167
253.6	0.0682566
253.667	0.0758512
253.733	0.0879052
253.8	0.0863808
253.867	0.0939165
253.933	0.0895667
254	0.0571548
254.067	0.0873762
254.133	0.0876897
254.2	0.0444816
254.267	0.0719794
254.333	0.106076
254.4	0.0296492
254.467	0.0869608
254.533	0.0580718
254.6	0.244102
254.667	0.0700161
254.733	0.0684643
254.8	0.0587458
254.867	0.0726966
254.933	0.0565514
255	0.0671084
255.067	0.0672182
255.133	0.0718697
255.2	0.0590515
255.267	0.0607562
255.333	0.0482593
255.4	0.0807221
255.467	0.0652235
255.533	0.0473972
255.6	0.0678726
255.667	0.0632015
255.733	0.0442543
255.8	0.0842921
255.867	0.0529579
255.933	0.0641929
256	0.0852091
256.067	0.0398105
256.133	0.0410135
256.2	0.0481809
256.267	0.259648
256.333	0.114596
256.4	0.120223
256.467	0.0831204
256.533	0.0528991
256.6	0.0878895
256.667	0.0562731
256.733	0.03588
256.8	0.0986151
256.867	0.0308013
256.933	0.0339872
257	0.0706353
257.067	0.0376278
257.133	0.065251
257.2	0.078559
257.267	0.0423577
257.333	0.0608894
257.4	0.0520291
257.467	0.0526169
257.533	0.0473227
257.6	0.0671437
257.667	0.0551093
257.733	0.0472012
257.8	0.0388896
257.867	0.0278622
257.933	0.158301
258	0.0909109
258.067	0.0653254
258.133	0.118977
258.2	0.132849
258.267	0.0860556
258.333	0.0614498
258.4	0.0643418
258.467	0.0512806
258.533	0.0529971
258.6	0.0567747
258.667	0.0592161
258.733	0.0661013
258.8	0.0864553
258.867	0.0557833
258.933	0.0501756
259	0.0592474
259.067	0.0452967
259.133	0.0468054
259.2	0.0521349
259.267	0.0319338
259.333	0.0335993
259.4	0.0397086
259.467	0.035978
259.533	0.0401397
259.6	0.187367
259.667	0.0519116
259.733	0.0430866
259.8	0.0638637
259.867	0.0655135
259.933	0.0759648
260	0.0544509
260.067	0.0673671
260.133	0.0561007
260.2	0.059412
260.267	0.0769797
260.333	0.0689267
260.4	0.069201
260.467	0.0648865
260.533	0.0545332
260.6	0.102412
260.667	0.0530715
260.733	0.0647885
260.8	0.0693617
260.867	0.0647454
260.933	0.0723164
261	0.076921
261.067	0.069201
261.133	0.0625353
261.2	0.0553091
261.267	0.225955
261.333	0.0709214
261.4	0.0935051
261.467	0.0838963
261.533	0.0491449
261.6	0.0521545
261.667	0.0389131
261.733	0.0544666
261.8	0.0559322
261.867	0.0496779
261.933	0.043063
262	0.037714
262.067	0.0462764
262.133	0.0369302
262.2	0.0449519
262.267	0.0491724
262.333	0.0346613
262.4	0.0358996
262.467	0.0353549
262.533	0.0333877
262.6	0.0291672
262.667	0.0517117
262.733	0.0346025
262.8	0.0275723
262.867	0.0270628
262.933	0.167859
263	0.088399
263.067	0.0687465
263.133	0.0710037
263.2	0.0918239
263.267	0.0737389
263.333	0.0876779
263.4	0.100684
263.467	0.0725163
263.533	0.0794329
263.6	0.104701
263.667	0.0483298
263.733	0.0489764
263.8	0.0326431
263.867	0.0631623
263.933	0.0438938
264	0.0602663
264.067	0.0346182
264.133	0.0557911
264.2	0.0536515
264.267	0.0347906
264.333	0.0436273
264.4	0.0351825
264.467	0.0267885
264.533	0.0254757
264.6	0.243311
264.667	0.107424
264.733	0.0744757
264.8	0.0834888
264.867	0.106504
264.933	0.0482906
265	0.0747226
265.067	0.0331447
265.133	0.0419893
265.2	0.0659093
265.267	0.0346378
265.333	0.0505361
265.4	0.0587067
265.467	0.0267768
265.533	0.030045
265.6	0.0310913
265.667	0.0446776
265.733	0.0535888
265.8	0.0409822
265.867	0.0359231
265.933	0.0181947
266	0.033952
266.067	0.0195545
266.133	0.0453124
266.2	0.0370635
266.267	0.19493
266.333	0.112131
266.4	0.0862397
266.467	0.0964481
266.533	0.103212
266.6	0.0567747
266.667	0.165061
266.733	0.0281209
266.8	0.036409
266.867	0.0456573
266.933	0.0399829
267	0.0632328
267.067	0.0459394
267.133	0.0937167
267.2	0.114827
267.267	0.0971534
267.333	0.0682919
267.4	0.0346769
267.467	0.0443797
267.533	0.0483847
267.6	0.0177872
267.667	0.0246685
267.733	0.0322748
267.8	0.0331917
267.867	0.0314597
267.933	0.180728
268	0.0684604
268.067	0.0440662
268.133	0.0578602
268.2	0.0657251
268.267	0.0458924
268.333	0.0375494
268.4	0.0876505
268.467	0.0261968
268.533	0.0543255
268.6	0.0484396
268.667	0.0471307
268.733	0.0532283
268.8	0.0707098
268.867	0.053577
268.933	0.0755886
269	0.0958093
269.067	0.0732374
269.133	0.0380157
269.2	0.0494545
269.267	0.0734529
269.333	0.0365305
269.4	0.0394382
269.467	0.0313225
269.533	0.0552699
269.6	0.186818
269.667	0.0813805
269.733	0.0916633
269.8	0.048177
269.867	0.0765213
269.933	0.0565749
270	0.0394382
270.067	0.0889476
270.133	0.0659171
270.2	0.10081
270.267	0.0541296
270.333	0.0795191
270.4	0.0620298
270.467	0.0869686
270.533	0.0924549
270.6	0.064428
270.667	0.0810983
270.733	0.0758747
270.8	0.0708391
270.867	0.0559048
270.933	0.0431689
271	0.040269
271.067	0.0366833
271.133	0.0290731
271.2	0.0271373
271.267	0.131638
271.333	0.0868001
271.4	0.070843
271.467	0.0766114
271.533	0.0413976
271.6	0.0566572
271.667	0.116579
271.733	0.0794094
271.8	0.064526
271.867	0.0839825
271.933	0.0380784
272	0.062598
272.067	0.0639225
272.133	0.0765173
272.2	0.0628605
272.267	0.0334269
272.333	0.0599802
272.4	0.0596354
272.467	0.0678373
272.533	0.0671045
272.6	0.0357781
272.667	0.0424243
272.733	0.0489843
272.8	0.0604583
272.867	0.0446893
272.933	0.186113
273	0.13919
273.067	0.159614
273.133	0.0701259
273.2	0.0974003
273.267	0.110728
273.333	0.0957231
273.4	0.114553
273.467	0.135788
273.533	0.100394
273.6	0.107428
273.667	0.0941987
273.733	0.0942065
273.8	0.0933993
273.867	0.0719285
273.933	0.0699339
274	0.0955115
274.067	0.103549
274.133	0.0632485
274.2	0.108757
274.267	0.0711839
274.333	0.0324824
274.4	0.0654234
274.467	0.0560184
274.533	0.0404963
274.6	0.179561
274.667	0.0621356
274.733	0.101378
274.8	0.0508104
274.867	0.0706392
274.933	0.0847545
275	0.0725085
275.067	0.06337
275.133	0.0877053
275.2	0.0420207
275.267	0.0574879
275.333	0.0546468
275.4	0.0815529
275.467	0.111053
275.533	0.0908051
275.6	0.0758825
275.667	0.0925371
275.733	0.0524171
275.8	0.168075
275.867	0.151275
275.933	0.0534595
276	0.160606
276.067	0.170983
276.133	0.166574
276.2	0.152478
276.267	0.289309
276.333	0.182574
276.4	0.192998
276.467	0.112821
276.533	0.123264
276.6	0.112401
276.667	0.177672
276.733	0.139695
276.8	0.166257
276.867	0.181896
276.933	0.131803
277	0.240889
277.067	0.193762
277.133	0.145613
277.2	0.194499
277.267	0.212482
277.333	0.0799658
277.4	0.219947
277.467	0.246324
277.533	0.101013
277.6	0.206522
277.667	0.246849
277.733	0.143442
277.8	0.263179
277.867	0.171175
277.933	0.205076
278	0.146486
278.067	0.18192
278.133	0.166754
278.2	0.177805
278.267	0.144029
278.333	0.149606
278.4	0.155743
278.467	0.184498
278.533	0.187696
278.6	0.189992
278.667	0.203104
278.733	0.155609
278.8	0.211424
278.867	0.213814
278.933	0.188911
279	0.21191
279.067	0.187692
279.133	0.188292
279.2	0.225151
279.267	0.22887
279.333	0.154308
279.4	0.222224
279.467	0.220461
279.533	0.172044
279.6	0.238502
279.667	0.210221
279.733	0.19714
279.8	0.242472
279.867	0.245121
279.933	0.248315
280	0.261686
280.067	0.272063
280.133	0.149978
280.2	0.277796
280.267	0.259832
280.333	0.271424
280.4	0.357279
280.467	0.44946
280.533	0.281091
280.6	0.37779
280.667	0.492147
280.733	0.471389
280.8	0.507857
280.867	0.380835
280.933	0.461416
281	0.494
281.067	0.419023
281.133	0.467847
281.2	0.515177
281.267	0.519315
281.333	0.483051
281.4	0.576972
281.467	0.548592
281.533	0.380165
281.6	0.538576
281.667	0.473031
281.733	0.527345
281.8	0.462498
281.867	0.53764
281.933	0.51649
282	0.534555
282.067	0.506783
282.133	0.498664
282.2	0.46818
282.267	0.49317
282.333	0.456882
282.4	0.501223
282.467	0.544987
282.533	0.540437
282.6	0.510733
282.667	0.538894
282.733	0.53753
282.8	0.515538
282.867	0.462427
282.933	0.522286
283	0.514229
283.067	0.526436
283.133	0.551386
283.2	0.540731
283.267	0.561681
283.333	0.553922
283.4	0.578822
283.467	0.578422
283.533	0.559749
283.6	0.566783
283.667	0.5764
283.733	0.592181
283.8	0.594841
283.867	0.585797
283.933	0.533987
284	0.624937
284.067	0.625016
284.133	0.633292
284.2	0.543917
284.267	0.528811
284.333	0.5652
284.4	0.516086
284.467	0.335597
284.533	0.629667
284.6	0.496167
284.667	0.536476
284.733	0.613804
284.8	0.536918
284.867	0.526287
284.933	0.397501
285	0.480469
285.067	0.557147
285.133	0.408356
285.2	0.547154
285.267	0.587074
285.333	0.615677
285.4	0.426089
285.467	0.452818
285.533	0.439957
285.6	0.488859
285.667	0.57544
285.733	0.584233
285.8	0.577999
285.867	0.545967
285.933	0.635894
286	0.590198
286.067	0.579629
286.133	0.642913
286.2	0.607166
286.267	0.569718
286.333	0.620697
286.4	0.596969
286.467	0.51591
286.533	0.484121
286.6	0.624663
286.667	0.588756
286.733	0.465358
286.8	0.480089
286.867	0.644899
286.933	0.620133
287	0.668122
287.067	0.683413
287.133	0.694397
287.2	0.666398
287.267	0.670563
287.333	0.715433
287.4	0.659003
287.467	0.669819
287.533	0.72697
287.6	0.679259
287.667	0.70937
287.733	0.718983
287.8	0.678683
287.867	0.714759
287.933	0.663995
288	0.663039
288.067	0.688115
288.133	0.703916
288.2	0.668412
288.267	0.678804
288.333	0.671802
288.4	0.68607
288.467	0.659716
288.533	0.6904
288.6	0.670888
288.667	0.661244
288.733	0.684628
288.8	0.680337
288.867	0.612691
288.933	0.590374
289	0.430454
289.067	0.43828
289.133	0.416942
289.2	0.62529
289.267	0.640691
289.333	0.688464
289.4	0.64535
289.467	0.658529
289.533	0.683832
289.6	0.635612
289.667	0.647035
289.733	0.658031
289.8	0.630815
289.867	0.635075
289.933	0.664301
290	0.613522
290.067	0.65338
290.133	0.668647
290.2	0.64149
290.267	0.645832
290.333	0.651252
290.4	0.630694
290.467	0.623327
290.533	0.575867
290.6	0.608036
290.667	0.606715
290.733	0.636333
290.8	0.619381
290.867	0.608561
290.933	0.615348
291	0.580867
291.067	0.597055
291.133	0.581028
291.2	0.543036
291.267	0.480489
291.333	0.551363
291.4	0.528912
291.467	0.558973
291.533	0.590123
291.6	0.567316
291.667	0.573104
291.733	0.601405
291.8	0.568268
291.867	0.568801
291.933	0.591961
292	0.565721
292.067	0.568566
292.133	0.596593
292.2	0.572258
292.267	0.512908
292.333	0.611966
292.4	0.544611
292.467	0.503695
292.533	0.570588
292.6	0.524621
292.667	0.51649
292.733	0.593325
292.8	0.492523
292.867	0.526573
292.933	0.551919
293	0.497708
293.067	0.507935
293.133	0.413709
293.2	0.409963
293.267	0.49103
293.333	0.571168
293.4	0.53425
293.467	0.508872
293.533	0.563962
293.6	0.51707
293.667	0.500118
293.733	0.569338
293.8	0.509742
293.867	0.4917
293.933	0.555427
294	0.482652
294.067	0.485673
294.133	0.550027
294.2	0.479458
294.267	0.426974
294.333	0.478666
294.4	0.473815
294.467	0.491594
294.533	0.55429
294.6	0.484474
294.667	0.490697
294.733	0.531221
294.8	0.471432
294.867	0.41833
294.933	0.532757
295	0.445451
295.067	0.454315
295.133	0.538678
295.2	0.48652
295.267	0.483126
295.333	0.544239
295.4	0.486488
295.467	0.527031
295.533	0.539677
295.6	0.497888
295.667	0.352612
295.733	0.416774
295.8	0.332486
295.867	0.286781
295.933	0.580009
296	0.421547
296.067	0.456024
296.133	0.58254
296.2	0.520029
296.267	0.520722
296.333	0.596338
296.4	0.505655
296.467	0.52305
296.533	0.610124
296.6	0.499154
296.667	0.505984
296.733	0.635667
296.8	0.4128
296.867	0.547123
296.933	0.64535
297	0.524947
297.067	0.363714
297.133	0.640604
297.2	0.346468
297.267	0.492535
297.333	0.627696
297.4	0.331345
297.467	0.54458
297.533	0.606292
297.6	0.531949
297.667	0.526259
297.733	0.641173
297.8	0.582591
297.867	0.546163
297.933	0.632183
298	0.418976
298.067	0.526475
298.133	0.576772
298.2	0.510306
298.267	0.544188
298.333	0.595167
298.4	0.533047
298.467	0.509338
298.533	0.568182
298.6	0.522059
298.667	0.499565
298.733	0.413733
298.8	0.511102
298.867	0.493887
298.933	0.559494
299	0.491543
299.067	0.469344
299.133	0.536985
299.2	0.477303
299.267	0.472338
299.333	0.561924
299.4	0.465323
299.467	0.451145
299.533	0.580761
299.6	0.34963
299.667	0.433283
299.733	0.55351
299.8	0.4485
299.867	0.37277
299.933	0.559847
300	0.384131
300.067	0.405002
300.133	0.565259
300.2	0.463908
300.267	0.476977
300.333	0.542965
300.4	0.471789
300.467	0.414709
300.533	0.476006
300.6	0.458767
300.667	0.420508
300.733	0.548349
300.8	0.427464
300.867	0.461326
300.933	0.56431
301	0.493381
301.067	0.428687
301.133	0.555031
301.2	0.459284
301.267	0.416887
301.333	0.50085
301.4	0.413294
301.467	0.448132
301.533	0.500196
301.6	0.455605
301.667	0.336851
301.733	0.554608
301.8	0.427652
301.867	0.376709
301.933	0.558601
302	0.459802
302.067	0.437484
302.133	0.508598
302.2	0.451799
302.267	0.391878
302.333	0.553738
302.4	0.456024
302.467	0.32937
302.533	0.536574
302.6	0.299792
302.667	0.327869
302.733	0.294764
302.8	0.394942
302.867	0.414364
302.933	0.297542
303	0.362241
303.067	0.377328
303.133	0.318174
303.2	0.415806
303.267	0.430517
303.333	0.507054
303.4	0.3825
303.467	0.383065
303.533	0.390256
303.6	0.451788
303.667	0.42429
303.733	0.544607
303.8	0.461169
303.867	0.461745
303.933	0.557037
304	0.482663
304.067	0.488334
304.133	0.579582
304.2	0.51397
304.267	0.490399
304.333	0.579985
304.4	0.508374
304.467	0.524147
304.533	0.605203
304.6	0.507003
304.667	0.499244
304.733	0.597067
304.8	0.493311
304.867	0.489031
304.933	0.597851
305	0.516388
305.067	0.513547
305.133	0.596711
305.2	0.508649
305.267	0.522627
305.333	0.566454
305.4	0.524523
305.467	0.526687
305.533	0.569679
305.6	0.499373
305.667	0.514766
305.733	0.548271
305.8	0.440666
305.867	0.462082
305.933	0.525562
306	0.426245
306.067	0.441975
306.133	0.53985
306.2	0.433276
306.267	0.431489
306.333	0.432582
306.4	0.42081
306.467	0.437931
306.533	0.498652
306.6	0.419921
306.667	0.437445
306.733	0.511388
306.8	0.464994
306.867	0.440851
306.933	0.502665
307	0.431387
307.067	0.411797
307.133	0.482722
307.2	0.355692
307.267	0.377579
307.333	0.408548
307.4	0.363205
307.467	0.357801
307.533	0.490023
307.6	0.397063
307.667	0.366653
307.733	0.282784
307.8	0.402886
307.867	0.381783
307.933	0.469015
308	0.335997
308.067	0.400805
308.133	0.440964
308.2	0.395569
308.267	0.388982
308.333	0.417522
308.4	0.402568
308.467	0.374969
308.533	0.425031
308.6	0.346378
308.667	0.353811
308.733	0.423679
308.8	0.401064
308.867	0.390452
308.933	0.417565
309	0.388077
309.067	0.403383
309.133	0.416115
309.2	0.387054
309.267	0.379432
309.333	0.4238
309.4	0.395538
309.467	0.378738
309.533	0.431355
309.6	0.400025
309.667	0.389507
309.733	0.430097
309.8	0.365356
309.867	0.395205
309.933	0.446807
310	0.396792
310.067	0.335397
310.133	0.435243
310.2	0.392027
310.267	0.397772
310.333	0.436207
310.4	0.393218
310.467	0.376509
310.533	0.438162
310.6	0.377022
310.667	0.383747
310.733	0.424247
310.8	0.371579
310.867	0.344567
310.933	0.409724
311	0.317861
311.067	0.322211
311.133	0.404344
311.2	0.273317
311.267	0.301504
311.333	0.388351
311.4	0.365669
311.467	0.34858
311.533	0.382026
311.6	0.265385
311.667	0.294936
311.733	0.395315
311.8	0.359349
311.867	0.289524
311.933	0.384601
312	0.334633
312.067	0.320749
312.133	0.378327
312.2	0.348341
312.267	0.340166
312.333	0.374326
312.4	0.302115
312.467	0.290967
312.533	0.353737
312.6	0.329515
312.667	0.283011
312.733	0.359149
312.8	0.339665
312.867	0.345304
312.933	0.388747
313	0.320729
313.067	0.31888
313.133	0.348917
313.2	0.310897
313.267	0.289125
313.333	0.380228
313.4	0.346671
313.467	0.348294
313.533	0.388343
313.6	0.358635
313.667	0.332066
313.733	0.395209
313.8	0.347914
313.867	0.358643
313.933	0.392858
314	0.351049
314.067	0.317324
314.133	0.295077
314.2	0.323582
314.267	0.352883
314.333	0.369408
314.4	0.356554
314.467	0.262814
314.533	0.345339
314.6	0.354399
314.667	0.237668
314.733	0.332313
314.8	0.355728
314.867	0.370011
314.933	0.356966
315	0.36737
315.067	0.393645
315.133	0.348803
315.2	0.380478
315.267	0.342467
315.333	0.348588
315.4	0.350453
315.467	0.318413
315.533	0.400158
315.6	0.341334
315.667	0.330867
315.733	0.388104
315.8	0.377038
315.867	0.365372
315.933	0.426943
316	0.316771
316.067	0.343595
316.133	0.41688
316.2	0.34927
316.267	0.314847
316.333	0.401044
316.4	0.350665
316.467	0.34579
316.533	0.414442
316.6	0.350081
316.667	0.358134
316.733	0.395099
316.8	0.359106
316.867	0.346342
316.933	0.371575
317	0.293737
317.067	0.296441
317.133	0.263198
317.2	0.284101
317.267	0.311371
317.333	0.336012
317.4	0.296421
317.467	0.278497
317.533	0.314071
317.6	0.265024
317.667	0.243467
317.733	0.256944
317.8	0.23282
317.867	0.247986
317.933	0.251113
318	0.218297
318.067	0.204692
318.133	0.217286
318.2	0.20138
318.267	0.183628
318.333	0.211212
318.4	0.181273
318.467	0.163411
318.533	0.173091
318.6	0.150817
318.667	0.142215
318.733	0.145091
318.8	0.113338
318.867	0.111304
318.933	0.0796602
319	0.0948375
319.067	0.0780261
319.133	0.0792369
319.2	0.0637187
319.267	0.0589614
319.333	0.0513629
319.4	0.037953
319.467	0.0297354
319.533	0.0730257
319.6	0.0874702
319.667	0.0387916
319.733	0.0340108
319.8	0.0299588
319.867	0.0353823
319.933	0.0268669
320	0.0118307
320.067	0.035637
320.133	0.0595374
320.2	0.0779947
320.267	0.0683977
320.333	0.0678569
320.4	0.067708
320.467	0.0570647
320.533	0.0426594
320.6	0.0763527
320.667	0.121422
320.733	0.130569
320.8	0.0868667
320.867	0.0889358
320.933	0.09327
321	0.115858
321.067	0.0994381
321.133	0.0737233
321.2	0.0299823
321.267	0.165751
321.333	0.0687151
321.4	0.0494702
321.467	0.0617907
321.533	0.0636482
321.6	0.0535888
321.667	0.0587537
321.733	0.047938
321.8	0.0482867
321.867	0.0828539
321.933	0.038341
322	0.0406883
322.067	0.0467937
322.133	0.0375651
322.2	0.137822
322.267	0.0638912
322.333	0.0476636
322.4	0.049333
322.467	0.0280621
322.533	0.0268904
322.6	0.0324942
322.667	0.0855853
322.733	0.0437567
322.8	0.0470366
322.867	0.0237084
322.933	0.057629
323	0.0533419
323.067	0.0403787
323.133	0.0537808
323.2	0.0591652
323.267	0.0391639
323.333	0.0288341
323.4	0.0413427
323.467	0.0557402
323.533	0.0407353
323.6	0.0501011
323.667	0.0443445
323.733	0.0362484
323.8	0.0354646
323.867	0.144527
323.933	0.0578994
324	0.0494741
324.067	0.0592749
324.133	0.0395009
324.2	0.0372907
324.267	0.0493213
324.333	0.0342498
324.4	0.03646
324.467	0.0359976
324.533	0.0412996
324.6	0.0394735
324.667	0.0479419
324.733	0.071807
324.8	0.0461667
324.867	0.0440741
324.933	0.0497092
325	0.0427339
325.067	0.0412722
325.133	0.0551171
325.2	0.0487883
325.267	0.0260596
325.333	0.0485493
325.4	0.0371262
325.467	0.0256991
325.533	0.134197
325.6	0.0883402
325.667	0.0536476
325.733	0.0649375
325.8	0.0493644
325.867	0.0378903
325.933	0.0409548
326	0.0297589
326.067	0.0340813
326.133	0.0434197
326.2	0.0329801
326.267	0.0614968
326.333	0.025656
326.4	0.0162353
326.467	0.0544744
326.533	0.0383135
326.6	0.0218274
326.667	0.0340421
326.733	0.0702278
326.8	0.0514335
326.867	0.0396224
326.933	0.038964
327	0.0345202
327.067	0.0278505
327.133	0.0189863
327.2	0.125216
327.267	0.0373064
327.333	0.0605445
327.4	0.0392932
327.467	0.0297785
327.533	0.0308013
327.6	0.0227169
327.667	0.00469073
327.733	0.0250878
327.8	0.0351785
327.867	0.0322238
327.933	0.0664227
328	0.0668812
328.067	0.0554698
328.133	0.0606856
328.2	0.063029
328.267	0.0536946
328.333	0.0603369
328.4	0.0699064
328.467	0.0625274
328.533	0.0768543
328.6	0.0888261
328.667	0.0789587
328.733	0.0774539
328.8	0.104094
328.867	0.0990423
328.933	0.0674572
329	0.0759766
329.067	0.101527
329.133	0.102695
329.2	0.101821
329.267	0.109294
329.333	0.116042
329.4	0.0993636
329.467	0.0999906
329.533	0.102209
329.6	0.119522
329.667	0.114635
329.733	0.125063
329.8	0.112362
329.867	0.108647
329.933	0.11391
330	0.116199
330.067	0.11612
330.133	0.12172
330.2	0.126599
330.267	0.128746
330.333	0.104666
330.4	0.112828
330.467	0.141858
330.533	0.191144
330.6	0.150589
330.667	0.14988
330.733	0.160531
330.8	0.128127
330.867	0.161342
330.933	0.14796
331	0.123679
331.067	0.13127
331.133	0.134891
331.2	0.107573
331.267	0.141333
331.333	0.113201
331.4	0.0900017
331.467	0.0978314
331.533	0.0940851
331.6	0.0975962
331.667	0.0990462
331.733	0.101299
331.8	0.0900213
331.867	0.110536
331.933	0.103431
332	0.112715
332.067	0.10407
332.133	0.113667
332.2	0.151436
332.267	0.109474
332.333	0.119929
332.4	0.137321
332.467	0.119239
332.533	0.133598
332.6	0.1329
332.667	0.11661
332.733	0.135886
332.8	0.118036
332.867	0.130412
332.933	0.135702
333	0.129793
333.067	0.150311
333.133	0.144202
333.2	0.141772
333.267	0.149994
333.333	0.138038
333.4	0.140193
333.467	0.151851
333.533	0.14294
333.6	0.13196
333.667	0.138641
333.733	0.141341
333.8	0.137658
333.867	0.169333
333.933	0.126395
334	0.127414
334.067	0.148273
334.133	0.143998
334.2	0.133707
334.267	0.128061
334.333	0.0894923
334.4	0.0952685
334.467	0.0927997
334.533	0.0772815
334.6	0.102773
334.667	0.0872782
334.733	0.0682488
334.8	0.0693421
334.867	0.0828148
334.933	0.0513512
335	0.070122
335.067	0.0558773
335.133	0.0631819
335.2	0.0663639
335.267	0.0565396
335.333	0.0592906
335.4	0.0618181
335.467	0.0394069
335.533	0.112194
335.6	0.0650041
335.667	0.0463548
335.733	0.0523701
335.8	0.0495407
335.867	0.0667714
335.933	0.0593101
336	0.0463509
336.067	0.0582756
336.133	0.0469779
336.2	0.0362013
336.267	0.0354764
336.333	0.049239
336.4	0.0724889
336.467	0.0686132
336.533	0.0733118
336.6	0.0640126
336.667	0.0934149
336.733	0.0857068
336.8	0.102342
336.867	0.117198
336.933	0.0974317
337	0.0936697
337.067	0.103639
337.133	0.08729
337.2	0.136995
337.267	0.11755
337.333	0.0994459
337.4	0.105097
337.467	0.127927
337.533	0.108428
337.6	0.114145
337.667	0.154175
337.733	0.111911
337.8	0.15501
337.867	0.199656
337.933	0.163063
338	0.176849
338.067	0.201216
338.133	0.141392
338.2	0.121301
338.267	0.205197
338.333	0.171872
338.4	0.170885
338.467	0.241673
338.533	0.19598
338.6	0.190227
338.667	0.258331
338.733	0.172334
338.8	0.170359
338.867	0.284736
338.933	0.185353
339	0.194323
339.067	0.244314
339.133	0.183362
339.2	0.253311
339.267	0.243123
339.333	0.209892
339.4	0.185192
339.467	0.229587
339.533	0.210338
339.6	0.189197
339.667	0.23862
339.733	0.211788
339.8	0.210217
339.867	0.201917
339.933	0.183397
340	0.173267
340.067	0.194409
340.133	0.149625
340.2	0.138904
340.267	0.158901
340.333	0.138555
340.4	0.130717
340.467	0.137701
340.533	0.160249
340.6	0.124875
340.667	0.117237
340.733	0.104219
340.8	0.0865532
340.867	0.0843235
340.933	0.093701
341	0.0764586
341.067	0.0900213
341.133	0.0855422
341.2	0.0560302
341.267	0.065733
341.333	0.0528756
341.4	0.044513
341.467	0.0411311
341.533	0.052566
341.6	0.014711
341.667	0.0226033
341.733	0.0783552
341.8	0.0543882
341.867	0.0415465
341.933	0.0392188
342	0.0485493
342.067	0.0485532
342.133	0.0389209
342.2	0.142086
342.267	0.0609364
342.333	0.0999436
342.4	0.0740877
342.467	0.0704786
342.533	0.0635894
342.6	0.0669203
342.667	0.0927096
342.733	0.0669282
342.8	0.0677198
342.867	0.0642752
342.933	0.0586361
343	0.0835515
343.067	0.0709449
343.133	0.0464253
343.2	0.0280425
343.267	0.0618299
343.333	0.0597451
343.4	0.0439369
343.467	0.0510847
343.533	0.0658623
343.6	0.0388857
343.667	0.0525738
343.733	0.0720343
343.8	0.0279759
343.867	0.146718
343.933	0.109207
344	0.0486551
344.067	0.078367
344.133	0.0702709
344.2	0.053773
344.267	0.0377336
344.333	0.0388857
344.4	0.0677276
344.467	0.0710664
344.533	0.052515
344.6	0.0719089
344.667	0.0790724
344.733	0.0727044
344.8	0.0507399
344.867	0.0746599
344.933	0.0548036
345	0.0559439
345.067	0.0489921
345.133	0.0501716
345.2	0.070169
345.267	0.0588281
345.333	0.0513277
345.4	0.05652
345.467	0.0326705
345.533	0.134718
345.6	0.0918788
345.667	0.0784571
345.733	0.0677198
345.8	0.077015
345.867	0.0833242
345.933	0.0909814
346	0.0707529
346.067	0.0612734
346.133	0.0672965
346.2	0.0307112
346.267	0.15432
346.333	0.0784963
346.4	0.0927057
346.467	0.0854011
346.533	0.0855148
346.6	0.0564377
346.667	0.0682527
346.733	0.0714465
346.8	0.0845899
346.867	0.064334
346.933	0.0387603
347	0.0533419
347.067	0.0729944
347.133	0.0654155
347.2	0.0415896
347.267	0.0574135
347.333	0.0667283
347.4	0.0608698
347.467	0.0624216
347.533	0.0643065
347.6	0.0553091
347.667	0.0434157
347.733	0.049431
347.8	0.0395087
347.867	0.040704
347.933	0.167095
348	0.0620533
348.067	0.0529696
348.133	0.0604544
348.2	0.0802676
348.267	0.0598431
348.333	0.0339716
348.4	0.0813609
348.467	0.0649296
348.533	0.0450263
348.6	0.0320435
348.667	0.0906248
348.733	0.0975453
348.8	0.0750165
348.867	0.0738526
348.933	0.0514217
349	0.0751379
349.067	0.0376905
349.133	0.0558264
349.2	0.0720656
349.267	0.0709919
349.333	0.0500619
349.4	0.0584755
349.467	0.078461
349.533	0.0379256
349.6	0.169486
349.667	0.0704237
349.733	0.0727044
349.8	0.0488393
349.867	0.0686485
349.933	0.0511944
350	0.152024
350.067	0.0544862
350.133	0.0462647
350.2	0.0585421
350.267	0.0665598
350.333	0.0615634
350.4	0.0202285
350.467	0.0298686
350.533	0.0390973
350.6	0.0410606
350.667	0.0428162
350.733	0.0527306
350.8	0.0777713
350.867	0.0665794
350.933	0.0619984
351	0.0765017
351.067	0.0779516
351.133	0.0883559
351.2	0.0727828
351.267	0.112448
351.333	0.0725085
351.4	0.0759922
351.467	0.092784
351.533	0.0857381
351.6	0.0651412
351.667	0.0987013
351.733	0.0826658
351.8	0.0870274
351.867	0.0812825
351.933	0.0770699
352	0.0769406
352.067	0.08642
352.133	0.0722185
352.2	0.0888966
352.267	0.0730767
352.333	0.092882
352.4	0.0877876
352.467	0.0800364
352.533	0.090856
352.6	0.0928663
352.667	0.104109
352.733	0.109646
352.8	0.108479
352.867	0.127677
352.933	0.207838
353	0.143285
353.067	0.145946
353.133	0.146847
353.2	0.149112
353.267	0.14979
353.333	0.157283
353.4	0.147407
353.467	0.145021
353.533	0.153411
353.6	0.151557
353.667	0.152745
353.733	0.161558
353.8	0.160414
353.867	0.159179
353.933	0.167032
354	0.156146
354.067	0.162232
354.133	0.127763
354.2	0.165191
354.267	0.150209
354.333	0.135157
354.4	0.115807
354.467	0.114733
354.533	0.133668
354.6	0.16048
354.667	0.117539
354.733	0.162902
354.8	0.113526
354.867	0.113655
354.933	0.137575
355	0.1007
355.067	0.0792565
355.133	0.0923059
355.2	0.0940655
355.267	0.093846
355.333	0.102079
355.4	0.0973454
355.467	0.100347
355.533	0.106766
355.6	0.103976
355.667	0.101276
355.733	0.112303
355.8	0.112962
355.867	0.113777
355.933	0.117413
356	0.110826
356.067	0.100653
356.133	0.116187
356.2	0.108036
356.267	0.164912
356.333	0.127755
356.4	0.109764
356.467	0.122351
356.533	0.131897
356.6	0.134479
356.667	0.123425
356.733	0.151087
356.8	0.13656
356.867	0.114545
356.933	0.141831
357	0.103874
357.067	0.114866
357.133	0.129095
357.2	0.123997
357.267	0.145903
357.333	0.136411
357.4	0.148011
357.467	0.151013
357.533	0.14071
357.6	0.154967
357.667	0.146561
357.733	0.137948
357.8	0.155617
357.867	0.165347
357.933	0.243389
358	0.141847
358.067	0.163952
358.133	0.158149
358.2	0.167126
358.267	0.169846
358.333	0.167126
358.4	0.15903
358.467	0.148399
358.533	0.165727
358.6	0.125862
358.667	0.158047
358.733	0.164007
358.8	0.154124
358.867	0.164744
358.933	0.166978
359	0.170324
359.067	0.144025
359.133	0.185423
359.2	0.184016
359.267	0.152647
359.333	0.186512
359.4	0.135455
359.467	0.184557
359.533	0.207764
359.6	0.144574
359.667	0.134064
359.733	0.141862
359.8	0.137779
359.867	0.100128
359.933	0.16659
360	0.149171
360.067	0.0891592
360.133	0.138543
360.2	0.0638951
360.267	0.0877289
360.333	0.13647
360.4	0.0891905
360.467	0.0952999
360.533	0.12453
360.6	0.104333
360.667	0.0906444
360.733	0.123668
360.8	0.086949
360.867	0.0829911
360.933	0.135969
361	0.0830851
361.067	0.135001
361.133	0.159955
361.2	0.128382
361.267	0.180399
361.333	0.142509
361.4	0.144676
361.467	0.138261
361.533	0.151992
361.6	0.146428
361.667	0.141623
361.733	0.144507
361.8	0.131305
361.867	0.134119
361.933	0.13609
362	0.161107
362.067	0.160939
362.133	0.155848
362.2	0.174067
362.267	0.163439
362.333	0.190862
362.4	0.162455
362.467	0.174431
362.533	0.183033
362.6	0.187429
362.667	0.1788
362.733	0.196153
362.8	0.205887
362.867	0.211295
362.933	0.229191
363	0.245877
363.067	0.237574
363.133	0.237934
363.2	0.207137
363.267	0.214908
363.333	0.262873
363.4	0.237727
363.467	0.253021
363.533	0.232663
363.6	0.232221
363.667	0.223243
363.733	0.242421
363.8	0.207897
363.867	0.189205
363.933	0.182923
364	0.201227
364.067	0.20591
364.133	0.238526
364.2	0.195337
364.267	0.226135
364.333	0.195631
364.4	0.191713
364.467	0.189655
364.533	0.191826
364.6	0.312096
364.667	0.247774
364.733	0.181293
364.8	0.225633
364.867	0.206412
364.933	0.202164
365	0.177566
365.067	0.0376865
365.133	0.139684
365.2	0.10168
365.267	0.0400574
365.333	0.137595
365.4	0.117084
365.467	0.111104
365.533	0.132254
365.6	0.13022
365.667	0.124769
365.733	0.120184
365.8	0.122249
365.867	0.128002
365.933	0.140224
366	0.0668537
366.067	0.0839355
366.133	0.142478
366.2	0.0569315
366.267	0.133653
366.333	0.181128
366.4	0.104846
366.467	0.0667753
366.533	0.116218
366.6	0.16938
366.667	0.1962
366.733	0.165006
366.8	0.166347
366.867	0.109803
366.933	0.0869686
367	0.0736292
367.067	0.147012
367.133	0.145777
367.2	0.110128
367.267	0.136208
367.333	0.138292
367.4	0.117025
367.467	0.132015
367.533	0.138817
367.6	0.129812
367.667	0.130478
367.733	0.148285
367.8	0.130808
367.867	0.143802
367.933	0.266894
368	0.14785
368.067	0.150864
368.133	0.166104
368.2	0.139625
368.267	0.14622
368.333	0.12107
368.4	0.171374
368.467	0.161346
368.533	0.150323
368.6	0.148422
368.667	0.154359
368.733	0.156612
368.8	0.16061
368.867	0.156083
368.933	0.0679862
369	0.173228
369.067	0.153599
369.133	0.0722929
369.2	0.16128
369.267	0.139484
369.333	0.105155
369.4	0.116438
369.467	0.0995909
369.533	0.1109
369.6	0.182504
369.667	0.136807
369.733	0.141133
369.8	0.158748
369.867	0.112672
369.933	0.101092
370	0.102028
370.067	0.110548
370.133	0.124655
370.2	0.110407
370.267	0.119898
370.333	0.109666
370.4	0.0978627
370.467	0.103361
370.533	0.106225
370.6	0.106139
370.667	0.112174
370.733	0.126999
370.8	0.130047
370.867	0.140534
370.933	0.148689
371	0.124369
371.067	0.13839
371.133	0.160461
371.2	0.133445
371.267	0.286962
371.333	0.212012
371.4	0.195757
371.467	0.169203
371.533	0.186654
371.6	0.165151
371.667	0.176908
371.733	0.176806
371.8	0.201345
371.867	0.168898
371.933	0.166985
372	0.181763
372.067	0.187473
372.133	0.167761
372.2	0.170838
372.267	0.168302
372.333	0.183899
372.4	0.178953
372.467	0.152212
372.533	0.191242
372.6	0.168145
372.667	0.222545
372.733	0.186567
372.8	0.18016
372.867	0.1626
372.933	0.216499
373	0.236516
373.067	0.23407
373.133	0.209504
373.2	0.206463
373.267	0.169098
373.333	0.171657
373.4	0.138625
373.467	0.128288
373.533	0.142348
373.6	0.0975962
373.667	0.0525425
373.733	0.0791938
373.8	0.0343125
373.867	0.0396968
373.933	0.0812002
374	0.0749694
374.067	0.0621591
374.133	0.0869255
374.2	0.0751732
374.267	0.0858439
374.333	0.106037
374.4	0.0868902
374.467	0.0895824
374.533	0.0917338
374.6	0.177495
374.667	0.138563
374.733	0.126536
374.8	0.11911
374.867	0.148665
374.933	0.12047
375	0.122868
375.067	0.125357
375.133	0.11168
375.2	0.097753
375.267	0.077787
375.333	0.09896
375.4	0.0596393
375.467	0.0670379
375.533	0.0589339
375.6	0.0853933
375.667	0.0798365
375.733	0.0820467
375.8	0.0641851
375.867	0.0688758
375.933	0.0943515
376	0.0710664
376.067	0.0756121
376.133	0.0634052
376.2	0.0517117
376.267	0.193574
376.333	0.150762
376.4	0.0933993
376.467	0.0938617
376.533	0.112734
376.6	0.0812159
376.667	0.0691579
376.733	0.143159
376.8	0.114592
376.867	0.0966479
376.933	0.0975649
377	0.0849897
377.067	0.0869255
377.133	0.0932464
377.2	0.0993636
377.267	0.0945357
377.333	0.103874
377.4	0.0889829
377.467	0.0998221
377.533	0.113847
377.6	0.0666186
377.667	0.0771091
377.733	0.106092
377.8	0.0653881
377.867	0.0715484
377.933	0.14823
378	0.0927174
378.067	0.0513433
378.133	0.086177
378.2	0.0575545
378.267	0.0531185
378.333	0.0791468
378.4	0.0734764
378.467	0.0656507
378.533	0.0699221
378.6	0.0652862
378.667	0.0718148
378.733	0.0778889
378.8	0.0663913
378.867	0.0540943
378.933	0.0658113
379	0.0580522
379.067	0.0821446
379.133	0.0630173
379.2	0.0649375
379.267	0.0539571
379.333	0.0425771
379.4	0.0617006
379.467	0.0522447
379.533	0.0289869
379.6	0.116128
379.667	0.0606386
379.733	0.0785472
379.8	0.0874859
379.867	0.0915575
379.933	0.0561125
380	0.104513
380.067	0.0788333
380.133	0.0650785
380.2	0.0541492
380.267	0.0650158
380.333	0.0401357
380.4	0.0583814
380.467	0.053291
380.533	0.0653215
380.6	0.0658584
380.667	0.0733432
380.733	0.0751615
380.8	0.0378864
380.867	0.0572175
380.933	0.0802088
381	0.0817097
381.067	0.0679431
381.133	0.0584519
381.2	0.0385604
381.267	0.208218
381.333	0.0835711
381.4	0.0659211
381.467	0.132583
381.533	0.099199
381.6	0.0947356
381.667	0.0861026
381.733	0.0354842
381.8	0.0525699
381.867	0.0506654
381.933	0.069397
382	0.0493957
382.067	0.0731198
382.133	0.0604583
382.2	0.0728886
382.267	0.0606268
382.333	0.090276
382.4	0.070698
