time_sec	Dynamic_density
0.0666667	0.087
0.133333	0.0896608
0.2	0.0997516
0.266667	0.0890965
0.333333	0.0906248
0.4	0.0847349
0.466667	0.117127
0.533333	0.115164
0.6	0.134985
0.666667	0.133386
0.733333	0.0939714
0.8	0.135784
0.866667	0.0955859
0.933333	0.0644868
1	0.107667
1.06667	0.074703
1.13333	0.0803773
1.2	0.0915692
1.26667	0.126517
1.33333	0.10813
1.4	0.0922119
1.46667	0.0762587
1.53333	0.0914987
1.6	0.0927409
1.66667	0.103533
1.73333	0.120913
1.8	0.0877876
1.86667	0.106507
1.93333	0.112495
2	0.106472
2.06667	0.097996
2.13333	0.123746
2.2	0.115474
2.26667	0.103913
2.33333	0.122194
2.4	0.123429
2.46667	0.105414
2.53333	0.116089
2.6	0.125619
2.66667	0.133108
2.73333	0.127888
2.8	0.116853
2.86667	0.125082
2.93333	0.206106
3	0.138371
3.06667	0.123472
3.13333	0.111057
3.2	0.128405
3.26667	0.119196
3.33333	0.0878856
3.4	0.111743
3.46667	0.0999005
3.53333	0.0879757
3.6	0.102812
3.66667	0.101648
3.73333	0.0717012
3.8	0.115035
3.86667	0.0965735
3.93333	0.10032
4	0.100057
4.06667	0.0959033
4.13333	0.0554463
4.2	0.0955977
4.26667	0.0658819
4.33333	0.0451478
4.4	0.06462
4.46667	0.0874976
4.53333	0.0581541
4.6	0.155018
4.66667	0.0984349
4.73333	0.0661679
4.8	0.0872351
4.86667	0.0597334
4.93333	0.0849074
5	0.0872312
5.06667	0.0586322
5.13333	0.0775989
5.2	0.161244
5.26667	0.0884107
5.33333	0.11518
5.4	0.0728416
5.46667	0.0887242
5.53333	0.0774265
5.6	0.107534
5.66667	0.085264
5.73333	0.0993832
5.8	0.0888653
5.86667	0.104615
5.93333	0.102459
6	0.131772
6.06667	0.110458
6.13333	0.101072
6.2	0.102887
6.26667	0.207607
6.33333	0.144029
6.4	0.14419
6.46667	0.103772
6.53333	0.109302
6.6	0.125556
6.66667	0.119526
6.73333	0.128233
6.8	0.121391
6.86667	0.139488
6.93333	0.13002
7	0.0874467
7.06667	0.0904014
7.13333	0.113714
7.2	0.090903
7.26667	0.0936226
7.33333	0.0981214
7.4	0.0943829
7.46667	0.101687
7.53333	0.12366
7.6	0.107138
7.66667	0.109925
7.73333	0.111328
7.8	0.109697
7.86667	0.120685
7.93333	0.216005
8	0.17157
8.06667	0.150973
8.13333	0.154724
8.2	0.163212
8.26667	0.131732
8.33333	0.160139
8.4	0.169364
8.46667	0.158282
8.53333	0.148379
8.6	0.150946
8.66667	0.133743
8.73333	0.149112
8.8	0.132065
8.86667	0.145025
8.93333	0.141012
9	0.135867
9.06667	0.136549
9.13333	0.1418
9.2	0.130643
9.26667	0.136192
9.33333	0.162495
9.4	0.145687
9.46667	0.147043
9.53333	0.15405
9.6	0.216111
9.66667	0.177785
9.73333	0.157514
9.8	0.134511
9.86667	0.144233
9.93333	0.138445
10	0.1387
10.0667	0.126615
10.1333	0.126967
10.2	0.122084
10.2667	0.117025
10.3333	0.115807
10.4	0.138457
10.4667	0.127935
10.5333	0.134887
10.6	0.127339
10.6667	0.124949
10.7333	0.134793
10.8	0.127296
10.8667	0.117425
10.9333	0.176998
11	0.142846
11.0667	0.117253
11.1333	0.13042
11.2	0.12623
11.2667	0.245301
11.3333	0.160633
11.4	0.14198
11.4667	0.15691
11.5333	0.0783396
11.6	0.0958328
11.6667	0.153697
11.7333	0.143167
11.8	0.136212
11.8667	0.136956
11.9333	0.128119
12	0.138919
12.0667	0.140855
12.1333	0.0919572
12.2	0.138853
12.2667	0.120039
12.3333	0.0934463
12.4	0.111347
12.4667	0.125345
12.5333	0.054302
12.6	0.0975688
12.6667	0.105022
12.7333	0.0605602
12.8	0.0767681
12.8667	0.053577
12.9333	0.171276
13	0.104775
13.0667	0.0838336
13.1333	0.0825953
13.2	0.0814785
13.2667	0.0727553
13.3333	0.0803577
13.4	0.0738291
13.4667	0.0725437
13.5333	0.0769327
13.6	0.0643536
13.6667	0.0825326
13.7333	0.0702395
13.8	0.0797895
13.8667	0.0624726
13.9333	0.0466213
14	0.058785
14.0667	0.0746834
14.1333	0.070361
14.2	0.0632406
14.2667	0.0598313
14.3333	0.0653646
14.4	0.0791625
14.4667	0.0515746
14.5333	0.0773481
14.6	0.206678
14.6667	0.145001
14.7333	0.080828
14.8	0.0815725
14.8667	0.0838689
14.9333	0.0881756
15	0.0554776
15.0667	0.079523
15.1333	0.097655
15.2	0.0829715
15.2667	0.0661915
15.3333	0.0883911
15.4	0.0820663
15.4667	0.0562888
15.5333	0.0734725
15.6	0.0531029
15.6667	0.0537769
15.7333	0.0647885
15.8	0.0641028
15.8667	0.0531812
15.9333	0.0730806
16	0.0532635
16.0667	0.0641772
16.1333	0.0501834
16.2	0.0328195
16.2667	0.130083
16.3333	0.12498
16.4	0.0889829
16.4667	0.0994185
16.5333	0.0775127
16.6	0.0738134
16.6667	0.0919689
16.7333	0.0534595
16.8	0.0550034
16.8667	0.0553052
16.9333	0.0580444
17	0.0717443
17.0667	0.0661248
17.1333	0.0631466
17.2	0.0662306
17.2667	0.0552503
17.3333	0.0824777
17.4	0.0749028
17.4667	0.0591573
17.5333	0.0713642
17.6	0.0579112
17.6667	0.061681
17.7333	0.0843783
17.8	0.0449401
17.8667	0.0556422
17.9333	0.174925
18	0.104634
18.0667	0.0733667
18.1333	0.0878817
18.2	0.0610305
18.2667	0.0524249
18.3333	0.0624412
18.4	0.0569589
18.4667	0.0457944
18.5333	0.0501011
18.6	0.0419423
18.6667	0.0451635
18.7333	0.0598157
18.8	0.0397086
18.8667	0.0511239
18.9333	0.0784297
19	0.0565514
19.0667	0.0505635
19.1333	0.0666539
19.2	0.0412839
19.2667	0.0474128
19.3333	0.0685584
19.4	0.0492155
19.4667	0.0576329
19.5333	0.0557833
19.6	0.139284
19.6667	0.10485
19.7333	0.110117
19.8	0.0948061
19.8667	0.0986582
19.9333	0.111915
20	0.0819487
20.0667	0.0914673
20.1333	0.0746481
20.2	0.0799227
20.2667	0.0617045
20.3333	0.069154
20.4	0.0617398
20.4667	0.0519116
20.5333	0.0493683
20.6	0.0436234
20.6667	0.0515863
20.7333	0.0485806
20.8	0.0413937
20.8667	0.0660896
20.9333	0.0365658
21	0.0626881
21.0667	0.0639774
21.1333	0.0717757
21.2	0.0532087
21.2667	0.185936
21.3333	0.102048
21.4	0.103439
21.4667	0.0746951
21.5333	0.0790488
21.6	0.0980469
21.6667	0.0840492
21.7333	0.0947042
21.8	0.0832889
21.8667	0.0814354
21.9333	0.0704668
22	0.112687
22.0667	0.0719912
22.1333	0.0642791
22.2	0.050297
22.2667	0.0635777
22.3333	0.053432
22.4	0.0615634
22.4667	0.0611049
22.5333	0.057339
22.6	0.0559596
22.6667	0.0334033
22.7333	0.0396655
22.8	0.0493448
22.8667	0.0518253
22.9333	0.169035
23	0.101217
23.0667	0.090758
23.1333	0.104003
23.2	0.0766976
23.2667	0.0759217
23.3333	0.0841706
23.4	0.0594551
23.4667	0.0608424
23.5333	0.127202
23.6	0.141804
23.6667	0.0982154
23.7333	0.087768
23.8	0.0641811
23.8667	0.0575271
23.9333	0.0762705
24	0.0536593
24.0667	0.0466173
24.1333	0.0581894
24.2	0.0756552
24.2667	0.0548741
24.3333	0.055074
24.4	0.0560262
24.4667	0.053436
24.5333	0.0494937
24.6	0.148885
24.6667	0.124585
24.7333	0.0820232
24.8	0.0883402
24.8667	0.0997398
24.9333	0.0843901
25	0.0607052
25.0667	0.0741112
25.1333	0.0728455
25.2	0.0652314
25.2667	0.0519939
25.3333	0.0753535
25.4	0.0458885
25.4667	0.0549917
25.5333	0.0479771
25.6	0.0527776
25.6667	0.0534555
25.7333	0.0443288
25.8	0.0508261
25.8667	0.0517587
25.9333	0.0719873
26	0.0568139
26.0667	0.0608972
26.1333	0.0670066
26.2	0.0536005
26.2667	0.148364
26.3333	0.102158
26.4	0.0983761
26.4667	0.0882422
26.5333	0.0856872
26.6	0.0808515
26.6667	0.0844528
26.7333	0.0816822
26.8	0.077305
26.8667	0.0682841
26.9333	0.0817097
27	0.0838297
27.0667	0.0767564
27.1333	0.0944181
27.2	0.0826815
27.2667	0.0859458
27.3333	0.0950138
27.4	0.0886576
27.4667	0.0976903
27.5333	0.116124
27.6	0.109815
27.6667	0.113459
27.7333	0.122206
27.8	0.123295
27.8667	0.121606
27.9333	0.258849
28	0.176743
28.0667	0.153097
28.1333	0.181473
28.2	0.154845
28.2667	0.162945
28.3333	0.175058
28.4	0.177347
28.4667	0.162835
28.5333	0.195921
28.6	0.182335
28.6667	0.209723
28.7333	0.220053
28.8	0.214108
28.8667	0.232452
28.9333	0.211553
29	0.221573
29.0667	0.223192
29.1333	0.248523
29.2	0.233518
29.2667	0.246873
29.3333	0.252347
29.4	0.252465
29.4667	0.252782
29.5333	0.251818
29.6	0.311364
29.6667	0.293992
29.7333	0.262928
29.8	0.302499
29.8667	0.268598
29.9333	0.278066
30	0.28113
30.0667	0.273387
30.1333	0.253464
30.2	0.253789
30.2667	0.260428
30.3333	0.25114
30.4	0.261478
30.4667	0.275284
30.5333	0.25359
30.6	0.275213
30.6667	0.256681
30.7333	0.24835
30.8	0.255972
30.8667	0.260526
30.9333	0.248248
31	0.276385
31.0667	0.264213
31.1333	0.247578
31.2	0.264397
31.2667	0.320663
31.3333	0.305356
31.4	0.27111
31.4667	0.268061
31.5333	0.271581
31.6	0.262234
31.6667	0.241449
31.7333	0.253868
31.8	0.260063
31.8667	0.270687
31.9333	0.255036
32	0.269582
32.0667	0.222381
32.1333	0.255149
32.2	0.234047
32.2667	0.231911
32.3333	0.225414
32.4	0.266635
32.4667	0.244647
32.5333	0.155284
32.6	0.253496
32.6667	0.260871
32.7333	0.180846
32.8	0.236994
32.8667	0.25326
32.9333	0.238984
33	0.264405
33.0667	0.154963
33.1333	0.129542
33.2	0.0913302
33.2667	0.148266
33.3333	0.147658
33.4	0.125729
33.4667	0.061779
33.5333	0.0777635
33.6	0.0857185
33.6667	0.0788333
33.7333	0.0875839
33.8	0.0567434
33.8667	0.0738722
33.9333	0.0770464
34	0.0900017
34.0667	0.081933
34.1333	0.0931955
34.2	0.0891984
34.2667	0.102738
34.3333	0.105634
34.4	0.0905895
34.4667	0.104983
34.5333	0.103035
34.6	0.221448
34.6667	0.123154
34.7333	0.129119
34.8	0.107671
34.8667	0.117664
34.9333	0.106997
35	0.127669
35.0667	0.1217
35.1333	0.118867
35.2	0.123358
35.2667	0.113032
35.3333	0.0998143
35.4	0.0782651
35.4667	0.0929682
35.5333	0.0879757
35.6	0.0966362
35.6667	0.0906013
35.7333	0.110971
35.8	0.0834574
35.8667	0.0791076
35.9333	0.116112
36	0.0923765
36.0667	0.0964755
36.1333	0.0980782
36.2	0.116249
36.2667	0.254918
36.3333	0.156228
36.4	0.129851
36.4667	0.126164
36.5333	0.167965
36.6	0.100653
36.6667	0.129271
36.7333	0.142047
36.8	0.137673
36.8667	0.148027
36.9333	0.138214
37	0.13328
37.0667	0.135197
37.1333	0.139221
37.2	0.148101
37.2667	0.165986
37.3333	0.165214
37.4	0.198327
37.4667	0.231825
37.5333	0.231159
37.6	0.283866
37.6667	0.281946
37.7333	0.242072
37.8	0.308052
37.8667	0.239078
37.9333	0.23554
38	0.268387
38.0667	0.260733
38.1333	0.151608
38.2	0.254185
38.2667	0.189671
38.3333	0.152623
38.4	0.133637
38.4667	0.0778144
38.5333	0.0931289
38.6	0.0511748
38.6667	0.090131
38.7333	0.0634366
38.8	0.118558
38.8667	0.12759
38.9333	0.133974
39	0.0940929
39.0667	0.146573
39.1333	0.118648
39.2	0.118272
39.2667	0.0936462
39.3333	0.115399
39.4	0.143963
39.4667	0.154818
39.5333	0.0986425
39.6	0.219555
39.6667	0.127833
39.7333	0.132885
39.8	0.107836
39.8667	0.0942026
39.9333	0.12607
40	0.100112
40.0667	0.0889123
40.1333	0.100304
40.2	0.0987092
40.2667	0.109399
40.3333	0.11766
40.4	0.0983604
40.4667	0.103349
40.5333	0.120004
40.6	0.0997751
40.6667	0.12045
40.7333	0.118264
40.8	0.114948
40.8667	0.123291
40.9333	0.112389
41	0.120082
41.0667	0.131728
41.1333	0.120431
41.2	0.125074
41.2667	0.250525
41.3333	0.159403
41.4	0.134233
41.4667	0.135424
41.5333	0.10369
41.6	0.129432
41.6667	0.124342
41.7333	0.133171
41.8	0.145989
41.8667	0.13591
41.9333	0.140977
42	0.160876
42.0667	0.136019
42.1333	0.138755
42.2	0.121528
42.2667	0.144813
42.3333	0.153274
42.4	0.119863
42.4667	0.12636
42.5333	0.0711291
42.6	0.100966
42.6667	0.118326
42.7333	0.0832027
42.8	0.0914046
42.8667	0.0889084
42.9333	0.261509
43	0.118671
43.0667	0.117625
43.1333	0.117253
43.2	0.102953
43.2667	0.0992304
43.3333	0.1171
43.4	0.106841
43.4667	0.109764
43.5333	0.130435
43.6	0.0970359
43.6667	0.117511
43.7333	0.124906
43.8	0.0914477
43.8667	0.0996849
43.9333	0.116931
44	0.12913
44.0667	0.11958
44.1333	0.122124
44.2	0.120952
44.2667	0.0954292
44.3333	0.100214
44.4	0.0986386
44.4667	0.110383
44.5333	0.07089
44.6	0.267289
44.6667	0.181857
44.7333	0.140275
44.8	0.154528
44.8667	0.13861
44.9333	0.132508
45	0.115971
45.0667	0.132187
45.1333	0.101766
45.2	0.138586
45.2667	0.124373
45.3333	0.132986
45.4	0.115379
45.4667	0.119902
45.5333	0.114043
45.6	0.129887
45.6667	0.116978
45.7333	0.110285
45.8	0.104548
45.8667	0.116065
45.9333	0.125584
46	0.11161
46.0667	0.108467
46.1333	0.106292
46.2	0.116763
46.2667	0.295591
46.3333	0.161342
46.4	0.160637
46.4667	0.162914
46.5333	0.165481
46.6	0.169098
46.6667	0.13337
46.7333	0.137705
46.8	0.1173
46.8667	0.145832
46.9333	0.111085
47	0.136494
47.0667	0.155684
47.1333	0.0968909
47.2	0.132101
47.2667	0.113683
47.3333	0.0953586
47.4	0.0967459
47.4667	0.111288
47.5333	0.107178
47.6	0.165782
47.6667	0.111527
47.7333	0.0776146
47.8	0.101589
47.8667	0.0708861
47.9333	0.221146
48	0.144429
48.0667	0.12759
48.1333	0.099826
48.2	0.13067
48.2667	0.100034
48.3333	0.102048
48.4	0.115846
48.4667	0.0820898
48.5333	0.0586988
48.6	0.0801304
48.6667	0.0893042
48.7333	0.0527031
48.8	0.0513238
48.8667	0.0907855
48.9333	0.0682135
49	0.0827599
49.0667	0.0867374
49.1333	0.0607091
49.2	0.0663991
49.2667	0.0497563
49.3333	0.0693774
49.4	0.0684957
49.4667	0.0724693
49.5333	0.0403591
49.6	0.220825
49.6667	0.082129
49.7333	0.0981331
49.8	0.0622374
49.8667	0.0766937
49.9333	0.0732961
50	0.139527
50.0667	0.0803107
50.1333	0.0605916
50.2	0.0680607
50.2667	0.0750321
50.3333	0.0705217
50.4	0.0996418
50.4667	0.104944
50.5333	0.0803303
50.6	0.0690756
50.6667	0.0594473
50.7333	0.0765565
50.8	0.0547879
50.8667	0.0543764
50.9333	0.0766231
51	0.066501
51.0667	0.0807535
51.1333	0.0686838
51.2	0.0360955
51.2667	0.216236
51.3333	0.0945592
51.4	0.0985798
51.4667	0.109842
51.5333	0.067465
51.6	0.0915379
51.6667	0.0776146
51.7333	0.0895001
51.8	0.0748793
51.8667	0.0547291
51.9333	0.0568531
52	0.0360093
52.0667	0.0444895
52.1333	0.0371222
52.2	0.0529579
52.2667	0.0479693
52.3333	0.063562
52.4	0.0642478
52.4667	0.0484121
52.5333	0.0380275
52.6	0.0374397
52.6667	0.0471934
52.7333	0.0615203
52.8	0.0468603
52.8667	0.0446149
52.9333	0.21144
53	0.0810239
53.0667	0.0746167
53.1333	0.0674415
53.2	0.0790959
53.2667	0.058836
53.3333	0.070459
53.4	0.0493996
53.4667	0.0646279
53.5333	0.0643496
53.6	0.0585813
53.6667	0.0749773
53.7333	0.0735469
53.8	0.0598431
53.8667	0.0619866
53.9333	0.0838454
54	0.0686799
54.0667	0.0768308
54.1333	0.0978901
54.2	0.0865689
54.2667	0.0860203
54.3333	0.0755533
54.4	0.0860085
54.4667	0.0905739
54.5333	0.0515354
54.6	0.206819
54.6667	0.0696164
54.7333	0.0974826
54.8	0.0691619
54.8667	0.0536476
54.9333	0.0727436
55	0.0573978
55.0667	0.0697889
55.1333	0.0832027
55.2	0.0579739
55.2667	0.0630721
55.3333	0.0685388
55.4	0.049431
55.4667	0.0845116
55.5333	0.049192
55.6	0.0662306
55.6667	0.049913
55.7333	0.0558695
55.8	0.0633778
55.8667	0.0496309
55.9333	0.0750321
56	0.068915
56.0667	0.0736567
56.1333	0.068625
56.2	0.0514256
56.2667	0.227985
56.3333	0.114639
56.4	0.104333
56.4667	0.084637
56.5333	0.0615007
56.6	0.0525973
56.6667	0.0608032
56.7333	0.073786
56.8	0.0536476
56.8667	0.0557088
56.9333	0.0599215
57	0.068045
57.0667	0.0381685
57.1333	0.0734764
57.2	0.0557911
57.2667	0.048322
57.3333	0.0632054
57.4	0.0547722
57.4667	0.0726613
57.5333	0.0782612
57.6	0.0696831
57.6667	0.0778066
57.7333	0.0573625
57.8	0.089073
57.8667	0.0575193
57.9333	0.218317
58	0.0587615
58.0667	0.0756826
58.1333	0.099391
58.2	0.0826188
58.2667	0.0806751
58.3333	0.0824973
58.4	0.0560615
58.4667	0.0585813
58.5333	0.0494428
58.6	0.0705609
58.6667	0.0901937
58.7333	0.0764742
58.8	0.0642086
58.8667	0.0592906
58.9333	0.0688248
59	0.0655213
59.0667	0.0499052
59.1333	0.06906
59.2	0.0470249
59.2667	0.0560889
59.3333	0.0738683
59.4	0.0543255
59.4667	0.0614733
59.5333	0.0619671
59.6	0.0463234
59.6667	0.0575859
59.7333	0.0718697
59.8	0.0565709
59.8667	0.0556265
59.9333	0.0509946
60	0.0502461
60.0667	0.0498738
60.1333	0.0658466
60.2	0.0345555
60.2667	0.276671
60.3333	0.121791
60.4	0.106445
60.4667	0.0684408
60.5333	0.0862476
60.6	0.0822661
60.6667	0.0559635
60.7333	0.0630643
60.8	0.0619318
60.8667	0.0484866
60.9333	0.0538122
61	0.0449871
61.0667	0.0651412
61.1333	0.050297
61.2	0.0743503
61.2667	0.0395401
61.3333	0.0552817
61.4	0.0460922
61.4667	0.0362679
61.5333	0.0384468
61.6	0.046876
61.6667	0.0387485
61.7333	0.0584206
61.8	0.03501
61.8667	0.01524
61.9333	0.241669
62	0.0808946
62.0667	0.0885675
62.1333	0.107754
62.2	0.042871
62.2667	0.0685309
62.3333	0.0654508
62.4	0.0724732
62.4667	0.072144
62.5333	0.0878347
62.6	0.0630682
62.6667	0.0881795
62.7333	0.0747539
62.8	0.0863965
62.8667	0.0796562
62.9333	0.0741739
63	0.0593689
63.0667	0.0639421
63.1333	0.0750165
63.2	0.0884499
63.2667	0.0860791
63.3333	0.0605681
63.4	0.0497798
63.4667	0.0736958
63.5333	0.0489568
63.6	0.182939
63.6667	0.0546233
63.7333	0.0785237
63.8	0.0817567
63.8667	0.0683507
63.9333	0.0518449
64	0.0563437
64.0667	0.0479497
64.1333	0.0581659
64.2	0.0574997
64.2667	0.0580914
64.3333	0.0591064
64.4	0.0391208
64.4667	0.0753182
64.5333	0.0711957
64.6	0.0595649
64.6667	0.0422871
64.7333	0.0582403
64.8	0.0554894
64.8667	0.0804439
64.9333	0.0480908
65	0.0783944
65.0667	0.0753574
65.1333	0.0752437
65.2	0.0615556
65.2667	0.205115
65.3333	0.109066
65.4	0.0838885
65.4667	0.0768975
65.5333	0.0801343
65.6	0.0858322
65.6667	0.066019
65.7333	0.0775636
65.8	0.0609247
65.8667	0.0577152
65.9333	0.0671633
66	0.0850837
66.0667	0.0699378
66.1333	0.0662894
66.2	0.0821642
66.2667	0.0774931
66.3333	0.0920865
66.4	0.0531695
66.4667	0.0605759
66.5333	0.0806869
66.6	0.0649139
66.6667	0.140589
66.7333	0.0593689
66.8	0.0553365
66.8667	0.0427966
66.9333	0.245435
67	0.102412
67.0667	0.113992
67.1333	0.0931014
67.2	0.109137
67.2667	0.0678883
67.3333	0.183734
67.4	0.122034
67.4667	0.0908521
67.5333	0.109258
67.6	0.0952646
67.6667	0.0802401
67.7333	0.0916985
67.8	0.0879601
67.8667	0.101876
67.9333	0.112946
68	0.0761019
68.0667	0.0903231
68.1333	0.0510494
68.2	0.090327
68.2667	0.0880698
68.3333	0.0729317
68.4	0.0793388
68.4667	0.0715719
68.5333	0.0824934
68.6	0.0831243
68.6667	0.0519468
68.7333	0.0711173
68.8	0.0705256
68.8667	0.0742719
68.9333	0.046923
69	0.203249
69.0667	0.0786178
69.1333	0.114576
69.2	0.125349
69.2667	0.120783
69.3333	0.0843705
69.4	0.0735234
69.4667	0.0972749
69.5333	0.0757532
69.6	0.0871097
69.6667	0.0930348
69.7333	0.102444
69.8	0.0776969
69.8667	0.111496
69.9333	0.100763
70	0.0765095
70.0667	0.0668616
70.1333	0.0758629
70.2	0.075808
70.2667	0.113326
70.3333	0.0734529
70.4	0.0873409
70.4667	0.0677942
70.5333	0.0790606
70.6	0.0632837
70.6667	0.230865
70.7333	0.103592
70.8	0.116179
70.8667	0.073833
70.9333	0.0863573
71	0.0932817
71.0667	0.0863064
71.1333	0.0805497
71.2	0.086181
71.2667	0.0697536
71.3333	0.0784023
71.4	0.106417
71.4667	0.0976472
71.5333	0.0739466
71.6	0.0772815
71.6667	0.0747774
71.7333	0.0651177
71.8	0.0480398
71.8667	0.0728063
71.9333	0.0642321
72	0.0771169
72.0667	0.0808475
72.1333	0.0757885
72.2	0.0898881
72.2667	0.068915
72.3333	0.199766
72.4	0.131121
72.4667	0.0871332
72.5333	0.100806
72.6	0.0850092
72.6667	0.114537
72.7333	0.105638
72.8	0.108224
72.8667	0.0846017
72.9333	0.0848525
73	0.0712505
73.0667	0.0604936
73.1333	0.0724732
73.2	0.0833555
73.2667	0.07803
73.3333	0.0647807
73.4	0.0566689
73.4667	0.0743816
73.5333	0.0715797
73.6	0.0755847
73.6667	0.078414
73.7333	0.0529892
73.8	0.0711212
73.8667	0.0557519
73.9333	0.0547409
74	0.222651
74.0667	0.127183
74.1333	0.0939283
74.2	0.0768543
74.2667	0.107695
74.3333	0.0976864
74.4	0.0733823
74.4667	0.0770895
74.5333	0.0911029
74.6	0.0717992
74.6667	0.0678687
74.7333	0.0885675
74.8	0.0748401
74.8667	0.097079
74.9333	0.0762548
75	0.0545802
75.0667	0.0682762
75.1333	0.067614
75.2	0.0545254
75.2667	0.0758668
75.3333	0.0565945
75.4	0.0608737
75.4667	0.0881011
75.5333	0.0678569
75.6	0.0660974
75.6667	0.236386
75.7333	0.120117
75.8	0.112288
75.8667	0.0915418
75.9333	0.0827129
76	0.0809455
76.0667	0.105739
76.1333	0.0916633
76.2	0.0869177
76.2667	0.104258
76.3333	0.047648
76.4	0.0801814
76.4667	0.090711
76.5333	0.0689267
76.6	0.0644711
76.6667	0.071858
76.7333	0.0559244
76.8	0.0727279
76.8667	0.0915104
76.9333	0.0562966
77	0.0607562
77.0667	0.055219
77.1333	0.0637501
77.2	0.0661444
77.2667	0.0605563
77.3333	0.218117
77.4	0.104752
77.4667	0.118452
77.5333	0.0910363
77.6	0.0929486
77.6667	0.0881207
77.7333	0.052809
77.8	0.0585186
77.8667	0.0618769
77.9333	0.0583696
78	0.0538474
78.0667	0.0947473
78.1333	0.0757218
78.2	0.071372
78.2667	0.0801539
78.3333	0.0775597
78.4	0.0685388
78.4667	0.0709919
78.5333	0.0636756
78.6	0.0641851
78.6667	0.0880149
78.7333	0.0575702
78.8	0.0616771
78.8667	0.0631544
78.9333	0.0520997
79	0.245345
79.0667	0.132888
79.1333	0.135722
79.2	0.0968282
79.2667	0.115137
79.3333	0.0676649
79.4	0.121779
79.4667	0.068864
79.5333	0.0627351
79.6	0.0615477
79.6667	0.0774186
79.7333	0.0840492
79.8	0.0671045
79.8667	0.0754397
79.9333	0.0498425
80	0.0267415
80.0667	0.0524288
80.1333	0.0497523
80.2	0.0552111
80.2667	0.0527227
80.3333	0.0552582
80.4	0.06848
80.4667	0.084539
80.5333	0.0821251
80.6	0.0369616
80.6667	0.265941
80.7333	0.0905503
80.8	0.0831283
80.8667	0.0417385
80.9333	0.116394
81	0.0803028
81.0667	0.0910794
81.1333	0.0611951
81.2	0.0692637
81.2667	0.0690169
81.3333	0.085648
81.4	0.106829
81.4667	0.0950647
81.5333	0.0622531
81.6	0.0670066
81.6667	0.0683076
81.7333	0.0446501
81.8	0.0798091
81.8667	0.0490313
81.9333	0.0483142
82	0.0517078
82.0667	0.0489803
82.1333	0.0396302
82.2	0.0405237
82.2667	0.0445247
82.3333	0.164713
82.4	0.0972984
82.4667	0.111535
82.5333	0.0828422
82.6	0.0679
82.6667	0.0619475
82.7333	0.0804713
82.8	0.0600155
82.8667	0.0509946
82.9333	0.072967
83	0.0397831
83.0667	0.0626842
83.1333	0.0565514
83.2	0.0419736
83.2667	0.061775
83.3333	0.0707685
83.4	0.0502657
83.4667	0.040653
83.5333	0.0323531
83.6	0.0489412
83.6667	0.0601488
83.7333	0.0531577
83.8	0.0476911
83.8667	0.0497915
83.9333	0.0645495
84	0.194687
84.0667	0.0794799
84.1333	0.0649806
84.2	0.0677315
84.2667	0.076294
84.3333	0.0711134
84.4	0.0865532
84.4667	0.10782
84.5333	0.0568766
84.6	0.0471895
84.6667	0.0495172
84.7333	0.058644
84.8	0.0951196
84.8667	0.0790567
84.9333	0.0481848
85	0.0468681
85.0667	0.0613988
85.1333	0.086855
85.2	0.060282
85.2667	0.0629898
85.3333	0.0673867
85.4	0.066117
85.4667	0.0661523
85.5333	0.0539062
85.6	0.0506928
85.6667	0.217459
85.7333	0.0821682
85.8	0.0912322
85.8667	0.0842373
85.9333	0.0904367
86	0.0648983
86.0667	0.0807378
86.1333	0.0779712
86.2	0.0667479
86.2667	0.0651373
86.3333	0.0545724
86.4	0.0782259
86.4667	0.080197
86.5333	0.0821603
86.6	0.0831988
86.6667	0.0699182
86.7333	0.0590006
86.8	0.0444895
86.8667	0.055654
86.9333	0.0424752
87	0.0468133
87.0667	0.0662502
87.1333	0.061971
87.2	0.0508496
87.2667	0.0588948
87.3333	0.15479
87.4	0.0955546
87.4667	0.0458728
87.5333	0.0640597
87.6	0.0730845
87.6667	0.0867021
87.7333	0.0641224
87.8	0.0750008
87.8667	0.0638716
87.9333	0.0509162
88	0.0503793
88.0667	0.0706353
88.1333	0.0774892
88.2	0.0643183
88.2667	0.0880228
88.3333	0.0536946
88.4	0.0626724
88.4667	0.0685976
88.5333	0.0648356
88.6	0.0482671
88.6667	0.0565122
88.7333	0.0375063
88.8	0.0475853
88.8667	0.0436038
88.9333	0.0819213
89	0.218889
89.0667	0.165802
89.1333	0.117472
89.2	0.0943594
89.2667	0.091244
89.3333	0.0686093
89.4	0.0960013
89.4667	0.0736371
89.5333	0.0794211
89.6	0.0921805
89.6667	0.097416
89.7333	0.0952136
89.8	0.0935168
89.8667	0.0803028
89.9333	0.0729278
90	0.0590162
90.0667	0.0830224
90.1333	0.0778419
90.2	0.0712349
90.2667	0.0649139
90.3333	0.0832811
90.4	0.0622218
90.4667	0.084347
90.5333	0.0891631
90.6	0.0688954
90.6667	0.248413
90.7333	0.160335
90.8	0.11422
90.8667	0.0953743
90.9333	0.0923922
91	0.0935756
91.0667	0.0976237
91.1333	0.078994
91.2	0.0890181
91.2667	0.101652
91.3333	0.0898842
91.4	0.107546
91.4667	0.106872
91.5333	0.0900723
91.6	0.0950961
91.6667	0.09269
91.7333	0.0892728
91.8	0.0781162
91.8667	0.0888143
91.9333	0.102009
92	0.0761098
92.0667	0.0747108
92.1333	0.0880737
92.2	0.0775284
92.2667	0.058785
92.3333	0.255212
92.4	0.128766
92.4667	0.0964598
92.5333	0.109721
92.6	0.108169
92.6667	0.0883127
92.7333	0.0896216
92.8	0.0939126
92.8667	0.104744
92.9333	0.103882
93	0.100861
93.0667	0.0814667
93.1333	0.091675
93.2	0.0922824
93.2667	0.0733001
93.3333	0.0760353
93.4	0.0766702
93.4667	0.0990854
93.5333	0.0642203
93.6	0.0784297
93.6667	0.0702826
93.7333	0.0575898
93.8	0.0681195
93.8667	0.0694009
93.9333	0.078751
94	0.228455
94.0667	0.119314
94.1333	0.0925763
94.2	0.100763
94.2667	0.0839669
94.3333	0.0898763
94.4	0.111766
94.4667	0.0515785
94.5333	0.067759
94.6	0.0890691
94.6667	0.0991363
94.7333	0.104587
94.8	0.129871
94.8667	0.0796758
94.9333	0.126007
95	0.135757
95.0667	0.0895472
95.1333	0.168075
95.2	0.165739
95.2667	0.167471
95.3333	0.176347
95.4	0.207556
95.4667	0.15624
95.5333	0.217858
95.6	0.19984
95.6667	0.228945
95.7333	0.213771
95.8	0.228862
95.8667	0.196215
95.9333	0.218376
96	0.242068
96.0667	0.236884
96.1333	0.230058
96.2	0.261991
96.2667	0.269284
96.3333	0.313589
96.4	0.31859
96.4667	0.29217
96.5333	0.315141
96.6	0.327897
96.6667	0.336683
96.7333	0.307594
96.8	0.328598
96.8667	0.320259
96.9333	0.34818
97	0.33903
97.0667	0.32823
97.1333	0.343321
97.2	0.345731
97.2667	0.323202
97.3333	0.389946
97.4	0.375662
97.4667	0.303287
97.5333	0.353341
97.6	0.361151
97.6667	0.285472
97.7333	0.371234
97.8	0.360054
97.8667	0.40122
97.9333	0.337067
98	0.414258
98.0667	0.445506
98.1333	0.431363
98.2	0.48815
98.2667	0.35273
98.3333	0.422044
98.4	0.372037
98.4667	0.36853
98.5333	0.379087
98.6	0.322936
98.6667	0.430195
98.7333	0.371477
98.8	0.429318
98.8667	0.446678
98.9333	0.44172
99	0.242739
99.0667	0.298052
99.1333	0.327046
99.2	0.426308
99.2667	0.429518
99.3333	0.415414
99.4	0.376317
99.4667	0.433487
99.5333	0.417083
99.6	0.412193
99.6667	0.446666
99.7333	0.404402
99.8	0.460997
99.8667	0.435337
99.9333	0.407447
100	0.50317
100.067	0.430415
100.133	0.538012
100.2	0.520985
100.267	0.53124
100.333	0.544521
100.4	0.622339
100.467	0.479415
100.533	0.588168
100.6	0.609278
100.667	0.440561
100.733	0.559972
100.8	0.562394
100.867	0.579233
100.933	0.553122
101	0.66311
101.067	0.551712
101.133	0.595453
101.2	0.592282
101.267	0.635012
101.333	0.636137
101.4	0.582043
101.467	0.616598
101.533	0.610873
101.6	0.575161
101.667	0.529485
101.733	0.528203
101.8	0.477017
101.867	0.541605
101.933	0.484282
102	0.539638
102.067	0.565561
102.133	0.577795
102.2	0.520005
102.267	0.592827
102.333	0.602898
102.4	0.526804
102.467	0.602937
102.533	0.60628
102.6	0.598337
102.667	0.602365
102.733	0.6171
102.8	0.60512
102.867	0.615971
102.933	0.625055
103	0.607566
103.067	0.545265
103.133	0.530374
103.2	0.55072
103.267	0.606507
103.333	0.562853
103.4	0.630286
103.467	0.611915
103.533	0.613122
103.6	0.593599
103.667	0.623668
103.733	0.613855
103.8	0.604101
103.867	0.625647
103.933	0.608314
104	0.497566
104.067	0.455295
104.133	0.602687
104.2	0.512101
104.267	0.571987
104.333	0.594798
104.4	0.595194
104.467	0.588936
104.533	0.533917
104.6	0.50163
104.667	0.611806
104.733	0.528462
104.8	0.510518
104.867	0.619298
104.933	0.536813
105	0.575189
105.067	0.481974
105.133	0.593215
105.2	0.514174
105.267	0.634013
105.333	0.582086
105.4	0.524108
105.467	0.646036
105.533	0.515644
105.6	0.496305
105.667	0.579088
105.733	0.493769
105.8	0.507497
105.867	0.620627
105.933	0.474873
106	0.518206
106.067	0.635255
106.133	0.561168
106.2	0.5131
106.267	0.628276
106.333	0.458046
106.4	0.486582
106.467	0.539129
106.533	0.499201
106.6	0.496164
106.667	0.622335
106.733	0.493456
106.8	0.483878
106.867	0.652188
106.933	0.497026
107	0.599563
107.067	0.667079
107.133	0.532381
107.2	0.598255
107.267	0.66019
107.333	0.542561
107.4	0.523273
107.467	0.645084
107.533	0.573555
107.6	0.56846
107.667	0.636251
107.733	0.536327
107.8	0.550375
107.867	0.599802
107.933	0.517948
108	0.54786
108.067	0.613663
108.133	0.508707
108.2	0.564193
108.267	0.611551
108.333	0.550897
108.4	0.549157
108.467	0.59635
108.533	0.530699
108.6	0.532094
108.667	0.594512
108.733	0.519288
108.8	0.516517
108.867	0.594841
108.933	0.508758
109	0.500651
109.067	0.579213
109.133	0.468078
109.2	0.527948
109.267	0.573817
109.333	0.516807
109.4	0.538882
109.467	0.576913
109.533	0.53287
109.6	0.497762
109.667	0.561411
109.733	0.516945
109.8	0.522219
109.867	0.571529
109.933	0.494761
110	0.54021
110.067	0.575467
110.133	0.570859
110.2	0.53135
110.267	0.57368
110.333	0.522737
110.4	0.532596
110.467	0.557848
110.533	0.515467
110.6	0.53066
110.667	0.566987
110.733	0.501705
110.8	0.520981
110.867	0.566184
110.933	0.469814
111	0.513245
111.067	0.556395
111.133	0.472804
111.2	0.466742
111.267	0.541727
111.333	0.340053
111.4	0.478666
111.467	0.548008
111.533	0.464136
111.6	0.476648
111.667	0.41427
111.733	0.479642
111.8	0.445933
111.867	0.550748
111.933	0.442289
112	0.366101
112.067	0.563135
112.133	0.419893
112.2	0.376615
112.267	0.558781
112.333	0.395087
112.4	0.357711
112.467	0.556085
112.533	0.402905
112.6	0.433887
112.667	0.565365
112.733	0.395279
112.8	0.44234
112.867	0.585754
112.933	0.42824
113	0.458097
113.067	0.584841
113.133	0.453853
113.2	0.474818
113.267	0.59664
113.333	0.510318
113.4	0.505345
113.467	0.600951
113.533	0.515385
113.6	0.500572
113.667	0.605257
113.733	0.534508
113.8	0.51127
113.867	0.578445
113.933	0.442457
114	0.525578
114.067	0.56638
114.133	0.517446
114.2	0.522164
114.267	0.580887
114.333	0.549917
114.4	0.549737
114.467	0.566117
114.533	0.515322
114.6	0.529927
114.667	0.55516
114.733	0.52644
114.8	0.524018
114.867	0.546276
114.933	0.526714
115	0.511086
115.067	0.542189
115.133	0.516956
115.2	0.507348
115.267	0.534395
115.333	0.513034
115.4	0.514064
115.467	0.537538
115.533	0.50453
115.6	0.527945
115.667	0.534548
115.733	0.46767
115.8	0.439471
115.867	0.518046
115.933	0.495623
116	0.459496
116.067	0.488169
116.133	0.497135
116.2	0.467251
116.267	0.465711
116.333	0.452858
116.4	0.450189
116.467	0.49844
116.533	0.452332
116.6	0.450902
116.667	0.455804
116.733	0.449139
116.8	0.460342
116.867	0.489016
116.933	0.459425
117	0.406095
117.067	0.384307
117.133	0.441266
117.2	0.452924
117.267	0.507336
117.333	0.460217
117.4	0.403387
117.467	0.470778
117.533	0.355042
117.6	0.3746
117.667	0.478047
117.733	0.352894
117.8	0.404046
117.867	0.484678
117.933	0.456686
118	0.44348
118.067	0.499138
118.133	0.406319
118.2	0.415884
118.267	0.437077
118.333	0.434851
118.4	0.413952
118.467	0.501062
118.533	0.418243
118.6	0.422209
118.667	0.472929
118.733	0.440553
118.8	0.423436
118.867	0.449131
118.933	0.412667
119	0.378476
119.067	0.24429
119.133	0.36605
119.2	0.39024
119.267	0.325009
119.333	0.376662
119.4	0.355316
119.467	0.415951
119.533	0.364717
119.6	0.352189
119.667	0.382062
119.733	0.346432
119.8	0.356645
119.867	0.395675
119.933	0.358812
120	0.350864
120.067	0.331239
120.133	0.354184
120.2	0.378155
120.267	0.384707
120.333	0.348968
120.4	0.337694
120.467	0.372527
120.533	0.384491
120.6	0.384871
120.667	0.41539
120.733	0.349442
120.8	0.348172
120.867	0.389299
120.933	0.361551
121	0.365105
121.067	0.387814
121.133	0.365858
121.2	0.347044
121.267	0.391706
121.333	0.353529
121.4	0.345621
121.467	0.391902
121.533	0.347059
121.6	0.326247
121.667	0.357906
121.733	0.32513
121.8	0.314228
121.867	0.383766
121.933	0.349591
122	0.350531
122.067	0.375776
122.133	0.33952
122.2	0.339974
122.267	0.381062
122.333	0.338885
122.4	0.330542
122.467	0.374349
122.533	0.31991
122.6	0.288799
122.667	0.378072
122.733	0.272294
122.8	0.257904
122.867	0.347757
122.933	0.200914
123	0.230512
123.067	0.320537
123.133	0.212592
123.2	0.225418
123.267	0.307253
123.333	0.192406
123.4	0.237824
123.467	0.275519
123.533	0.214692
123.6	0.219489
123.667	0.263547
123.733	0.187802
123.8	0.182923
123.867	0.248801
123.933	0.201141
124	0.214575
124.067	0.236676
124.133	0.188354
124.2	0.197755
124.267	0.226879
124.333	0.187974
124.4	0.172417
124.467	0.223164
124.533	0.1846
124.6	0.178032
124.667	0.215872
124.733	0.191975
124.8	0.198692
124.867	0.232084
124.933	0.198927
125	0.200138
125.067	0.235834
125.133	0.214731
125.2	0.189773
125.267	0.178938
125.333	0.216009
125.4	0.235704
125.467	0.26475
125.533	0.248828
125.6	0.253339
125.667	0.315643
125.733	0.279379
125.8	0.28481
125.867	0.316121
125.933	0.297636
126	0.289278
126.067	0.346695
126.133	0.315694
126.2	0.326153
126.267	0.365615
126.333	0.342568
126.4	0.361523
126.467	0.394327
126.533	0.366312
126.6	0.341981
126.667	0.422131
126.733	0.400507
126.8	0.380608
126.867	0.358541
126.933	0.305564
127	0.413455
127.067	0.417667
127.133	0.415218
127.2	0.409853
127.267	0.445055
127.333	0.388731
127.4	0.376591
127.467	0.444687
127.533	0.393982
127.6	0.393536
127.667	0.403693
127.733	0.362589
127.8	0.361222
127.867	0.333109
127.933	0.353376
128	0.330162
128.067	0.379847
128.133	0.361782
128.2	0.363902
128.267	0.379479
128.333	0.307488
128.4	0.351742
128.467	0.355869
128.533	0.338176
128.6	0.315114
128.667	0.348639
128.733	0.300893
128.8	0.303201
128.867	0.320839
128.933	0.261541
129	0.292091
129.067	0.295026
129.133	0.252888
129.2	0.273081
129.267	0.294278
129.333	0.252269
129.4	0.240364
129.467	0.28434
129.533	0.228478
129.6	0.197783
129.667	0.255302
129.733	0.228161
129.8	0.207011
129.867	0.226229
129.933	0.210335
130	0.209351
130.067	0.199918
130.133	0.198809
130.2	0.161566
130.267	0.182323
130.333	0.167126
130.4	0.133884
130.467	0.129969
130.533	0.115082
130.6	0.106006
130.667	0.13379
130.733	0.0939557
130.8	0.0882383
130.867	0.0892532
130.933	0.0710468
131	0.0671711
131.067	0.0642517
131.133	0.0685897
131.2	0.0426986
131.267	0.0566062
131.333	0.043886
131.4	0.0586675
131.467	0.055168
131.533	0.0324864
131.6	0.0595335
131.667	0.0657055
131.733	0.0644241
131.8	0.0907855
131.867	0.0922001
131.933	0.0682958
132	0.10822
132.067	0.0915496
132.133	0.105982
132.2	0.0927292
132.267	0.0784963
132.333	0.164223
132.4	0.091389
132.467	0.0912518
132.533	0.138292
132.6	0.0874467
132.667	0.072336
132.733	0.0843195
132.8	0.0956447
132.867	0.119298
132.933	0.0969418
133	0.0585695
133.067	0.0944926
133.133	0.0868471
133.2	0.0698085
133.267	0.0924784
133.333	0.122543
133.4	0.0665167
133.467	0.0760784
133.533	0.0818507
133.6	0.0783317
133.667	0.0867766
133.733	0.122257
133.8	0.113451
133.867	0.119545
133.933	0.12489
134	0.187598
134.067	0.126113
134.133	0.131811
134.2	0.155884
134.267	0.194499
134.333	0.184757
134.4	0.208038
134.467	0.201788
134.533	0.240019
134.6	0.230692
134.667	0.234094
134.733	0.21265
134.8	0.230406
134.867	0.295077
134.933	0.273622
135	0.265189
135.067	0.312527
135.133	0.257634
135.2	0.293286
135.267	0.33731
135.333	0.309447
135.4	0.267615
135.467	0.364792
135.533	0.306242
135.6	0.321846
135.667	0.375051
135.733	0.314984
135.8	0.301951
135.867	0.315227
135.933	0.302041
136	0.338971
136.067	0.33209
136.133	0.305262
136.2	0.278948
136.267	0.268199
136.333	0.252222
136.4	0.241931
136.467	0.241681
136.533	0.234952
136.6	0.196862
136.667	0.228639
136.733	0.20517
136.8	0.202513
136.867	0.22394
136.933	0.185842
137	0.185035
137.067	0.19051
137.133	0.204476
137.2	0.19022
137.267	0.155978
137.333	0.214763
137.4	0.140538
137.467	0.164987
137.533	0.149516
137.6	0.150429
137.667	0.127712
137.733	0.125509
137.8	0.104368
137.867	0.114533
137.933	0.0940772
138	0.0959033
138.067	0.106347
138.133	0.081114
138.2	0.0595688
138.267	0.0656193
138.333	0.0545097
138.4	0.0771992
138.467	0.0637697
138.533	0.077015
138.6	0.0595374
138.667	0.0941242
138.733	0.0568061
138.8	0.0607836
138.867	0.0678844
138.933	0.0645495
139	0.148313
139.067	0.101299
139.133	0.0802637
139.2	0.0786609
139.267	0.0885714
139.333	0.0795857
139.4	0.0639852
139.467	0.0869608
139.533	0.062888
139.6	0.0747343
139.667	0.0573429
139.733	0.0632406
139.8	0.0626567
139.867	0.0674415
139.933	0.0677354
140	0.0834692
140.067	0.0753182
140.133	0.0970398
140.2	0.0799815
140.267	0.0742131
140.333	0.0934385
140.4	0.0733079
140.467	0.10068
140.533	0.0959504
140.6	0.109251
140.667	0.202697
140.733	0.142168
140.8	0.133676
140.867	0.147211
140.933	0.114584
141	0.155092
141.067	0.193351
141.133	0.151205
141.2	0.176222
141.267	0.156526
141.333	0.135996
141.4	0.153387
141.467	0.20669
141.533	0.207207
141.6	0.185396
141.667	0.215844
141.733	0.161111
141.8	0.186007
141.867	0.2394
141.933	0.166903
142	0.162616
142.067	0.229654
142.133	0.198633
142.2	0.185925
142.267	0.240528
142.333	0.207693
142.4	0.184185
142.467	0.251434
142.533	0.195165
142.6	0.211295
142.667	0.261564
142.733	0.205319
142.8	0.18527
142.867	0.299078
142.933	0.225931
143	0.221389
143.067	0.28287
143.133	0.223501
143.2	0.249479
143.267	0.290845
143.333	0.269696
143.4	0.271377
143.467	0.298451
143.533	0.262132
143.6	0.274629
143.667	0.295755
143.733	0.274766
143.8	0.253256
143.867	0.219375
143.933	0.239843
144	0.288051
144.067	0.286166
144.133	0.23179
144.2	0.22347
144.267	0.250431
144.333	0.201921
144.4	0.200013
144.467	0.259809
144.533	0.204084
144.6	0.218893
144.667	0.211918
144.733	0.180113
144.8	0.193402
144.867	0.219932
144.933	0.180975
145	0.181963
145.067	0.217067
145.133	0.190643
145.2	0.200953
145.267	0.202869
145.333	0.167769
145.4	0.161813
145.467	0.159998
145.533	0.12596
145.6	0.107648
145.667	0.176947
145.733	0.0835397
145.8	0.107056
145.867	0.107225
145.933	0.111355
146	0.095147
146.067	0.0889241
146.133	0.0630173
146.2	0.0735038
146.267	0.0975061
146.333	0.0839434
146.4	0.0915065
146.467	0.119498
146.533	0.0489059
146.6	0.0634366
146.667	0.0647454
146.733	0.0836808
146.8	0.082419
146.867	0.0858988
146.933	0.0867492
147	0.0804988
147.067	0.0640479
147.133	0.0588477
147.2	0.0561673
147.267	0.0386505
147.333	0.1271
147.4	0.069009
147.467	0.0669439
147.533	0.0776655
147.6	0.0468995
147.667	0.0844175
147.733	0.0780692
147.8	0.0607131
147.867	0.0596315
147.933	0.0540316
148	0.0690404
148.067	0.0824346
148.133	0.0553953
148.2	0.055846
148.267	0.0429886
148.333	0.0477185
148.4	0.0565004
148.467	0.0542079
148.533	0.0577309
148.6	0.0709958
148.667	0.0550034
148.733	0.054686
148.8	0.0558421
148.867	0.0451988
148.933	0.0384781
149	0.144186
149.067	0.0690796
149.133	0.0686093
149.2	0.0695145
149.267	0.0706314
149.333	0.08044
149.4	0.0502187
149.467	0.0905543
149.533	0.0734059
149.6	0.0605445
149.667	0.0833712
149.733	0.0922276
149.8	0.0614223
149.867	0.0432002
149.933	0.046441
150	0.0977177
150.067	0.0668185
150.133	0.0488236
150.2	0.0568805
150.267	0.0537063
150.333	0.0465899
150.4	0.0777282
150.467	0.071564
150.533	0.0607052
150.6	0.0564573
150.667	0.14274
150.733	0.07504
150.8	0.0686563
150.867	0.0538709
150.933	0.068433
151	0.0599528
151.067	0.0884577
151.133	0.0890142
151.2	0.09211
151.267	0.0806594
151.333	0.0873135
151.4	0.0904759
151.467	0.096256
151.533	0.131905
151.6	0.105022
151.667	0.110885
151.733	0.107323
151.8	0.125506
151.867	0.141063
151.933	0.12946
152	0.11614
152.067	0.10871
152.133	0.119059
152.2	0.100402
152.267	0.111661
152.333	0.184651
152.4	0.128637
152.467	0.104717
152.533	0.120525
152.6	0.101778
152.667	0.130137
152.733	0.113114
152.8	0.10139
152.867	0.126528
152.933	0.126199
153	0.113937
153.067	0.132579
153.133	0.123099
153.2	0.138492
153.267	0.134334
153.333	0.150158
153.4	0.132685
153.467	0.155558
153.533	0.144923
153.6	0.158141
153.667	0.174482
153.733	0.16244
153.8	0.153854
153.867	0.158564
153.933	0.161299
154	0.209418
154.067	0.177613
154.133	0.175203
154.2	0.181786
154.267	0.182982
154.333	0.181105
154.4	0.189953
154.467	0.169787
154.533	0.160614
154.6	0.153807
154.667	0.165218
154.733	0.159677
154.8	0.144684
154.867	0.135052
154.933	0.127774
155	0.120521
155.067	0.131074
155.133	0.120901
155.2	0.104599
155.267	0.114357
155.333	0.102836
155.4	0.0981331
155.467	0.0958798
155.533	0.109462
155.6	0.0842608
155.667	0.1877
155.733	0.11766
155.8	0.101092
155.867	0.11382
155.933	0.0880032
156	0.0955977
156.067	0.120474
156.133	0.079668
156.2	0.0807731
156.267	0.106923
156.333	0.108271
156.4	0.127194
156.467	0.106531
156.533	0.127637
156.6	0.0878934
156.667	0.0930505
156.733	0.0747421
156.8	0.073496
156.867	0.0774461
156.933	0.0650668
157	0.0746638
157.067	0.0994028
157.133	0.107934
157.2	0.0993362
157.267	0.0772854
157.333	0.134299
157.4	0.0763371
157.467	0.0609364
157.533	0.0740446
157.6	0.0674729
157.667	0.078175
157.733	0.0734686
157.8	0.0650785
157.867	0.0648865
157.933	0.0567551
158	0.0815177
158.067	0.0703923
158.133	0.0765918
158.2	0.0683977
158.267	0.0617868
158.333	0.0686642
158.4	0.0621591
158.467	0.0950843
158.533	0.0815725
158.6	0.0806594
158.667	0.0885753
158.733	0.073014
158.8	0.0757179
158.867	0.0691462
158.933	0.0727749
159	0.138339
159.067	0.0892885
159.133	0.117566
159.2	0.0886067
159.267	0.107507
159.333	0.083865
159.4	0.0864631
159.467	0.082564
159.533	0.0888692
159.6	0.0948923
159.667	0.0736802
159.733	0.0923961
159.8	0.0941242
159.867	0.128123
159.933	0.0814118
160	0.0929408
160.067	0.119381
160.133	0.103333
160.2	0.105438
160.267	0.0986073
160.333	0.110297
160.4	0.100649
160.467	0.114784
160.533	0.114725
160.6	0.123726
160.667	0.192253
160.733	0.12527
160.8	0.093897
160.867	0.125431
160.933	0.115552
161	0.138786
161.067	0.12087
161.133	0.113479
161.2	0.0980978
161.267	0.120027
161.333	0.112103
161.4	0.116869
161.467	0.136768
161.533	0.0870039
161.6	0.0830851
161.667	0.0703061
161.733	0.0367774
161.8	0.0396263
161.867	0.0326784
161.933	0.0576408
162	0.0749812
162.067	0.0426477
162.133	0.0492272
162.2	0.0686955
162.267	0.0506732
162.333	0.10766
162.4	0.0710115
162.467	0.0636835
162.533	0.0506811
162.6	0.0764546
162.667	0.0759766
162.733	0.0557715
162.8	0.0876426
162.867	0.0749577
162.933	0.076341
163	0.0721989
163.067	0.0794368
163.133	0.0942026
163.2	0.0891435
163.267	0.0917612
163.333	0.0939126
163.4	0.0875329
163.467	0.10023
163.533	0.0971495
163.6	0.0841746
163.667	0.117915
163.733	0.11862
163.8	0.138159
163.867	0.10494
163.933	0.103894
164	0.164552
164.067	0.124157
164.133	0.130341
164.2	0.0916789
164.267	0.113785
164.333	0.121058
164.4	0.0946572
164.467	0.0958328
164.533	0.0878111
164.6	0.0790802
164.667	0.085166
164.733	0.104521
164.8	0.0788647
164.867	0.0831988
164.933	0.0624608
165	0.0616457
165.067	0.0548075
165.133	0.065682
165.2	0.0699182
165.267	0.0645338
165.333	0.0582207
165.4	0.0585342
165.467	0.0712231
165.533	0.0411507
165.6	0.0478949
165.667	0.146106
165.733	0.0656428
165.8	0.0586949
165.867	0.0569511
165.933	0.0761999
166	0.0751693
166.067	0.0844881
166.133	0.0680372
166.2	0.0796249
166.267	0.0645338
166.333	0.0699064
166.4	0.101511
166.467	0.0868197
166.533	0.10791
166.6	0.0785786
166.667	0.139707
166.733	0.0593768
166.8	0.0748362
166.867	0.0660935
166.933	0.0728925
167	0.0642007
167.067	0.0571901
167.133	0.0585969
167.2	0.0582834
167.267	0.0625078
167.333	0.0769484
167.4	0.0597843
167.467	0.0715484
167.533	0.0814432
167.6	0.0730806
167.667	0.0813256
167.733	0.0688601
167.8	0.0702787
167.867	0.0818899
167.933	0.078802
168	0.073445
168.067	0.0801226
168.133	0.0863299
168.2	0.129585
168.267	0.0857303
168.333	0.10139
168.4	0.097608
168.467	0.0922942
168.533	0.0778967
168.6	0.07832
168.667	0.0887321
168.733	0.106229
168.8	0.112421
168.867	0.110681
168.933	0.0864278
169	0.132775
169.067	0.117982
169.133	0.113016
169.2	0.112977
169.267	0.124824
169.333	0.104058
169.4	0.136227
169.467	0.125639
169.533	0.138645
169.6	0.137998
169.667	0.161609
169.733	0.109713
169.8	0.133084
169.867	0.154829
169.933	0.147784
170	0.146361
170.067	0.143042
170.133	0.131149
170.2	0.120964
170.267	0.141768
170.333	0.12078
170.4	0.0957192
170.467	0.100527
170.533	0.102013
170.6	0.0800364
170.667	0.12944
170.733	0.0608698
170.8	0.0539258
170.867	0.066117
170.933	0.0488001
171	0.051939
171.067	0.0540198
171.133	0.0561712
171.2	0.0654508
171.267	0.0711291
171.333	0.0565592
171.4	0.0440937
171.467	0.0499796
171.533	0.0530519
171.6	0.0523583
171.667	0.0528638
171.733	0.0570882
171.8	0.0679666
171.867	0.0457121
171.933	0.0505949
172	0.0592474
172.067	0.0480163
172.133	0.0516216
172.2	0.0529226
172.267	0.0452615
172.333	0.186701
172.4	0.072191
172.467	0.0774618
172.533	0.0630878
172.6	0.0662267
172.667	0.0657408
172.733	0.0650237
172.8	0.0596942
172.867	0.0622845
172.933	0.0688484
173	0.0613479
173.067	0.0714622
173.133	0.08912
173.2	0.0731394
173.267	0.0750047
173.333	0.0607522
173.4	0.0755259
173.467	0.0631897
173.533	0.0835319
173.6	0.0681665
173.667	0.0449989
173.733	0.0751262
173.8	0.0431532
173.867	0.061681
173.933	0.026377
174	0.175787
174.067	0.0670888
174.133	0.0640832
174.2	0.071713
174.267	0.054157
174.333	0.0579347
174.4	0.0490234
174.467	0.0444033
174.533	0.0455593
174.6	0.0675277
174.667	0.0573743
174.733	0.0600194
174.8	0.0564181
174.867	0.0484631
174.933	0.0439408
175	0.0435686
175.067	0.0620376
175.133	0.0468917
175.2	0.0618573
175.267	0.0740642
175.333	0.0792409
175.4	0.0674729
175.467	0.0659407
175.533	0.0886302
175.6	0.087094
175.667	0.114447
175.733	0.0636913
175.8	0.0528325
175.867	0.0717326
175.933	0.0683272
176	0.0730218
176.067	0.096546
176.133	0.0947356
176.2	0.103643
176.267	0.116735
176.333	0.117308
176.4	0.111813
176.467	0.15586
176.533	0.156029
176.6	0.145323
176.667	0.155503
176.733	0.145746
176.8	0.15461
176.867	0.152768
176.933	0.146565
177	0.135925
177.067	0.158493
177.133	0.156895
177.2	0.167808
177.267	0.187112
177.333	0.16597
177.4	0.164881
177.467	0.209876
177.533	0.176814
177.6	0.16193
177.667	0.220739
177.733	0.178075
177.8	0.168886
177.867	0.233968
177.933	0.183844
178	0.183542
178.067	0.174929
178.133	0.188068
178.2	0.215946
178.267	0.255345
178.333	0.219583
178.4	0.220915
178.467	0.279739
178.533	0.204754
178.6	0.219779
178.667	0.2496
178.733	0.233001
178.8	0.214312
178.867	0.242621
178.933	0.209492
179	0.215535
179.067	0.228913
179.133	0.200201
179.2	0.201314
179.267	0.209821
179.333	0.204793
179.4	0.181081
179.467	0.18259
179.533	0.14968
179.6	0.1518
179.667	0.155327
179.733	0.147137
179.8	0.137058
179.867	0.151753
179.933	0.142611
180	0.131529
180.067	0.131979
180.133	0.124114
180.2	0.110516
180.267	0.114459
180.333	0.106676
180.4	0.0975649
180.467	0.0919964
180.533	0.0829833
180.6	0.0779202
180.667	0.206228
180.733	0.125725
180.8	0.124126
180.867	0.128805
180.933	0.100845
181	0.113165
181.067	0.109576
181.133	0.0981135
181.2	0.116006
181.267	0.102577
181.333	0.113381
181.4	0.140522
181.467	0.140295
181.533	0.122813
181.6	0.143261
181.667	0.128499
181.733	0.113788
181.8	0.106993
181.867	0.108275
181.933	0.104909
182	0.111661
182.067	0.106112
182.133	0.121657
182.2	0.116959
182.267	0.131388
182.333	0.172507
182.4	0.133645
182.467	0.132547
182.533	0.144237
182.6	0.147862
182.667	0.125921
182.733	0.132453
182.8	0.141909
182.867	0.122096
182.933	0.138884
183	0.111727
183.067	0.140973
183.133	0.137066
183.2	0.137066
183.267	0.118957
183.333	0.12549
183.4	0.107303
183.467	0.128574
183.533	0.151205
183.6	0.148273
183.667	0.139397
183.733	0.158062
183.8	0.160175
183.867	0.150609
183.933	0.161092
184	0.185545
184.067	0.133735
184.133	0.152365
184.2	0.141905
184.267	0.14952
184.333	0.152698
184.4	0.141106
184.467	0.127563
184.533	0.11692
184.6	0.106327
184.667	0.106072
184.733	0.112162
184.8	0.107389
184.867	0.135906
184.933	0.156742
185	0.123405
185.067	0.116822
185.133	0.119745
185.2	0.116485
185.267	0.12083
185.333	0.127292
185.4	0.123327
185.467	0.129213
185.533	0.125572
185.6	0.13245
185.667	0.231288
185.733	0.155182
185.8	0.146365
185.867	0.157686
185.933	0.143692
186	0.148317
186.067	0.142446
186.133	0.148516
186.2	0.150989
186.267	0.157016
186.333	0.142866
186.4	0.144586
186.467	0.13328
186.533	0.137344
186.6	0.148838
186.667	0.137136
186.733	0.143928
186.8	0.138708
186.867	0.116751
186.933	0.118546
187	0.121936
187.067	0.124796
187.133	0.125474
187.2	0.111249
187.267	0.0711996
187.333	0.192442
187.4	0.108432
187.467	0.106633
187.533	0.106868
187.6	0.0703767
187.667	0.0734764
187.733	0.0660661
187.8	0.090276
187.867	0.0871959
187.933	0.091726
188	0.0842686
188.067	0.0910911
188.133	0.0809494
188.2	0.0678295
188.267	0.0845939
188.333	0.0618103
188.4	0.0798679
188.467	0.0835907
188.533	0.0761921
188.6	0.0949433
188.667	0.0831087
188.733	0.107127
188.8	0.0686015
188.867	0.0673044
188.933	0.0600234
189	0.182527
189.067	0.101256
189.133	0.0816862
189.2	0.0591534
189.267	0.0722616
189.333	0.0653999
189.4	0.0568061
189.467	0.0748675
189.533	0.0727358
189.6	0.0862123
189.667	0.0925411
189.733	0.103478
189.8	0.0451165
189.867	0.0557323
189.933	0.0527227
190	0.0674572
190.067	0.0789822
190.133	0.0651961
190.2	0.0627547
190.267	0.0722302
190.333	0.0765291
190.4	0.067273
190.467	0.0711095
190.533	0.0764272
190.6	0.0576604
190.667	0.163803
190.733	0.0793388
190.8	0.0850798
190.867	0.09867
190.933	0.0899939
191	0.0716385
191.067	0.0701886
191.133	0.0920787
191.2	0.0966048
191.267	0.104732
191.333	0.0970986
191.4	0.0887869
191.467	0.101053
191.533	0.0927762
191.6	0.077497
191.667	0.0730218
191.733	0.0667518
191.8	0.0482515
191.867	0.0591965
191.933	0.0494153
192	0.0510063
192.067	0.0725281
192.133	0.0572215
192.2	0.0670066
192.267	0.062739
192.333	0.126293
192.4	0.0718658
192.467	0.0894688
192.533	0.0780496
192.6	0.0786139
192.667	0.0834653
192.733	0.065588
192.8	0.0591612
192.867	0.0663756
192.933	0.0675356
193	0.0711839
193.067	0.0687504
193.133	0.0653568
193.2	0.0763332
193.267	0.0736057
193.333	0.0863377
193.4	0.0729591
193.467	0.0725359
193.533	0.0684643
193.6	0.0571509
193.667	0.0669556
193.733	0.0647102
193.8	0.0576329
193.867	0.0703492
193.933	0.0735508
194	0.142619
194.067	0.0767015
194.133	0.0686211
194.2	0.0673945
194.267	0.0742641
194.333	0.0701298
194.4	0.0707999
194.467	0.0756356
194.533	0.075616
194.6	0.0789156
194.667	0.075957
194.733	0.0699221
194.8	0.0685623
194.867	0.0845664
194.933	0.0707098
195	0.0637775
195.067	0.084151
195.133	0.0754044
195.2	0.0750361
195.267	0.0963422
195.333	0.074989
195.4	0.101758
195.467	0.104282
195.533	0.112683
195.6	0.0738683
195.667	0.188056
195.733	0.128856
195.8	0.0882305
195.867	0.101887
195.933	0.112527
196	0.103772
196.067	0.0906522
196.133	0.0779594
196.2	0.087
196.267	0.0701886
196.333	0.104148
196.4	0.0894139
196.467	0.0933405
196.533	0.079766
196.6	0.118044
196.667	0.104713
196.733	0.0917338
196.8	0.112609
196.867	0.100312
196.933	0.0944299
197	0.116461
197.067	0.118464
197.133	0.133249
197.2	0.157886
197.267	0.163929
197.333	0.213528
197.4	0.164321
197.467	0.152259
197.533	0.156801
197.6	0.15528
197.667	0.167518
197.733	0.159042
197.8	0.195702
197.867	0.18335
197.933	0.175164
198	0.16581
198.067	0.191846
198.133	0.184197
198.2	0.200259
198.267	0.188311
198.333	0.189393
198.4	0.180474
198.467	0.183272
198.533	0.186313
198.6	0.210542
198.667	0.185204
198.733	0.213473
198.8	0.214814
198.867	0.199068
198.933	0.217345
199	0.301371
199.067	0.22173
199.133	0.230081
199.2	0.224473
199.267	0.214539
199.333	0.221009
199.4	0.228494
199.467	0.232436
199.533	0.239333
199.6	0.252688
199.667	0.248722
199.733	0.232518
199.8	0.255678
199.867	0.26187
199.933	0.241249
200	0.288643
200.067	0.213419
200.133	0.256681
200.2	0.248472
200.267	0.21481
200.333	0.236911
200.4	0.238236
200.467	0.266079
200.533	0.251117
200.6	0.244933
200.667	0.31259
200.733	0.249169
200.8	0.266768
200.867	0.270895
200.933	0.271381
201	0.273759
201.067	0.252034
201.133	0.27555
201.2	0.275147
201.267	0.22146
201.333	0.260487
201.4	0.270522
201.467	0.203222
201.533	0.253876
201.6	0.210123
201.667	0.155147
201.733	0.270291
201.8	0.291151
201.867	0.267775
201.933	0.280041
202	0.196015
202.067	0.146146
202.133	0.227009
202.2	0.238448
202.267	0.177864
202.333	0.269809
202.4	0.286221
202.467	0.234509
202.533	0.195377
202.6	0.18886
202.667	0.170128
202.733	0.159994
202.8	0.245666
202.867	0.177429
202.933	0.22456
203	0.179615
203.067	0.179639
203.133	0.232326
203.2	0.166213
203.267	0.148708
203.333	0.173271
203.4	0.205993
203.467	0.221283
203.533	0.178373
203.6	0.170269
203.667	0.158251
203.733	0.151969
203.8	0.149586
203.867	0.156789
203.933	0.162718
204	0.269523
204.067	0.163321
204.133	0.164246
204.2	0.180603
204.267	0.169678
204.333	0.160371
204.4	0.157674
204.467	0.19205
204.533	0.171233
204.6	0.18469
204.667	0.19038
204.733	0.171225
204.8	0.187476
204.867	0.160053
204.933	0.179243
205	0.163498
205.067	0.189416
205.133	0.166135
205.2	0.16775
205.267	0.121305
205.333	0.115148
205.4	0.130471
205.467	0.109697
205.533	0.120192
205.6	0.0995517
205.667	0.241598
205.733	0.125337
205.8	0.121791
205.867	0.160958
205.933	0.140726
206	0.146863
206.067	0.151361
206.133	0.136125
206.2	0.129961
206.267	0.144464
206.333	0.123895
206.4	0.140079
206.467	0.144088
206.533	0.140632
206.6	0.140761
206.667	0.151463
206.733	0.147921
206.8	0.150585
206.867	0.144982
206.933	0.164133
207	0.150303
207.067	0.158901
207.133	0.157353
207.2	0.155398
207.267	0.131352
207.333	0.266004
207.4	0.176418
207.467	0.189945
207.533	0.149908
207.6	0.143975
207.667	0.148759
207.733	0.155758
207.8	0.145229
207.867	0.152325
207.933	0.136388
208	0.13522
208.067	0.154775
208.133	0.15992
208.2	0.151483
208.267	0.121171
208.333	0.121324
208.4	0.135373
208.467	0.164042
208.533	0.116931
208.6	0.134668
208.667	0.175419
208.733	0.124741
208.8	0.132297
208.867	0.128864
208.933	0.100261
209	0.235638
209.067	0.162487
209.133	0.0824346
209.2	0.109149
209.267	0.0689777
209.333	0.0715288
209.4	0.0688601
209.467	0.102749
209.533	0.103251
209.6	0.0731825
209.667	0.0664148
209.733	0.0887987
209.8	0.111218
209.867	0.118863
209.933	0.0766937
210	0.0793702
210.067	0.0954331
210.133	0.0789078
210.2	0.0860595
210.267	0.100618
210.333	0.0972044
210.4	0.110273
210.467	0.103008
210.533	0.103212
210.6	0.0952254
210.667	0.253648
210.733	0.140769
210.8	0.11295
210.867	0.145938
210.933	0.118377
211	0.120552
211.067	0.105383
211.133	0.103224
211.2	0.13772
211.267	0.0977373
211.333	0.146874
211.4	0.12154
211.467	0.107903
211.533	0.112962
211.6	0.102702
211.667	0.0925097
211.733	0.106488
211.8	0.115199
211.867	0.0936383
211.933	0.0992656
212	0.106515
212.067	0.0831792
212.133	0.0986034
212.2	0.101456
212.267	0.0947552
212.333	0.263222
212.4	0.144511
212.467	0.141184
212.533	0.118448
212.6	0.144884
212.667	0.108048
212.733	0.115983
212.8	0.103
212.867	0.104082
212.933	0.114392
213	0.0975767
213.067	0.0834457
213.133	0.0894923
213.2	0.129385
213.267	0.0762078
213.333	0.135682
213.4	0.11505
213.467	0.0776655
213.533	0.093556
213.6	0.0916554
213.667	0.100606
213.733	0.106178
213.8	0.102522
213.867	0.0875486
213.933	0.0811493
214	0.238224
214.067	0.195181
214.133	0.142615
214.2	0.109243
214.267	0.0817959
214.333	0.0893982
214.4	0.113726
214.467	0.102181
214.533	0.100187
214.6	0.0961306
214.667	0.0750321
214.733	0.0854638
214.8	0.0599136
214.867	0.0698516
214.933	0.0726221
215	0.0542432
215.067	0.0484552
215.133	0.0426085
215.2	0.0660935
215.267	0.058738
215.333	0.0527031
215.4	0.0681469
215.467	0.0619631
215.533	0.0588556
215.6	0.0695224
215.667	0.24895
215.733	0.11121
215.8	0.0934855
215.867	0.0850249
215.933	0.0607091
216	0.0933013
216.067	0.121395
216.133	0.0849426
216.2	0.101225
216.267	0.0933875
216.333	0.0706
216.4	0.0727201
216.467	0.110775
216.533	0.0614929
216.6	0.0653528
216.667	0.123664
216.733	0.064863
216.8	0.0572254
216.867	0.0420677
216.933	0.0427809
217	0.0438037
217.067	0.0672613
217.133	0.0692637
217.2	0.0546547
217.267	0.0624922
217.333	0.168043
217.4	0.0976746
217.467	0.0880737
217.533	0.0788764
217.6	0.0650002
217.667	0.0701847
217.733	0.0402102
217.8	0.0648395
217.867	0.0655958
217.933	0.0421617
218	0.0508222
218.067	0.0759805
218.133	0.0502187
218.2	0.0457513
218.267	0.0610853
218.333	0.0634209
218.4	0.049768
218.467	0.0641772
218.533	0.0576643
218.6	0.0571117
218.667	0.0578406
218.733	0.0542902
218.8	0.0527345
218.867	0.0590946
218.933	0.0553718
219	0.208485
219.067	0.114384
219.133	0.0816548
219.2	0.0784101
219.267	0.0739075
219.333	0.0646788
219.4	0.0435607
219.467	0.0687347
219.533	0.0532988
219.6	0.0520879
219.667	0.0530206
219.733	0.065153
219.8	0.0704041
219.867	0.0716072
219.933	0.0528325
220	0.0627194
220.067	0.0863808
220.133	0.0842608
220.2	0.0761019
220.267	0.0638676
220.333	0.0571431
220.4	0.0572489
220.467	0.0632406
220.533	0.0537612
220.6	0.0475343
220.667	0.213822
220.733	0.0940106
220.8	0.087094
220.867	0.0934463
220.933	0.0785041
221	0.056277
221.067	0.0787549
221.133	0.0693813
221.2	0.0753535
221.267	0.0912205
221.333	0.0630643
221.4	0.0931289
221.467	0.0704472
221.533	0.0801147
221.6	0.0774343
221.667	0.0718736
221.733	0.0775872
221.8	0.0664618
221.867	0.0950491
221.933	0.0842647
222	0.064573
222.067	0.0767485
222.133	0.0670183
222.2	0.0716385
222.267	0.0784728
222.333	0.193782
222.4	0.123123
222.467	0.0791076
222.533	0.0967929
222.6	0.101586
222.667	0.123131
222.733	0.086855
222.8	0.0895276
222.867	0.095488
222.933	0.0793545
223	0.0939322
223.067	0.105763
223.133	0.0797895
223.2	0.0961659
223.267	0.0783082
223.333	0.0737899
223.4	0.0845155
223.467	0.0831831
223.533	0.099101
223.6	0.0926978
223.667	0.094857
223.733	0.0813256
223.8	0.0888222
223.867	0.0917769
223.933	0.07176
224	0.191336
224.067	0.10579
224.133	0.0845312
224.2	0.0866982
224.267	0.0873213
224.333	0.0906483
224.4	0.0892297
224.467	0.0959386
224.533	0.0877328
224.6	0.0827521
224.667	0.0951118
224.733	0.0749616
224.8	0.0691932
224.867	0.0531812
224.933	0.0429298
225	0.0375964
225.067	0.0556109
225.133	0.0383919
225.2	0.0519821
225.267	0.0772972
225.333	0.0451243
225.4	0.0480281
225.467	0.0373848
225.533	0.0560576
225.6	0.0444581
225.667	0.190561
225.733	0.0907541
225.8	0.0743855
225.867	0.0550466
225.933	0.0608424
226	0.0805497
226.067	0.0511984
226.133	0.0604309
226.2	0.0543098
226.267	0.0648081
226.333	0.0821721
226.4	0.0775636
226.467	0.0595884
226.533	0.0425614
226.6	0.0477028
226.667	0.0768426
226.733	0.0550426
226.8	0.0589731
226.867	0.074844
226.933	0.0605171
227	0.0595766
227.067	0.0526718
227.133	0.0660308
227.2	0.0603917
227.267	0.0531616
227.333	0.24893
227.4	0.0916907
227.467	0.1252
227.533	0.0953822
227.6	0.0694832
227.667	0.088156
227.733	0.0828775
227.8	0.0786609
227.867	0.0952293
227.933	0.0730297
228	0.0841001
228.067	0.113863
228.133	0.0675591
228.2	0.0733471
228.267	0.0477499
228.333	0.078414
228.4	0.111841
228.467	0.061007
228.533	0.0766271
228.6	0.061101
228.667	0.069495
228.733	0.106688
228.8	0.0835946
228.867	0.0683428
228.933	0.121242
229	0.250035
229.067	0.114259
229.133	0.0817293
229.2	0.102185
229.267	0.0700553
229.333	0.0744012
229.4	0.0989247
229.467	0.0749498
229.533	0.0534791
229.6	0.0720852
229.667	0.0518724
229.733	0.0598039
229.8	0.0409234
229.867	0.041809
229.933	0.0448461
230	0.0665441
230.067	0.0744522
230.133	0.0670457
230.2	0.0888026
230.267	0.0595414
230.333	0.081212
230.4	0.0531185
230.467	0.0679941
230.533	0.061438
230.6	0.0649218
230.667	0.250509
230.733	0.126544
230.8	0.0781123
230.867	0.113973
230.933	0.0968438
231	0.11094
231.067	0.0998456
231.133	0.0684486
231.2	0.0697066
231.267	0.0649923
231.333	0.0867374
231.4	0.0902408
231.467	0.0744522
231.533	0.0746716
231.6	0.0576956
231.667	0.0578093
231.733	0.0751771
231.8	0.0802911
231.867	0.0721323
231.933	0.0785708
232	0.0592239
232.067	0.0524759
232.133	0.0662502
232.2	0.0451008
232.267	0.042581
232.333	0.230449
232.4	0.0994733
232.467	0.096981
232.533	0.0871724
232.6	0.113357
232.667	0.0691344
232.733	0.0926939
232.8	0.0846722
232.867	0.0957388
232.933	0.0716307
233	0.0892258
233.067	0.115215
233.133	0.115548
233.2	0.0370203
233.267	0.0514766
233.333	0.207885
233.4	0.0480477
233.467	0.0636364
233.533	0.0639147
233.6	0.0620533
233.667	0.0570686
233.733	0.0711134
233.8	0.0637736
233.867	0.0579699
233.933	0.0474364
234	0.21198
234.067	0.0874702
234.133	0.0628762
234.2	0.0572724
234.267	0.114819
234.333	0.101942
234.4	0.118201
234.467	0.0957113
234.533	0.0709606
234.6	0.0931446
234.667	0.0983565
234.733	0.107875
234.8	0.0967929
234.867	0.0764272
234.933	0.11496
235	0.0742092
235.067	0.0677942
235.133	0.103929
235.2	0.0757845
235.267	0.0585617
235.333	0.0784963
235.4	0.0786609
235.467	0.0611284
235.533	0.0543569
235.6	0.0327097
235.667	0.257551
235.733	0.119733
235.8	0.127191
235.867	0.0526522
235.933	0.102926
236	0.128672
236.067	0.0886772
236.133	0.0632798
236.2	0.0547722
236.267	0.0521467
236.333	0.0822113
236.4	0.0841589
236.467	0.0675513
236.533	0.074413
236.6	0.0699221
236.667	0.070071
236.733	0.0576799
236.8	0.0635581
236.867	0.0514687
236.933	0.0569746
237	0.0778811
237.067	0.0832811
237.133	0.0579307
237.2	0.100602
237.267	0.0691697
237.333	0.235826
237.4	0.0907189
237.467	0.0932739
237.533	0.0937324
237.6	0.0906914
237.667	0.0778301
237.733	0.0978823
237.8	0.0896412
237.867	0.0735783
237.933	0.154077
238	0.126967
238.067	0.123487
238.133	0.09925
238.2	0.0867766
238.267	0.0842451
238.333	0.0640126
238.4	0.102052
238.467	0.0872782
238.533	0.0805027
238.6	0.0912165
238.667	0.0648395
238.733	0.0707294
238.8	0.0809063
238.867	0.0911617
238.933	0.0669047
239	0.0592239
239.067	0.0558734
239.133	0.0594826
239.2	0.0625274
239.267	0.0647885
239.333	0.0746011
239.4	0.0550505
239.467	0.0640988
239.533	0.0600508
239.6	0.208951
239.667	0.0883167
239.733	0.0726848
239.8	0.0999083
239.867	0.0886262
239.933	0.069832
240	0.0451204
240.067	0.0682958
240.133	0.0464488
240.2	0.0622845
240.267	0.083669
240.333	0.0975962
240.4	0.0935443
240.467	0.0648669
240.533	0.0633817
240.6	0.0272235
240.667	0.049478
240.733	0.0459433
240.8	0.0460922
240.867	0.064769
240.933	0.049913
241	0.0689424
241.067	0.0543412
241.133	0.0321298
241.2	0.0520722
241.267	0.197305
241.333	0.101586
241.4	0.100665
241.467	0.0753456
241.533	0.0820036
241.6	0.104681
241.667	0.0825953
241.733	0.0586557
241.8	0.0768112
241.867	0.0801735
241.933	0.0509044
242	0.0974708
242.067	0.0891827
242.133	0.0898097
242.2	0.0845351
242.267	0.0997516
242.333	0.090711
242.4	0.0732961
242.467	0.0917495
242.533	0.09626
242.6	0.0591495
242.667	0.0687582
242.733	0.0661405
242.8	0.0718031
242.867	0.0520761
242.933	0.186038
243	0.107922
243.067	0.0874036
243.133	0.0934698
243.2	0.111194
243.267	0.0945671
243.333	0.0731903
243.4	0.0943633
243.467	0.0771404
243.533	0.0534007
243.6	0.0788372
243.667	0.0976942
243.733	0.0709018
243.8	0.0911617
243.867	0.0740329
243.933	0.0785159
244	0.0921845
244.067	0.0764429
244.133	0.0561791
244.2	0.0746677
244.267	0.0635032
244.333	0.0567081
244.4	0.0696909
244.467	0.0715876
244.533	0.0598666
244.6	0.215115
244.667	0.081741
244.733	0.0838101
244.8	0.0778615
244.867	0.0866081
244.933	0.0870352
245	0.0870901
245.067	0.0860516
245.133	0.0955585
245.2	0.0667205
245.267	0.0636952
245.333	0.0705099
245.4	0.0814589
245.467	0.108251
245.533	0.0827638
245.6	0.0908129
245.667	0.095488
245.733	0.0914673
245.8	0.0834888
245.867	0.0592083
245.933	0.0544235
246	0.0851738
246.067	0.0539767
246.133	0.0390855
246.2	0.0513159
246.267	0.183734
246.333	0.0781671
246.4	0.0741073
246.467	0.0932073
246.533	0.113189
246.6	0.102244
246.667	0.0963148
246.733	0.120019
246.8	0.114623
246.867	0.103612
246.933	0.115599
247	0.0877602
247.067	0.0995203
247.133	0.0897705
247.2	0.105011
247.267	0.101217
247.333	0.0962952
247.4	0.0836024
247.467	0.0937089
247.533	0.0860673
247.6	0.0747461
247.667	0.0701141
247.733	0.0854481
247.8	0.0790018
247.867	0.0782455
247.933	0.241606
248	0.112229
248.067	0.0895628
248.133	0.104685
248.2	0.109541
248.267	0.122441
248.333	0.118467
248.4	0.118738
248.467	0.126775
248.533	0.10242
248.6	0.0869138
248.667	0.118718
248.733	0.0942222
248.8	0.0947983
248.867	0.0952058
248.933	0.0904524
249	0.0934581
249.067	0.09211
249.133	0.0777909
249.2	0.111092
249.267	0.103741
249.333	0.110352
249.4	0.117123
249.467	0.105163
249.533	0.0871489
249.6	0.270605
249.667	0.126889
249.733	0.145076
249.8	0.133954
249.867	0.116963
249.933	0.131168
250	0.138688
250.067	0.109654
250.133	0.112111
250.2	0.126344
250.267	0.109486
250.333	0.100206
250.4	0.0759883
250.467	0.0871802
250.533	0.104697
250.6	0.0420716
250.667	0.0790528
250.733	0.0523465
250.8	0.0718736
250.867	0.0607797
250.933	0.0592435
251	0.0512101
251.067	0.0883794
251.133	0.065055
251.2	0.0571627
251.267	0.191979
251.333	0.0910519
251.4	0.0759922
251.467	0.096691
251.533	0.0902016
251.6	0.0742523
251.667	0.0722537
251.733	0.0887007
251.8	0.0840021
251.867	0.0936501
251.933	0.0621943
252	0.0891514
252.067	0.0786256
252.133	0.0646161
252.2	0.0896843
252.267	0.085456
252.333	0.0782494
252.4	0.0772932
252.467	0.0606582
252.533	0.069879
252.6	0.0590241
252.667	0.0549525
252.733	0.0661601
252.8	0.0672926
252.867	0.0714778
252.933	0.273074
253	0.141792
253.067	0.0910245
253.133	0.0868158
253.2	0.0891866
253.267	0.0901977
253.333	0.102169
253.4	0.102824
253.467	0.089747
253.533	0.0994145
253.6	0.0923843
253.667	0.113596
253.733	0.10675
253.8	0.0956996
253.867	0.107805
253.933	0.113581
254	0.0905543
254.067	0.102401
254.133	0.136905
254.2	0.0733549
254.267	0.0889397
254.333	0.104395
254.4	0.0935247
254.467	0.108467
254.533	0.105978
254.6	0.227303
254.667	0.0988463
254.733	0.136552
254.8	0.0992382
254.867	0.101276
254.933	0.0591887
255	0.093317
255.067	0.0918866
255.133	0.0918357
255.2	0.0790919
255.267	0.0824973
255.333	0.0936932
255.4	0.0925724
255.467	0.104431
255.533	0.0894178
255.6	0.0875486
255.667	0.0870039
255.733	0.0557127
255.8	0.0903113
255.867	0.0825052
255.933	0.0802127
256	0.102789
256.067	0.0731433
256.133	0.0680293
256.2	0.0569354
256.267	0.286895
256.333	0.142995
256.4	0.135287
256.467	0.0868236
256.533	0.0998965
256.6	0.10746
256.667	0.0726299
256.733	0.0510298
256.8	0.0982036
256.867	0.0471816
256.933	0.0628605
257	0.0880972
257.067	0.0758982
257.133	0.094665
257.2	0.0969732
257.267	0.0755337
257.333	0.0809925
257.4	0.0809808
257.467	0.109427
257.533	0.0925763
257.6	0.0732687
257.667	0.107883
257.733	0.0766427
257.8	0.0496426
257.867	0.0609952
257.933	0.225085
258	0.131149
258.067	0.0901467
258.133	0.122911
258.2	0.144441
258.267	0.137042
258.333	0.0921296
258.4	0.0893238
258.467	0.081502
258.533	0.0771051
258.6	0.0747069
258.667	0.077258
258.733	0.0972984
258.8	0.115838
258.867	0.0820114
258.933	0.0777753
259	0.0939871
259.067	0.0680293
259.133	0.0842137
259.2	0.0709214
259.267	0.0636521
259.333	0.0833673
259.4	0.0897744
259.467	0.0942967
259.533	0.0551132
259.6	0.267862
259.667	0.101319
259.733	0.0903622
259.8	0.0946494
259.867	0.0906248
259.933	0.137289
260	0.0987954
260.067	0.100759
260.133	0.0827325
260.2	0.0595374
260.267	0.0719794
260.333	0.0816901
260.4	0.0667362
260.467	0.10329
260.533	0.0734215
260.6	0.121845
260.667	0.0653489
260.733	0.0735508
260.8	0.076968
260.867	0.0605563
260.933	0.0704629
261	0.0713838
261.067	0.0790684
261.133	0.0529265
261.2	0.0454613
261.267	0.253578
261.333	0.0870509
261.4	0.0943359
261.467	0.0760628
261.533	0.0564142
261.6	0.0907149
261.667	0.071713
261.733	0.0701494
261.8	0.0874781
261.867	0.0497563
261.933	0.0618064
262	0.0704511
262.067	0.0696674
262.133	0.0532439
262.2	0.063225
262.267	0.069687
262.333	0.053338
262.4	0.0640205
262.467	0.0689973
262.533	0.0775872
262.6	0.0488902
262.667	0.0607131
262.733	0.0498856
262.8	0.045814
262.867	0.0296335
262.933	0.235728
263	0.11045
263.067	0.0867923
263.133	0.0980822
263.2	0.108204
263.267	0.090903
263.333	0.104728
263.4	0.101331
263.467	0.103427
263.533	0.0974748
263.6	0.109482
263.667	0.0782651
263.733	0.0723439
263.8	0.0526836
263.867	0.0743659
263.933	0.0766271
264	0.0849701
264.067	0.0654743
264.133	0.0814314
264.2	0.0508927
264.267	0.0529775
264.333	0.0546272
264.4	0.05054
264.467	0.0520017
264.533	0.0360054
264.6	0.215593
264.667	0.124126
264.733	0.0853502
264.8	0.107362
264.867	0.137548
264.933	0.069107
265	0.0820859
265.067	0.0832968
265.133	0.0974513
265.2	0.0760432
265.267	0.061873
265.333	0.0867648
265.4	0.0869804
265.467	0.070361
265.533	0.0616927
265.6	0.0474951
265.667	0.0702983
265.733	0.0940811
265.8	0.0838101
265.867	0.0595257
265.933	0.0590476
266	0.0643575
266.067	0.0516999
266.133	0.0832576
266.2	0.0464449
266.267	0.211976
266.333	0.134111
266.4	0.103862
266.467	0.100962
266.533	0.093509
266.6	0.0613087
266.667	0.171508
266.733	0.0542158
266.8	0.0474089
266.867	0.0554972
266.933	0.0508457
267	0.0656076
267.067	0.0641067
267.133	0.109215
267.2	0.110877
267.267	0.121058
267.333	0.0609403
267.4	0.0487217
267.467	0.0678256
267.533	0.0605014
267.6	0.0427966
267.667	0.0319495
267.733	0.0799972
267.8	0.0590672
267.867	0.0481143
267.933	0.230003
268	0.101856
268.067	0.0782729
268.133	0.108722
268.2	0.100128
268.267	0.0711134
268.333	0.0707176
268.4	0.0908638
268.467	0.0856715
268.533	0.0517666
268.6	0.0661679
268.667	0.0680999
268.733	0.0767681
268.8	0.0842098
268.867	0.0673906
268.933	0.0958171
269	0.0890416
269.067	0.0898724
269.133	0.0563907
269.2	0.0644437
269.267	0.0856127
269.333	0.0658975
269.4	0.0613165
269.467	0.0559949
269.533	0.0710703
269.6	0.241238
269.667	0.110199
269.733	0.11815
269.8	0.0682527
269.867	0.0916241
269.933	0.0673357
270	0.0774265
270.067	0.0981214
270.133	0.0892101
270.2	0.104101
270.267	0.0747931
270.333	0.0823759
270.4	0.083042
270.467	0.1026
270.533	0.0877053
270.6	0.0832968
270.667	0.0407275
270.733	0.097224
270.8	0.0660034
270.867	0.0824425
270.933	0.0507477
271	0.056955
271.067	0.0593219
271.133	0.0341009
271.2	0.0260831
271.267	0.19067
271.333	0.147309
271.4	0.102585
271.467	0.122927
271.533	0.0717992
271.6	0.0726299
271.667	0.105708
271.733	0.106519
271.8	0.0847506
271.867	0.109917
271.933	0.0733706
272	0.0847702
272.067	0.0810983
272.133	0.0942222
272.2	0.058162
272.267	0.0500893
272.333	0.0737468
272.4	0.0479301
272.467	0.0765369
272.533	0.0780927
272.6	0.0589379
272.667	0.0513708
272.733	0.0691736
272.8	0.0753731
272.867	0.0771404
272.933	0.21169
273	0.153811
273.067	0.177946
273.133	0.0810631
273.2	0.101386
273.267	0.110148
273.333	0.122786
273.4	0.126227
273.467	0.128515
273.533	0.114345
273.6	0.13879
273.667	0.122496
273.733	0.109309
273.8	0.137371
273.867	0.088058
273.933	0.08526
274	0.101009
274.067	0.128382
274.133	0.078222
274.2	0.118413
274.267	0.0811297
274.333	0.0420794
274.4	0.0700906
274.467	0.0828931
274.533	0.0758316
274.6	0.202144
274.667	0.103572
274.733	0.132477
274.8	0.0798796
274.867	0.0791037
274.933	0.072869
275	0.108745
275.067	0.0975453
275.133	0.101013
275.2	0.0979881
275.267	0.0750948
275.333	0.0636717
275.4	0.124118
275.467	0.12692
275.533	0.103882
275.6	0.131168
275.667	0.0892964
275.733	0.0785316
275.8	0.167185
275.867	0.163823
275.933	0.0624491
276	0.161319
276.067	0.180756
276.133	0.163353
276.2	0.17786
276.267	0.266604
276.333	0.226883
276.4	0.198617
276.467	0.236657
276.533	0.1792
276.6	0.183891
276.667	0.209288
276.733	0.204719
276.8	0.210244
276.867	0.211553
276.933	0.134201
277	0.252806
277.067	0.226879
277.133	0.236614
277.2	0.194417
277.267	0.226127
277.333	0.111911
277.4	0.240399
277.467	0.25973
277.533	0.136709
277.6	0.232236
277.667	0.276412
277.733	0.159685
277.8	0.283403
277.867	0.257512
277.933	0.247962
278	0.284438
278.067	0.28184
278.133	0.168267
278.2	0.199433
278.267	0.196478
278.333	0.17938
278.4	0.194879
278.467	0.211342
278.533	0.221472
278.6	0.225669
278.667	0.212239
278.733	0.266831
278.8	0.264926
278.867	0.269053
278.933	0.242597
279	0.274175
279.067	0.296308
279.133	0.247962
279.2	0.299376
279.267	0.274923
279.333	0.214872
279.4	0.277776
279.467	0.264264
279.533	0.204766
279.6	0.294019
279.667	0.277545
279.733	0.217674
279.8	0.248237
279.867	0.246414
279.933	0.263492
280	0.34213
280.067	0.278489
280.133	0.257579
280.2	0.331663
280.267	0.368746
280.333	0.380623
280.4	0.421809
280.467	0.477898
280.533	0.398493
280.6	0.454605
280.667	0.540771
280.733	0.487715
280.8	0.558342
280.867	0.490305
280.933	0.516506
281	0.489976
281.067	0.426449
281.133	0.470609
281.2	0.509856
281.267	0.572622
281.333	0.477887
281.4	0.571811
281.467	0.546696
281.533	0.463677
281.6	0.566818
281.667	0.498511
281.733	0.542695
281.8	0.480442
281.867	0.540003
281.933	0.500004
282	0.522298
282.067	0.517192
282.133	0.504879
282.2	0.496881
282.267	0.495537
282.333	0.464049
282.4	0.489945
282.467	0.552746
282.533	0.546762
282.6	0.52566
282.667	0.533125
282.733	0.544924
282.8	0.524077
282.867	0.551868
282.933	0.521169
283	0.52102
283.067	0.543647
283.133	0.545238
283.2	0.544121
283.267	0.542867
283.333	0.551696
283.4	0.581118
283.467	0.598697
283.533	0.567567
283.6	0.591232
283.667	0.56328
283.733	0.59088
283.8	0.596229
283.867	0.581494
283.933	0.580224
284	0.612303
284.067	0.608769
284.133	0.63241
284.2	0.578829
284.267	0.551441
284.333	0.580734
284.4	0.565706
284.467	0.399672
284.533	0.620854
284.6	0.490293
284.667	0.54603
284.733	0.603925
284.8	0.534947
284.867	0.542675
284.933	0.473846
285	0.511744
285.067	0.556493
285.133	0.46885
285.2	0.545101
285.267	0.580761
285.333	0.578089
285.4	0.473599
285.467	0.541695
285.533	0.532827
285.6	0.531761
285.667	0.581126
285.733	0.609627
285.8	0.599313
285.867	0.606649
285.933	0.647325
286	0.619498
286.067	0.622398
286.133	0.640369
286.2	0.622923
286.267	0.550877
286.333	0.551716
286.4	0.595174
286.467	0.492386
286.533	0.618444
286.6	0.616175
286.667	0.600002
286.733	0.529837
286.8	0.508531
286.867	0.628476
286.933	0.633739
287	0.661538
287.067	0.673228
287.133	0.677131
287.2	0.652447
287.267	0.658603
287.333	0.70254
287.4	0.638712
287.467	0.679698
287.533	0.706561
287.6	0.67565
287.667	0.697418
287.733	0.713638
287.8	0.689855
287.867	0.702513
287.933	0.656648
288	0.65452
288.067	0.674031
288.133	0.69725
288.2	0.675654
288.267	0.668604
288.333	0.669415
288.4	0.675991
288.467	0.636
288.533	0.683377
288.6	0.666629
288.667	0.675254
288.733	0.6827
288.8	0.674235
288.867	0.594422
288.933	0.598913
289	0.484305
289.067	0.485865
289.133	0.505953
289.2	0.653215
289.267	0.623558
289.333	0.685709
289.4	0.664955
289.467	0.648614
289.533	0.679529
289.6	0.629217
289.667	0.642411
289.733	0.659309
289.8	0.659289
289.867	0.638614
289.933	0.660214
290	0.637908
290.067	0.636149
290.133	0.65528
290.2	0.627641
290.267	0.628401
290.333	0.651404
290.4	0.611508
290.467	0.603016
290.533	0.615779
290.6	0.594779
290.667	0.60242
290.733	0.620917
290.8	0.588415
290.867	0.574413
290.933	0.603788
291	0.572269
291.067	0.564299
291.133	0.580656
291.2	0.548228
291.267	0.509272
291.333	0.551457
291.4	0.540359
291.467	0.539015
291.533	0.583089
291.6	0.56297
291.667	0.556673
291.733	0.580303
291.8	0.560686
291.867	0.555556
291.933	0.586028
292	0.560149
292.067	0.553307
292.133	0.587639
292.2	0.565549
292.267	0.531761
292.333	0.602193
292.4	0.52479
292.467	0.510251
292.533	0.58912
292.6	0.513124
292.667	0.520593
292.733	0.57062
292.8	0.457658
292.867	0.499557
292.933	0.550168
293	0.495364
293.067	0.516004
293.133	0.46584
293.2	0.51468
293.267	0.504479
293.333	0.571928
293.4	0.531083
293.467	0.510875
293.533	0.562469
293.6	0.493855
293.667	0.489843
293.733	0.56489
293.8	0.489173
293.867	0.495693
293.933	0.535445
294	0.47831
294.067	0.492558
294.133	0.542397
294.2	0.479411
294.267	0.458332
294.333	0.509362
294.4	0.456236
294.467	0.47291
294.533	0.54235
294.6	0.456686
294.667	0.466044
294.733	0.527772
294.8	0.486578
294.867	0.469814
294.933	0.520138
295	0.400299
295.067	0.400468
295.133	0.536695
295.2	0.453888
295.267	0.420085
295.333	0.538854
295.4	0.398074
295.467	0.440819
295.533	0.556496
295.6	0.501673
295.667	0.414885
295.733	0.378143
295.8	0.260467
295.867	0.338795
295.933	0.517278
296	0.462995
296.067	0.415402
296.133	0.489995
296.2	0.515553
296.267	0.519425
296.333	0.598004
296.4	0.523387
296.467	0.521267
296.533	0.620388
296.6	0.5251
296.667	0.526479
296.733	0.642466
296.8	0.528619
296.867	0.547135
296.933	0.640107
297	0.510608
297.067	0.510847
297.133	0.639307
297.2	0.46894
297.267	0.514092
297.333	0.623001
297.4	0.507544
297.467	0.547276
297.533	0.602138
297.6	0.493793
297.667	0.540825
297.733	0.625592
297.8	0.559024
297.867	0.548577
297.933	0.621986
298	0.515961
298.067	0.523089
298.133	0.597961
298.2	0.549074
298.267	0.527059
298.333	0.601734
298.4	0.556042
298.467	0.534207
298.533	0.590915
298.6	0.528305
298.667	0.518136
298.733	0.583277
298.8	0.522615
298.867	0.505906
298.933	0.541162
299	0.486923
299.067	0.475379
299.133	0.542444
299.2	0.468736
299.267	0.481527
299.333	0.566466
299.4	0.463277
299.467	0.460926
299.533	0.555207
299.6	0.383562
299.667	0.430184
299.733	0.536687
299.8	0.446689
299.867	0.444683
299.933	0.559867
300	0.426116
300.067	0.426473
300.133	0.552327
300.2	0.486194
300.267	0.491704
300.333	0.569573
300.4	0.485332
300.467	0.464316
300.533	0.566415
300.6	0.480728
300.667	0.451976
300.733	0.563821
300.8	0.445224
300.867	0.456804
300.933	0.559016
301	0.492982
301.067	0.493746
301.133	0.551684
301.2	0.483196
301.267	0.442406
301.333	0.491449
301.4	0.470425
301.467	0.45339
301.533	0.512191
301.6	0.475908
301.667	0.435936
301.733	0.539477
301.8	0.444581
301.867	0.427887
301.933	0.536824
302	0.443135
302.067	0.438809
302.133	0.516043
302.2	0.444871
302.267	0.419446
302.333	0.530237
302.4	0.462051
302.467	0.434631
302.533	0.513872
302.6	0.403058
302.667	0.441046
302.733	0.359541
302.8	0.341166
302.867	0.390436
302.933	0.382269
303	0.406185
303.067	0.41918
303.133	0.400346
303.2	0.438503
303.267	0.405978
303.333	0.50105
303.4	0.441936
303.467	0.399618
303.533	0.423878
303.6	0.436462
303.667	0.447458
303.733	0.540641
303.8	0.466393
303.867	0.471566
303.933	0.545348
304	0.484791
304.067	0.484827
304.133	0.570733
304.2	0.479168
304.267	0.505318
304.333	0.577893
304.4	0.497519
304.467	0.522662
304.533	0.594207
304.6	0.500682
304.667	0.543588
304.733	0.585856
304.8	0.521036
304.867	0.492911
304.933	0.58437
305	0.502273
305.067	0.508696
305.133	0.553789
305.2	0.478282
305.267	0.492202
305.333	0.549525
305.4	0.506685
305.467	0.476993
305.533	0.556449
305.6	0.47552
305.667	0.480085
305.733	0.531487
305.8	0.375388
305.867	0.456141
305.933	0.523932
306	0.461871
306.067	0.482471
306.133	0.53133
306.2	0.453465
306.267	0.467259
306.333	0.500404
306.4	0.444855
306.467	0.457615
306.533	0.489333
306.6	0.449918
306.667	0.444201
306.733	0.499075
306.8	0.451435
306.867	0.446678
306.933	0.492339
307	0.428898
307.067	0.441137
307.133	0.419047
307.2	0.394406
307.267	0.428977
307.333	0.428342
307.4	0.377347
307.467	0.393159
307.533	0.485697
307.6	0.421033
307.667	0.410539
307.733	0.337795
307.8	0.387473
307.867	0.392211
307.933	0.47182
308	0.360896
308.067	0.400656
308.133	0.436489
308.2	0.393532
308.267	0.388665
308.333	0.373903
308.4	0.403066
308.467	0.380451
308.533	0.422538
308.6	0.365842
308.667	0.407177
308.733	0.421088
308.8	0.405515
308.867	0.400868
308.933	0.417189
309	0.378558
309.067	0.371101
309.133	0.412248
309.2	0.386929
309.267	0.380902
309.333	0.417405
309.4	0.389045
309.467	0.40289
309.533	0.428577
309.6	0.373291
309.667	0.388089
309.733	0.42958
309.8	0.390032
309.867	0.381674
309.933	0.441387
310	0.414583
310.067	0.402173
310.133	0.437755
310.2	0.390338
310.267	0.398262
310.333	0.427989
310.4	0.37924
310.467	0.380666
310.533	0.43353
310.6	0.356664
310.667	0.375012
310.733	0.422507
310.8	0.367911
310.867	0.37625
310.933	0.40664
311	0.355128
311.067	0.321494
311.133	0.393504
311.2	0.279371
311.267	0.310901
311.333	0.391263
311.4	0.321768
311.467	0.315678
311.533	0.397231
311.6	0.33167
311.667	0.325232
311.733	0.387932
311.8	0.343482
311.867	0.331173
311.933	0.377449
312	0.343035
312.067	0.328116
312.133	0.370168
312.2	0.338419
312.267	0.332525
312.333	0.360085
312.4	0.310403
312.467	0.312704
312.533	0.342572
312.6	0.303844
312.667	0.279684
312.733	0.357299
312.8	0.324519
312.867	0.331106
312.933	0.372269
313	0.286903
313.067	0.27912
313.133	0.351123
313.2	0.324793
313.267	0.286425
313.333	0.374749
313.4	0.341922
313.467	0.34519
313.533	0.382998
313.6	0.343752
313.667	0.353537
313.733	0.390103
313.8	0.360599
313.867	0.349136
313.933	0.372308
314	0.347682
314.067	0.330424
314.133	0.363471
314.2	0.351617
314.267	0.365297
314.333	0.366038
314.4	0.361363
314.467	0.324248
314.533	0.314048
314.6	0.384244
314.667	0.341365
314.733	0.33374
314.8	0.355575
314.867	0.37828
314.933	0.324915
315	0.356907
315.067	0.387614
315.133	0.347353
315.2	0.375216
315.267	0.344967
315.333	0.377661
315.4	0.378021
315.467	0.302315
315.533	0.401283
315.6	0.361935
315.667	0.373879
315.733	0.388665
315.8	0.3644
315.867	0.371614
315.933	0.415175
316	0.364474
316.067	0.367758
316.133	0.418345
316.2	0.371152
316.267	0.32013
316.333	0.40258
316.4	0.366426
316.467	0.354568
316.533	0.403442
316.6	0.343678
316.667	0.357468
316.733	0.389852
316.8	0.357236
316.867	0.342141
316.933	0.36543
317	0.312813
317.067	0.31877
317.133	0.300536
317.2	0.287361
317.267	0.303898
317.333	0.321149
317.4	0.285053
317.467	0.289403
317.533	0.311199
317.6	0.274124
317.667	0.2554
317.733	0.274022
317.8	0.231507
317.867	0.240575
317.933	0.270346
318	0.217768
318.067	0.200941
318.133	0.217913
318.2	0.193025
318.267	0.180701
318.333	0.206698
318.4	0.172664
318.467	0.155213
318.533	0.169137
318.6	0.149661
318.667	0.138872
318.733	0.145475
318.8	0.120952
318.867	0.111535
318.933	0.0954057
319	0.0935913
319.067	0.0842137
319.133	0.0829558
319.2	0.0668341
319.267	0.0768896
319.333	0.0651216
319.4	0.0711918
319.467	0.0774422
319.533	0.0964833
319.6	0.123973
319.667	0.0698124
319.733	0.0585656
319.8	0.0525111
319.867	0.0545293
319.933	0.0454731
320	0.0266788
320.067	0.074413
320.133	0.0703728
320.2	0.067998
320.267	0.0756591
320.333	0.0721832
320.4	0.0658975
320.467	0.0633856
320.533	0.0667753
320.6	0.0869451
320.667	0.120752
320.733	0.137638
320.8	0.0993793
320.867	0.0960875
320.933	0.0997476
321	0.138116
321.067	0.0933679
321.133	0.0751183
321.2	0.0552817
321.267	0.186348
321.333	0.0765918
321.4	0.071564
321.467	0.0773912
321.533	0.076243
321.6	0.0698907
321.667	0.068672
321.733	0.0666225
321.8	0.0524014
321.867	0.0884342
321.933	0.0598509
322	0.0748754
322.067	0.0583265
322.133	0.0560811
322.2	0.147337
322.267	0.0668224
322.333	0.0607875
322.4	0.059126
322.467	0.036456
322.533	0.0304996
322.6	0.0484043
322.667	0.0833085
322.733	0.0542393
322.8	0.051747
322.867	0.0404022
322.933	0.0710076
323	0.0509044
323.067	0.0518214
323.133	0.0515981
323.2	0.0527541
323.267	0.0566846
323.333	0.0574801
323.4	0.0402024
323.467	0.0678452
323.533	0.0459394
323.6	0.0636168
323.667	0.0435842
323.733	0.045234
323.8	0.0469896
323.867	0.145381
323.933	0.07687
324	0.0709527
324.067	0.0667793
324.133	0.0451988
324.2	0.0673279
324.267	0.0459864
324.333	0.0479654
324.4	0.0552542
324.467	0.0575741
324.533	0.0520056
324.6	0.0476754
324.667	0.0552974
324.733	0.0692246
324.8	0.0536005
324.867	0.064236
324.933	0.0525973
325	0.046296
325.067	0.0494702
325.133	0.0487844
325.2	0.0516137
325.267	0.0469426
325.333	0.0608698
325.4	0.0548506
325.467	0.0313068
325.533	0.169697
325.6	0.0869647
325.667	0.0626528
325.733	0.0687034
325.8	0.0567982
325.867	0.051359
325.933	0.0439761
326	0.0497523
326.067	0.0423655
326.133	0.0511592
326.2	0.0600116
326.267	0.0773834
326.333	0.0528912
326.4	0.0445522
326.467	0.0632132
326.533	0.0569942
326.6	0.056473
326.667	0.0684526
326.733	0.0829519
326.8	0.0725555
326.867	0.0519468
326.933	0.0531891
327	0.0404257
327.067	0.0447363
327.133	0.0387642
327.2	0.149045
327.267	0.0470719
327.333	0.0606856
327.4	0.0534438
327.467	0.0446736
327.533	0.0505204
327.6	0.0280268
327.667	0.0276624
327.733	0.0511552
327.8	0.0584519
327.867	0.0662737
327.933	0.0936618
328	0.0898332
328.067	0.108349
328.133	0.0830342
328.2	0.0776851
328.267	0.0858557
328.333	0.0677394
328.4	0.0714347
328.467	0.102906
328.533	0.0911734
328.6	0.0945827
328.667	0.0941556
328.733	0.0903779
328.8	0.105453
328.867	0.139801
328.933	0.129052
329	0.109979
329.067	0.119925
329.133	0.109791
329.2	0.102769
329.267	0.121724
329.333	0.133363
329.4	0.141388
329.467	0.110822
329.533	0.114513
329.6	0.159081
329.667	0.129714
329.733	0.148536
329.8	0.162549
329.867	0.121555
329.933	0.146581
330	0.131701
330.067	0.135514
330.133	0.12732
330.2	0.122739
330.267	0.133073
330.333	0.121869
330.4	0.124561
330.467	0.128727
330.533	0.165437
330.6	0.132818
330.667	0.132516
330.733	0.137183
330.8	0.119906
330.867	0.132469
330.933	0.126658
331	0.109995
331.067	0.114388
331.133	0.144049
331.2	0.101601
331.267	0.15702
331.333	0.116806
331.4	0.108048
331.467	0.120243
331.533	0.0908638
331.6	0.118334
331.667	0.122092
331.733	0.121516
331.8	0.130792
331.867	0.12058
331.933	0.120345
332	0.11534
332.067	0.107726
332.133	0.124851
332.2	0.157545
332.267	0.129087
332.333	0.137093
332.4	0.142066
332.467	0.130173
332.533	0.154097
332.6	0.147815
332.667	0.126027
332.733	0.152165
332.8	0.138727
332.867	0.15015
332.933	0.150707
333	0.146357
333.067	0.168984
333.133	0.16657
333.2	0.170026
333.267	0.16601
333.333	0.176422
333.4	0.156076
333.467	0.160077
333.533	0.158493
333.6	0.151749
333.667	0.161213
333.733	0.137191
333.8	0.127869
333.867	0.165559
333.933	0.127986
334	0.123527
334.067	0.127861
334.133	0.124859
334.2	0.121265
334.267	0.113475
334.333	0.0767172
334.4	0.0830499
334.467	0.0840727
334.533	0.0831322
334.6	0.115152
334.667	0.0970711
334.733	0.115282
334.8	0.100441
334.867	0.105594
334.933	0.0704276
335	0.115916
335.067	0.0931681
335.133	0.117339
335.2	0.104834
335.267	0.0866238
335.333	0.0734803
335.4	0.0763645
335.467	0.0569393
335.533	0.182272
335.6	0.0877798
335.667	0.103882
335.733	0.0833203
335.8	0.0818468
335.867	0.093897
335.933	0.0915692
336	0.100355
336.067	0.0937324
336.133	0.097416
336.2	0.0679079
336.267	0.0720343
336.333	0.0680842
336.4	0.0630447
336.467	0.0656389
336.533	0.076533
336.6	0.0774931
336.667	0.0763332
336.733	0.0764115
336.8	0.0986778
336.867	0.1055
336.933	0.0992147
337	0.121446
337.067	0.130674
337.133	0.103925
337.2	0.144049
337.267	0.131674
337.333	0.111147
337.4	0.124769
337.467	0.170453
337.533	0.141666
337.6	0.145005
337.667	0.180873
337.733	0.154951
337.8	0.184361
337.867	0.213928
337.933	0.201768
338	0.222487
338.067	0.220527
338.133	0.153615
338.2	0.15867
338.267	0.211267
338.333	0.179349
338.4	0.163067
338.467	0.235222
338.533	0.20359
338.6	0.189346
338.667	0.245156
338.733	0.185129
338.8	0.167675
338.867	0.291617
338.933	0.15963
339	0.159218
339.067	0.245078
339.133	0.18384
339.2	0.230806
339.267	0.245537
339.333	0.204856
339.4	0.190188
339.467	0.246606
339.533	0.242554
339.6	0.204072
339.667	0.250509
339.733	0.238232
339.8	0.216608
339.867	0.210432
339.933	0.200706
340	0.168451
340.067	0.206753
340.133	0.171347
340.2	0.168855
340.267	0.167479
340.333	0.167483
340.4	0.168831
340.467	0.15115
340.533	0.18179
340.6	0.112503
340.667	0.120799
340.733	0.114827
340.8	0.090472
340.867	0.0878856
340.933	0.103392
341	0.100484
341.067	0.076533
341.133	0.0751301
341.2	0.0685074
341.267	0.0852679
341.333	0.0732099
341.4	0.0652118
341.467	0.0607914
341.533	0.0751732
341.6	0.05652
341.667	0.0862672
341.733	0.10447
341.8	0.0806163
341.867	0.0565278
341.933	0.0673357
342	0.0984153
342.067	0.0773481
342.133	0.0670536
342.2	0.203583
342.267	0.0688562
342.333	0.110066
342.4	0.086902
342.467	0.0712545
342.533	0.0600821
342.6	0.0703296
342.667	0.0965225
342.733	0.0851111
342.8	0.0713681
342.867	0.075953
342.933	0.0846644
343	0.0780456
343.067	0.070796
343.133	0.0475539
343.2	0.041762
343.267	0.0748401
343.333	0.0614459
343.4	0.0448382
343.467	0.0629075
343.533	0.0670849
343.6	0.0536123
343.667	0.0569824
343.733	0.0935717
343.8	0.036456
343.867	0.169388
343.933	0.120156
344	0.0551484
344.067	0.0789901
344.133	0.0759844
344.2	0.0648512
344.267	0.0403474
344.333	0.0584363
344.4	0.0812512
344.467	0.0800912
344.533	0.0633778
344.6	0.0731237
344.667	0.0801814
344.733	0.10791
344.8	0.0910206
344.867	0.0788882
344.933	0.0616379
345	0.0841824
345.067	0.0629428
345.133	0.0619044
345.2	0.0691501
345.267	0.0667714
345.333	0.054447
345.4	0.0607601
345.467	0.0354764
345.533	0.170195
345.6	0.0883245
345.667	0.0951666
345.733	0.0710977
345.8	0.0837396
345.867	0.0812042
345.933	0.0796641
346	0.0802715
346.067	0.0745854
346.133	0.070263
346.2	0.0462999
346.267	0.167217
346.333	0.0843901
346.4	0.093074
346.467	0.100335
346.533	0.0905464
346.6	0.0602937
346.667	0.0757845
346.733	0.0853619
346.8	0.0869059
346.867	0.0737507
346.933	0.0664814
347	0.0714073
347.067	0.0863808
347.133	0.0679941
347.2	0.05739
347.267	0.0628919
347.333	0.0637266
347.4	0.0534791
347.467	0.071905
347.533	0.0857381
347.6	0.0606072
347.667	0.0481731
347.733	0.0585695
347.8	0.0610383
347.867	0.0507595
347.933	0.177119
348	0.072967
348.067	0.068433
348.133	0.0798757
348.2	0.0870509
348.267	0.0736998
348.333	0.0702983
348.4	0.0880071
348.467	0.0792017
348.533	0.0498033
348.6	0.0518018
348.667	0.0984466
348.733	0.094861
348.8	0.0912205
348.867	0.0847153
348.933	0.0616731
349	0.0802832
349.067	0.0511317
349.133	0.0625392
349.2	0.0741622
349.267	0.078171
349.333	0.0565631
349.4	0.06221
349.467	0.0802323
349.533	0.0460295
349.6	0.158192
349.667	0.0720029
349.733	0.0806986
349.8	0.0771874
349.867	0.0651843
349.933	0.0649414
350	0.173236
350.067	0.0602154
350.133	0.0451792
350.2	0.0657212
350.267	0.0722929
350.333	0.0628997
350.4	0.0543216
350.467	0.0604035
350.533	0.0496936
350.6	0.0556383
350.667	0.0735077
350.733	0.0525503
350.8	0.101954
350.867	0.0880032
350.933	0.0912675
351	0.120458
351.067	0.139092
351.133	0.091338
351.2	0.107221
351.267	0.127402
351.333	0.0851307
351.4	0.0727358
351.467	0.0962913
351.533	0.0899469
351.6	0.0832262
351.667	0.0824307
351.733	0.0906366
351.8	0.08642
351.867	0.0969065
351.933	0.0890965
352	0.0819605
352.067	0.0882305
352.133	0.0841236
352.2	0.0926273
352.267	0.0844018
352.333	0.106065
352.4	0.0958446
352.467	0.0961306
352.533	0.096115
352.6	0.0982311
352.667	0.107205
352.733	0.114878
352.8	0.113526
352.867	0.121101
352.933	0.205679
353	0.133233
353.067	0.141882
353.133	0.143308
353.2	0.147952
353.267	0.142807
353.333	0.147827
353.4	0.148179
353.467	0.145358
353.533	0.150601
353.6	0.157102
353.667	0.152564
353.733	0.157733
353.8	0.157933
353.867	0.160884
353.933	0.167918
354	0.157165
354.067	0.162988
354.133	0.147842
354.2	0.173416
354.267	0.161773
354.333	0.131395
354.4	0.127684
354.467	0.109987
354.533	0.113643
354.6	0.189887
354.667	0.107499
354.733	0.138692
354.8	0.106006
354.867	0.100089
354.933	0.125827
355	0.0956839
355.067	0.0820467
355.133	0.0964089
355.2	0.0949668
355.267	0.0950843
355.333	0.109925
355.4	0.125576
355.467	0.131313
355.533	0.121599
355.6	0.128609
355.667	0.131513
355.733	0.116857
355.8	0.149555
355.867	0.128946
355.933	0.140965
356	0.138672
356.067	0.131258
356.133	0.137501
356.2	0.13716
356.267	0.193402
356.333	0.144155
356.4	0.136788
356.467	0.171182
356.533	0.178577
356.6	0.159861
356.667	0.107225
356.733	0.171135
356.8	0.110732
356.867	0.117586
356.933	0.130953
357	0.118087
357.067	0.13341
357.133	0.154387
357.2	0.139347
357.267	0.145185
357.333	0.146667
357.4	0.151107
357.467	0.142364
357.533	0.139734
357.6	0.157671
357.667	0.147999
357.733	0.136568
357.8	0.15481
357.867	0.160296
357.933	0.242272
358	0.133613
358.067	0.157737
358.133	0.155488
358.2	0.148802
358.267	0.159665
358.333	0.166919
358.4	0.158517
358.467	0.148317
358.533	0.171664
358.6	0.141651
358.667	0.158376
358.733	0.162087
358.8	0.159473
358.867	0.183025
358.933	0.182084
359	0.160304
359.067	0.189052
359.133	0.209069
359.2	0.177562
359.267	0.179357
359.333	0.197681
359.4	0.177691
359.467	0.184036
359.533	0.21644
359.6	0.206525
359.667	0.18404
359.733	0.158168
359.8	0.139217
359.867	0.151894
359.933	0.180956
360	0.171813
360.067	0.187845
360.133	0.20979
360.2	0.173675
360.267	0.185302
360.333	0.182633
360.4	0.158313
360.467	0.128974
360.533	0.148975
360.6	0.176802
360.667	0.134115
360.733	0.157588
360.8	0.134041
360.867	0.140024
360.933	0.148505
361	0.143257
361.067	0.15936
361.133	0.190102
361.2	0.169803
361.267	0.196227
361.333	0.160739
361.4	0.166637
361.467	0.173161
361.533	0.164775
361.6	0.169701
361.667	0.159136
361.733	0.15405
361.8	0.151961
361.867	0.148861
361.933	0.142877
362	0.179169
362.067	0.176849
362.133	0.173248
362.2	0.194805
362.267	0.206228
362.333	0.19781
362.4	0.206098
362.467	0.186465
362.533	0.18817
362.6	0.192579
362.667	0.199601
362.733	0.203277
362.8	0.218321
362.867	0.218822
362.933	0.304968
363	0.257865
363.067	0.254557
363.133	0.252379
363.2	0.217326
363.267	0.253441
363.333	0.274649
363.4	0.251195
363.467	0.262748
363.533	0.241422
363.6	0.223482
363.667	0.22166
363.733	0.248468
363.8	0.241265
363.867	0.202881
363.933	0.197414
364	0.211773
364.067	0.217858
364.133	0.222867
364.2	0.204492
364.267	0.209096
364.333	0.209841
364.4	0.224187
364.467	0.184616
364.533	0.200044
364.6	0.302021
364.667	0.271051
364.733	0.204648
364.8	0.198382
364.867	0.213356
364.933	0.206772
365	0.16791
365.067	0.153756
365.133	0.134327
365.2	0.166276
365.267	0.0780731
365.333	0.128989
365.4	0.134213
365.467	0.134052
365.533	0.129483
365.6	0.145213
365.667	0.128084
365.733	0.118969
365.8	0.141224
365.867	0.143253
365.933	0.146937
366	0.0963383
366.067	0.113581
366.133	0.153881
366.2	0.0707058
366.267	0.162859
366.333	0.176982
366.4	0.112268
366.467	0.0915496
366.533	0.131458
366.6	0.180109
366.667	0.200824
366.733	0.167703
366.8	0.183734
366.867	0.129934
366.933	0.104254
367	0.101366
367.067	0.154947
367.133	0.150934
367.2	0.119283
367.267	0.143508
367.333	0.134601
367.4	0.12877
367.467	0.135295
367.533	0.143034
367.6	0.134671
367.667	0.135749
367.733	0.160339
367.8	0.136486
367.867	0.141459
367.933	0.275468
368	0.148818
368.067	0.156965
368.133	0.168196
368.2	0.13946
368.267	0.15481
368.333	0.118902
368.4	0.17362
368.467	0.161754
368.533	0.16501
368.6	0.154978
368.667	0.144312
368.733	0.125431
368.8	0.14961
368.867	0.157651
368.933	0.110846
369	0.191752
369.067	0.158227
369.133	0.0860242
369.2	0.152917
369.267	0.146279
369.333	0.112229
369.4	0.106899
369.467	0.124851
369.533	0.105841
369.6	0.232181
369.667	0.175744
369.733	0.146961
369.8	0.167017
369.867	0.10197
369.933	0.112789
370	0.10831
370.067	0.119044
370.133	0.127324
370.2	0.120638
370.267	0.12549
370.333	0.121618
370.4	0.0966087
370.467	0.10581
370.533	0.111375
370.6	0.117496
370.667	0.113048
370.733	0.142148
370.8	0.134405
370.867	0.136392
370.933	0.149523
371	0.124737
371.067	0.122014
371.133	0.141435
371.2	0.129734
371.267	0.268575
371.333	0.193739
371.4	0.177652
371.467	0.152749
371.533	0.179741
371.6	0.164767
371.667	0.153912
371.733	0.165759
371.8	0.176915
371.867	0.161233
371.933	0.122825
372	0.17003
372.067	0.177977
372.133	0.165434
372.2	0.162122
372.267	0.163643
372.333	0.180023
372.4	0.156558
372.467	0.155358
372.533	0.189941
372.6	0.158262
372.667	0.20323
372.733	0.192492
372.8	0.177923
372.867	0.163525
372.933	0.223643
373	0.222463
373.067	0.229368
373.133	0.213403
373.2	0.189553
373.267	0.152854
373.333	0.169595
373.4	0.120443
373.467	0.123636
373.533	0.120333
373.6	0.118836
373.667	0.0794525
373.733	0.125494
373.8	0.0917495
373.867	0.111864
373.933	0.129334
374	0.0872625
374.067	0.0793702
374.133	0.114278
374.2	0.0909814
374.267	0.104838
374.333	0.142905
374.4	0.121281
374.467	0.111065
374.533	0.118467
374.6	0.218772
374.667	0.165759
374.733	0.149986
374.8	0.138437
374.867	0.126924
374.933	0.117731
375	0.129855
375.067	0.123954
375.133	0.0994106
375.2	0.0829597
375.267	0.0886772
375.333	0.110771
375.4	0.0683076
375.467	0.0879561
375.533	0.0868707
375.6	0.0952097
375.667	0.0974238
375.733	0.0951745
375.8	0.0747931
375.867	0.0813805
375.933	0.105986
376	0.0800677
376.067	0.0806516
376.133	0.0833242
376.2	0.0715131
376.267	0.255208
376.333	0.147815
376.4	0.102883
376.467	0.0921923
376.533	0.120321
376.6	0.0866394
376.667	0.0575859
376.733	0.149069
376.8	0.1119
376.867	0.0758472
376.933	0.124647
377	0.0666068
377.067	0.101068
377.133	0.0928467
377.2	0.112276
377.267	0.102691
377.333	0.10059
377.4	0.0968399
377.467	0.0954919
377.533	0.101895
377.6	0.0697967
377.667	0.0836808
377.733	0.110454
377.8	0.077544
377.867	0.0920591
377.933	0.173275
378	0.119874
378.067	0.0872664
378.133	0.106069
378.2	0.0823798
378.267	0.0808907
378.333	0.0971926
378.4	0.0864592
378.467	0.0947787
378.533	0.104019
378.6	0.0992343
378.667	0.0873135
378.733	0.0963814
378.8	0.087529
378.867	0.0681234
378.933	0.0757845
379	0.0577936
379.067	0.0570647
379.133	0.0717913
379.2	0.0586871
379.267	0.0541688
379.333	0.0496583
379.4	0.0740956
379.467	0.0776734
379.533	0.0346769
379.6	0.221954
379.667	0.164168
379.733	0.0999005
379.8	0.130106
379.867	0.106033
379.933	0.0489999
380	0.0948962
380.067	0.0729709
380.133	0.0504342
380.2	0.0562927
380.267	0.0642203
380.333	0.0645142
380.4	0.084829
380.467	0.0588673
380.533	0.061246
380.6	0.0508457
380.667	0.0865493
380.733	0.0590437
380.8	0.0601919
380.867	0.0575506
380.933	0.0882696
381	0.0857695
381.067	0.0585734
381.133	0.0650393
381.2	0.0516255
381.267	0.247849
381.333	0.106699
381.4	0.100053
381.467	0.118389
381.533	0.0866786
381.6	0.0948766
381.667	0.0766858
381.733	0.0393206
381.8	0.0617711
381.867	0.0449284
381.933	0.0560027
382	0.0576212
382.067	0.0579386
382.133	0.0466957
382.2	0.0515941
382.267	0.0499444
382.333	0.0853188
382.4	0.0756513
