time_sec	dynamic_density
0.0666667	0.264336
0.133333	0.186154
0.2	0.196224
0.266667	0.188671
0.333333	0.134406
0.4	0.155804
0.466667	0.177762
0.533333	0.139301
0.6	0.153287
0.666667	0.237622
0.733333	0.226154
0.8	0.179161
0.866667	0.182238
0.933333	0.182238
1	0.209371
1.06667	0.19972
1.13333	0.193706
1.2	0.202937
1.26667	0.270909
1.33333	0.226713
1.4	0.2
1.46667	0.207552
1.53333	0.202098
1.6	0.213846
1.66667	0.226573
1.73333	0.275524
1.8	0.231888
1.86667	0.243077
1.93333	0.233986
2	0.245874
2.06667	0.251049
2.13333	0.249091
2.2	0.254685
2.26667	0.263636
2.33333	0.271748
2.4	0.226713
2.46667	0.275524
2.53333	0.232727
2.6	0.269371
2.66667	0.262517
2.73333	0.23035
2.8	0.237762
2.86667	0.238182
2.93333	0.459301
3	0.213986
3.06667	0.214965
3.13333	0.204895
3.2	0.172587
3.26667	0.184196
3.33333	0.174685
3.4	0.214406
3.46667	0.183636
3.53333	0.19021
3.6	0.187832
3.66667	0.216643
3.73333	0.201958
3.8	0.233427
3.86667	0.188252
3.93333	0.103357
4	0.14
4.06667	0.140699
4.13333	0.158182
4.2	0.114825
4.26667	0.117063
4.33333	0.0781818
4.4	0.0865734
4.46667	0.0714685
4.53333	0.122238
4.6	0.460839
4.66667	0.105594
4.73333	0.105734
4.8	0.0422378
4.86667	0.0478322
4.93333	0.194406
5	0.0453147
5.06667	0.0511888
5.13333	0.0560839
5.2	0.187692
5.26667	0.142797
5.33333	0.195664
5.4	0.0836364
5.46667	0.114685
5.53333	0.118741
5.6	0.123217
5.66667	0.134406
5.73333	0.153846
5.8	0.134406
5.86667	0.178601
5.93333	0.173427
6	0.195245
6.06667	0.229371
6.13333	0.231189
6.2	0.242238
6.26667	0.398601
6.33333	0.226014
6.4	0.307692
6.46667	0.276084
6.53333	0.294685
6.6	0.27972
6.66667	0.263357
6.73333	0.297902
6.8	0.28014
6.86667	0.30951
6.93333	0.304895
7	0.261958
7.06667	0.289231
7.13333	0.322797
7.2	0.308811
7.26667	0.34
7.33333	0.271608
7.4	0.34
7.46667	0.305455
7.53333	0.385594
7.6	0.353986
7.66667	0.397622
7.73333	0.399021
7.8	0.347552
7.86667	0.355105
7.93333	0.443916
8	0.413287
8.06667	0.427832
8.13333	0.416923
8.2	0.375944
8.26667	0.408112
8.33333	0.33049
8.4	0.346853
8.46667	0.340699
8.53333	0.39972
8.6	0.433427
8.66667	0.289371
8.73333	0.36979
8.8	0.368252
8.86667	0.338042
8.93333	0.363776
9	0.39049
9.06667	0.388112
9.13333	0.369091
9.2	0.401119
9.26667	0.361399
9.33333	0.24
9.4	0.393007
9.46667	0.326434
9.53333	0.306853
9.6	0.423077
9.66667	0.316923
9.73333	0.285455
9.8	0.298741
9.86667	0.326154
9.93333	0.312587
10	0.387133
10.0667	0.281818
10.1333	0.241119
10.2	0.31035
10.2667	0.326294
10.3333	0.250769
10.4	0.282517
10.4667	0.353427
10.5333	0.406294
10.6	0.398042
10.6667	0.274266
10.7333	0.326014
10.8	0.352308
10.8667	0.278042
10.9333	0.38965
11	0.293846
11.0667	0.407413
11.1333	0.283357
11.2	0.281399
11.2667	0.537343
11.3333	0.322098
11.4	0.393986
11.4667	0.340839
11.5333	0.311329
11.6	0.152587
11.6667	0.345594
11.7333	0.306853
11.8	0.378182
11.8667	0.371189
11.9333	0.269231
12	0.318042
12.0667	0.262098
12.1333	0.16979
12.2	0.303776
12.2667	0.122797
12.3333	0.206573
12.4	0.165734
12.4667	0.196364
12.5333	0.24042
12.6	0.133007
12.6667	0.18042
12.7333	0.138042
12.8	0.0560839
12.8667	0.176923
12.9333	0.299021
13	0.274126
13.0667	0.175944
13.1333	0.148392
13.2	0.208112
13.2667	0.105594
13.3333	0.301538
13.4	0.205315
13.4667	0.247273
13.5333	0.226713
13.6	0.231189
13.6667	0.182098
13.7333	0.245315
13.8	0.186154
13.8667	0.200559
13.9333	0.211189
14	0.226294
14.0667	0.301259
14.1333	0.163916
14.2	0.205594
14.2667	0.217343
14.3333	0.294545
14.4	0.264895
14.4667	0.243077
14.5333	0.140699
14.6	0.633706
14.6667	0.248811
14.7333	0.238182
14.8	0.182098
14.8667	0.135524
14.9333	0.14965
15	0.119301
15.0667	0.116503
15.1333	0.117762
15.2	0.153566
15.2667	0.11972
15.3333	0.160979
15.4	0.178741
15.4667	0.0724476
15.5333	0.264755
15.6	0.0162238
15.6667	0.141678
15.7333	0.0641958
15.8	0.0998601
15.8667	0.158601
15.9333	0.0963636
16	0.16951
16.0667	0.0682517
16.1333	0.0416783
16.2	0.0846154
16.2667	0.0553846
16.3333	0.0886713
16.4	0.0518881
16.4667	0.0288112
16.5333	0.0363636
16.6	0.0566434
16.6667	0.0584615
16.7333	0.163916
16.8	0.0391608
16.8667	0.014965
16.9333	0.0430769
17	0.11035
17.0667	0.0177622
17.1333	0.0902098
17.2	0.0916084
17.2667	0.0500699
17.3333	0.103916
17.4	0.119161
17.4667	0.0735664
17.5333	0.116783
17.6	0.17958
17.6667	0.0783217
17.7333	0.0538462
17.8	0.0653147
17.8667	0.0468531
17.9333	0.405734
18	0.123776
18.0667	0.104476
18.1333	0.165035
18.2	0.0728671
18.2667	0.103357
18.3333	0.121119
18.4	0.0886713
18.4667	0.0823776
18.5333	0.0793007
18.6	0.080979
18.6667	0.0773427
18.7333	0.0823776
18.8	0.101818
18.8667	0.0692308
18.9333	0.112308
19	0.103077
19.0667	0.0881119
19.1333	0.117483
19.2	0.122517
19.2667	0.0857343
19.3333	0.0893706
19.4	0.0847552
19.4667	0.086014
19.5333	0.078042
19.6	0.131189
19.6667	0.110909
19.7333	0.124615
19.8	0.123077
19.8667	0.154266
19.9333	0.158462
20	0.100699
20.0667	0.0632168
20.1333	0.112727
20.2	0.0458741
20.2667	0.0598601
20.3333	0.123217
20.4	0.149371
20.4667	0.048951
20.5333	0.139301
20.6	0.0370629
20.6667	0.141538
20.7333	0.0946853
20.8	0.132867
20.8667	0.154545
20.9333	0.234825
21	0.216503
21.0667	0.231748
21.1333	0.205315
21.2	0.207552
21.2667	0.646154
21.3333	0.227692
21.4	0.243636
21.4667	0.188531
21.5333	0.142517
21.6	0.251329
21.6667	0.185874
21.7333	0.113706
21.8	0.214825
21.8667	0.23007
21.9333	0.0822378
22	0.188112
22.0667	0.185594
22.1333	0.0292308
22.2	0.147133
22.2667	0.205035
22.3333	0.101119
22.4	0.0988811
22.4667	0.192168
22.5333	0.104755
22.6	0.180979
22.6667	0.111469
22.7333	0.0758042
22.8	0.0594406
22.8667	0.0606993
22.9333	0.397203
23	0.0517483
23.0667	0.0762238
23.1333	0.073007
23.2	0.0629371
23.2667	0.0829371
23.3333	0.123916
23.4	0.088951
23.4667	0.073007
23.5333	0.0974825
23.6	0.114126
23.6667	0.093007
23.7333	0.101678
23.8	0.0827972
23.8667	0.0882517
23.9333	0.131329
24	0.0836364
24.0667	0.108951
24.1333	0.0872727
24.2	0.0815385
24.2667	0.0763636
24.3333	0.0832168
24.4	0.0727273
24.4667	0.0913287
24.5333	0.0832168
24.6	0.230769
24.6667	0.121119
24.7333	0.146014
24.8	0.0675524
24.8667	0.0597203
24.9333	0.173706
25	0.0662937
25.0667	0.0727273
25.1333	0.203077
25.2	0.0918881
25.2667	0.0844755
25.3333	0.106294
25.4	0.165734
25.4667	0.0888112
25.5333	0.0706294
25.6	0.111469
25.6667	0.126573
25.7333	0.0829371
25.8	0.0758042
25.8667	0.0981818
25.9333	0.121119
26	0.0932867
26.0667	0.0917483
26.1333	0.123497
26.2	0.122517
26.2667	0.27035
26.3333	0.172867
26.4	0.166434
26.4667	0.146573
26.5333	0.15049
26.6	0.139441
26.6667	0.13986
26.7333	0.196643
26.8	0.162378
26.8667	0.163357
26.9333	0.213287
27	0.168671
27.0667	0.173287
27.1333	0.230769
27.2	0.262937
27.2667	0.21972
27.3333	0.287273
27.4	0.205315
27.4667	0.233147
27.5333	0.272587
27.6	0.297343
27.6667	0.315804
27.7333	0.247413
27.8	0.243776
27.8667	0.242378
27.9333	0.455804
28	0.282098
28.0667	0.309371
28.1333	0.26993
28.2	0.27021
28.2667	0.293566
28.3333	0.304615
28.4	0.286014
28.4667	0.298741
28.5333	0.338741
28.6	0.293147
28.6667	0.328951
28.7333	0.297902
28.8	0.322797
28.8667	0.296923
28.9333	0.372727
29	0.29972
29.0667	0.345175
29.1333	0.283357
29.2	0.331049
29.2667	0.386713
29.3333	0.342937
29.4	0.33972
29.4667	0.358322
29.5333	0.271049
29.6	0.487552
29.6667	0.347133
29.7333	0.382657
29.8	0.335105
29.8667	0.352308
29.9333	0.370769
30	0.406014
30.0667	0.295664
30.1333	0.294266
30.2	0.337063
30.2667	0.356364
30.3333	0.349091
30.4	0.314406
30.4667	0.401259
30.5333	0.406434
30.6	0.322098
30.6667	0.305315
30.7333	0.26951
30.8	0.408112
30.8667	0.342098
30.9333	0.297063
31	0.311469
31.0667	0.343497
31.1333	0.265734
31.2	0.355524
31.2667	0.592448
31.3333	0.371469
31.4	0.369231
31.4667	0.414545
31.5333	0.413007
31.6	0.385734
31.6667	0.269091
31.7333	0.345594
31.8	0.387832
31.8667	0.353147
31.9333	0.338601
32	0.328951
32.0667	0.412727
32.1333	0.153427
32.2	0.20965
32.2667	0.249371
32.3333	0.266014
32.4	0.256923
32.4667	0.305734
32.5333	0.361678
32.6	0.370629
32.6667	0.323497
32.7333	0.29972
32.8	0.382657
32.8667	0.438182
32.9333	0.488531
33	0.36028
33.0667	0.296364
33.1333	0.326294
33.2	0.0420979
33.2667	0.073007
33.3333	0.163217
33.4	0.0636364
33.4667	0.0878322
33.5333	0.10042
33.6	0.175664
33.6667	0.141678
33.7333	0.182937
33.8	0.154126
33.8667	0.132867
33.9333	0.201259
34	0.135105
34.0667	0.144196
34.1333	0.190909
34.2	0.167692
34.2667	0.173007
34.3333	0.203217
34.4	0.184755
34.4667	0.22979
34.5333	0.201259
34.6	0.373566
34.6667	0.171189
34.7333	0.265734
34.8	0.205734
34.8667	0.204755
34.9333	0.281678
35	0.213287
35.0667	0.167273
35.1333	0.186434
35.2	0.180699
35.2667	0.161678
35.3333	0.18951
35.4	0.197902
35.4667	0.25021
35.5333	0.159161
35.6	0.205734
35.6667	0.238182
35.7333	0.283916
35.8	0.210769
35.8667	0.232308
35.9333	0.159021
36	0.274406
36.0667	0.232028
36.1333	0.199161
36.2	0.299301
36.2667	0.57972
36.3333	0.232168
36.4	0.292867
36.4667	0.293427
36.5333	0.246014
36.6	0.320979
36.6667	0.269371
36.7333	0.241538
36.8	0.181399
36.8667	0.311189
36.9333	0.163217
37	0.286713
37.0667	0.224196
37.1333	0.163077
37.2	0.265874
37.2667	0.254685
37.3333	0.28
37.4	0.312727
37.4667	0.301399
37.5333	0.476643
37.6	0.378741
37.6667	0.435245
37.7333	0.38951
37.8	0.203497
37.8667	0.128951
37.9333	0.366294
38	0.306014
38.0667	0.223357
38.1333	0.133566
38.2	0.0895105
38.2667	0.100839
38.3333	0.108252
38.4	0.107273
38.4667	0.182098
38.5333	0.147552
38.6	0.198322
38.6667	0.165874
38.7333	0.124196
38.8	0.185874
38.8667	0.183357
38.9333	0.216923
39	0.153287
39.0667	0.211329
39.1333	0.116643
39.2	0.126294
39.2667	0.20993
39.3333	0.153846
39.4	0.244895
39.4667	0.232587
39.5333	0.216084
39.6	0.43007
39.6667	0.264056
39.7333	0.283497
39.8	0.218042
39.8667	0.249231
39.9333	0.222657
40	0.274126
40.0667	0.254266
40.1333	0.218601
40.2	0.244895
40.2667	0.240699
40.3333	0.237902
40.4	0.202937
40.4667	0.259301
40.5333	0.371888
40.6	0.292448
40.6667	0.293427
40.7333	0.314965
40.8	0.311469
40.8667	0.274545
40.9333	0.282517
41	0.313566
41.0667	0.273566
41.1333	0.226434
41.2	0.333147
41.2667	0.507972
41.3333	0.286294
41.4	0.250629
41.4667	0.284336
41.5333	0.235105
41.6	0.267832
41.6667	0.286993
41.7333	0.346573
41.8	0.281678
41.8667	0.265594
41.9333	0.235524
42	0.314825
42.0667	0.294126
42.1333	0.373566
42.2	0.306713
42.2667	0.25007
42.3333	0.352587
42.4	0.208811
42.4667	0.158881
42.5333	0.387413
42.6	0.201259
42.6667	0.30014
42.7333	0.176364
42.8	0.108392
42.8667	0.232308
42.9333	0.431608
43	0.11986
43.0667	0.160979
43.1333	0.102657
43.2	0.162238
43.2667	0.192587
43.3333	0.188811
43.4	0.164615
43.4667	0.164476
43.5333	0.232028
43.6	0.288392
43.6667	0.16028
43.7333	0.162657
43.8	0.177063
43.8667	0.221818
43.9333	0.192028
44	0.26965
44.0667	0.146713
44.1333	0.275944
44.2	0.164056
44.2667	0.195944
44.3333	0.205175
44.4	0.161818
44.4667	0.27035
44.5333	0.198322
44.6	0.562937
44.6667	0.285315
44.7333	0.272448
44.8	0.271748
44.8667	0.185315
44.9333	0.224196
45	0.215245
45.0667	0.291469
45.1333	0.321818
45.2	0.254825
45.2667	0.20965
45.3333	0.183357
45.4	0.218042
45.4667	0.220559
45.5333	0.108112
45.6	0.213287
45.6667	0.184755
45.7333	0.144755
45.8	0.174126
45.8667	0.238322
45.9333	0.267692
46	0.198182
46.0667	0.236923
46.1333	0.222098
46.2	0.158881
46.2667	0.496503
46.3333	0.170629
46.4	0.336923
46.4667	0.245874
46.5333	0.23035
46.6	0.327692
46.6667	0.275245
46.7333	0.133007
46.8	0.141958
46.8667	0.22
46.9333	0.13007
47	0.179301
47.0667	0.247552
47.1333	0.0876923
47.2	0.152867
47.2667	0.20993
47.3333	0.115944
47.4	0.187413
47.4667	0.146014
47.5333	0.115245
47.6	0.336084
47.6667	0.214266
47.7333	0.0921678
47.8	0.143357
47.8667	0.121399
47.9333	0.425874
48	0.500839
48.0667	0.271748
48.1333	0.166294
48.2	0.192448
48.2667	0.110769
48.3333	0.0700699
48.4	0.34993
48.4667	0.156643
48.5333	0.0732867
48.6	0.0967832
48.6667	0.174406
48.7333	0.0482517
48.8	0.0811189
48.8667	0.0465734
48.9333	0.151189
49	0.0765035
49.0667	0.147413
49.1333	0.287273
49.2	0.128531
49.2667	0.107552
49.3333	0.0770629
49.4	0.127273
49.4667	0.102378
49.5333	0.0309091
49.6	0.353986
49.6667	0.214825
49.7333	0.143357
49.8	0.128811
49.8667	0.0829371
49.9333	0.209231
50	0.0993007
50.0667	0.0868531
50.1333	0.246993
50.2	0.099021
50.2667	0.0813986
50.3333	0.0420979
50.4	0.283217
50.4667	0.0864336
50.5333	0.298042
50.6	0.0366434
50.6667	0.123217
50.7333	0.165035
50.8	0.146573
50.8667	0.081958
50.9333	0.0444755
51	0.0934266
51.0667	0.128531
51.1333	0.0938462
51.2	0.104056
51.2667	0.437902
51.3333	0.188951
51.4	0.0646154
51.4667	0.15972
51.5333	0.0309091
51.6	0.0844755
51.6667	0.108392
51.7333	0.0511888
51.8	0.104755
51.8667	0.0904895
51.9333	0.0386014
52	0.144615
52.0667	0.0833566
52.1333	0.119021
52.2	0.093986
52.2667	0.105175
52.3333	0.0481119
52.4	0.0542657
52.4667	0.0383217
52.5333	0.122098
52.6	0.0763636
52.6667	0.060979
52.7333	0.175105
52.8	0.103776
52.8667	0.119161
52.9333	0.442378
53	0.107552
53.0667	0.107273
53.1333	0.148112
53.2	0.143636
53.2667	0.131888
53.3333	0.130629
53.4	0.111329
53.4667	0.164056
53.5333	0.116783
53.6	0.127692
53.6667	0.0832168
53.7333	0.127552
53.8	0.107692
53.8667	0.241399
53.9333	0.118601
54	0.153427
54.0667	0.138462
54.1333	0.183776
54.2	0.191748
54.2667	0.0941259
54.3333	0.067972
54.4	0.171329
54.4667	0.251049
54.5333	0.135245
54.6	0.460979
54.6667	0.208531
54.7333	0.152727
54.8	0.185734
54.8667	0.198462
54.9333	0.108951
55	0.148112
55.0667	0.182098
55.1333	0.102378
55.2	0.177902
55.2667	0.176643
55.3333	0.155944
55.4	0.168811
55.4667	0.211189
55.5333	0.0622378
55.6	0.262657
55.6667	0.085035
55.7333	0.0826573
55.8	0.10965
55.8667	0.0806993
55.9333	0.0998601
56	0.128671
56.0667	0.102657
56.1333	0.0647552
56.2	0.207273
56.2667	0.398322
56.3333	0.120839
56.4	0.225874
56.4667	0.10965
56.5333	0.0893706
56.6	0.127133
56.6667	0.378042
56.7333	0.0738462
56.8	0.104755
56.8667	0.114126
56.9333	0.0779021
57	0.104615
57.0667	0.0788811
57.1333	0.0440559
57.2	0.0725874
57.2667	0.0686713
57.3333	0.0255944
57.4	0.125874
57.4667	0.0513287
57.5333	0.125594
57.6	0.154825
57.6667	0.245594
57.7333	0.340559
57.8	0.173706
57.8667	0.102657
57.9333	0.386294
58	0.308252
58.0667	0.147133
58.1333	0.320979
58.2	0.149371
58.2667	0.152867
58.3333	0.0848951
58.4	0.267832
58.4667	0.141818
58.5333	0.112727
58.6	0.383776
58.6667	0.201399
58.7333	0.37035
58.8	0.058042
58.8667	0.145734
58.9333	0.152867
59	0.131049
59.0667	0.0472727
59.1333	0.0724476
59.2	0.145455
59.2667	0.161259
59.3333	0.146853
59.4	0.133427
59.4667	0.295664
59.5333	0.0826573
59.6	0.15049
59.6667	0.153566
59.7333	0.175944
59.8	0.22979
59.8667	0.0723077
59.9333	0.304196
60	0.127552
60.0667	0.286713
60.1333	0.236364
60.2	0.147413
60.2667	0.366713
60.3333	0.126853
60.4	0.31007
60.4667	0.284476
60.5333	0.277622
60.6	0.145035
60.6667	0.207972
60.7333	0.10951
60.8	0.122517
60.8667	0.137762
60.9333	0.217483
61	0.218741
61.0667	0.295245
61.1333	0.175385
61.2	0.0806993
61.2667	0.113427
61.3333	0.214545
61.4	0.0314685
61.4667	0.296643
61.5333	0.16965
61.6	0.296643
61.6667	0.0160839
61.7333	0.0552448
61.8	0.0222378
61.8667	0.0113287
61.9333	0.487832
62	0.0840559
62.0667	0.140839
62.1333	0.0896503
62.2	0.271189
62.2667	0.0976224
62.3333	0.127832
62.4	0.137762
62.4667	0.0841958
62.5333	0.118322
62.6	0.0709091
62.6667	0.0570629
62.7333	0.0972028
62.8	0.0692308
62.8667	0.0836364
62.9333	0.0788811
63	0.061958
63.0667	0.0608392
63.1333	0.0976224
63.2	0.0965035
63.2667	0.0355245
63.3333	0.140979
63.4	0.12993
63.4667	0.147832
63.5333	0.11021
63.6	0.414545
63.6667	0.21986
63.7333	0.250769
63.8	0.176503
63.8667	0.0731469
63.9333	0.245035
64	0.176923
64.0667	0.156224
64.1333	0.303916
64.2	0.223077
64.2667	0.0598601
64.3333	0.163497
64.4	0.207832
64.4667	0.112028
64.5333	0.0827972
64.6	0.0998601
64.6667	0.059021
64.7333	0.112587
64.8	0.0657343
64.8667	0.0994406
64.9333	0.109091
65	0.200839
65.0667	0.106154
65.1333	0.177343
65.2	0.21986
65.2667	0.400839
65.3333	0.234965
65.4	0.152587
65.4667	0.113147
65.5333	0.160699
65.6	0.170769
65.6667	0.221259
65.7333	0.215944
65.8	0.121259
65.8667	0.122098
65.9333	0.382378
66	0.275944
66.0667	0.188392
66.1333	0.201958
66.2	0.0911888
66.2667	0.152448
66.3333	0.245035
66.4	0.101958
66.4667	0.152587
66.5333	0.202098
66.6	0.16965
66.6667	0.341119
66.7333	0.172028
66.8	0.165315
66.8667	0.092028
66.9333	0.346294
67	0.243077
67.0667	0.207972
67.1333	0.32951
67.2	0.201399
67.2667	0.220699
67.3333	0.114825
67.4	0.112587
67.4667	0.209091
67.5333	0.172308
67.6	0.187552
67.6667	0.173846
67.7333	0.148811
67.8	0.111469
67.8667	0.142657
67.9333	0.194545
68	0.0741259
68.0667	0.275804
68.1333	0.131049
68.2	0.0823776
68.2667	0.165734
68.3333	0.196084
68.4	0.232168
68.4667	0.1
68.5333	0.0972028
68.6	0.15986
68.6667	0.125594
68.7333	0.166853
68.8	0.111748
68.8667	0.135944
68.9333	0.0802797
69	0.297063
69.0667	0.151888
69.1333	0.135245
69.2	0.208811
69.2667	0.135385
69.3333	0.079021
69.4	0.127552
69.4667	0.187972
69.5333	0.176783
69.6	0.129231
69.6667	0.110769
69.7333	0.258601
69.8	0.0885315
69.8667	0.233147
69.9333	0.122098
70	0.147552
70.0667	0.167133
70.1333	0.0902098
70.2	0.0906294
70.2667	0.0606993
70.3333	0.118881
70.4	0.304336
70.4667	0.0946853
70.5333	0.0806993
70.6	0.151469
70.6667	0.224476
70.7333	0.2
70.8	0.152727
70.8667	0.148811
70.9333	0.116783
71	0.183497
71.0667	0.234545
71.1333	0.0672727
71.2	0.0474126
71.2667	0.14993
71.3333	0.116643
71.4	0.262937
71.4667	0.273846
71.5333	0.12993
71.6	0.145315
71.6667	0.133846
71.7333	0.106014
71.8	0.142378
71.8667	0.126294
71.9333	0.112727
72	0.0755245
72.0667	0.091049
72.1333	0.14042
72.2	0.0840559
72.2667	0.230909
72.3333	0.437902
72.4	0.135105
72.4667	0.143217
72.5333	0.195664
72.6	0.20042
72.6667	0.195245
72.7333	0.112727
72.8	0.124895
72.8667	0.313007
72.9333	0.103357
73	0.0883916
73.0667	0.114126
73.1333	0.122238
73.2	0.136224
73.2667	0.112448
73.3333	0.0917483
73.4	0.0843357
73.4667	0.0900699
73.5333	0.117483
73.6	0.0935664
73.6667	0.0570629
73.7333	0.112727
73.8	0.132587
73.8667	0.0931469
73.9333	0.0758042
74	0.482517
74.0667	0.298042
74.1333	0.156643
74.2	0.183636
74.2667	0.0923077
74.3333	0.0853147
74.4	0.122378
74.4667	0.187413
74.5333	0.14042
74.6	0.0805594
74.6667	0.0806993
74.7333	0.0973427
74.8	0.0797203
74.8667	0.0865734
74.9333	0.23007
75	0.113007
75.0667	0.0976224
75.1333	0.114825
75.2	0.0667133
75.2667	0.0742657
75.3333	0.053986
75.4	0.106294
75.4667	0.0875524
75.5333	0.0944056
75.6	0.102517
75.6667	0.109371
75.7333	0.0777622
75.8	0.0865734
75.8667	0.106713
75.9333	0.107832
76	0.0973427
76.0667	0.131049
76.1333	0.0937063
76.2	0.092028
76.2667	0.106713
76.3333	0.0755245
76.4	0.103636
76.4667	0.0661538
76.5333	0.0833566
76.6	0.0755245
76.6667	0.0751049
76.7333	0.131469
76.8	0.0928671
76.8667	0.0695105
76.9333	0.0697902
77	0.113147
77.0667	0.0735664
77.1333	0.159161
77.2	0.115804
77.2667	0.053007
77.3333	0.29972
77.4	0.146993
77.4667	0.152028
77.5333	0.136783
77.6	0.144056
77.6667	0.162378
77.7333	0.160699
77.8	0.129231
77.8667	0.204196
77.9333	0.177483
78	0.081958
78.0667	0.13007
78.1333	0.167273
78.2	0.119301
78.2667	0.0972028
78.3333	0.138042
78.4	0.13021
78.4667	0.0655944
78.5333	0.0521678
78.6	0.103357
78.6667	0.0779021
78.7333	0.0657343
78.8	0.103776
78.8667	0.0805594
78.9333	0.0718881
79	0.362098
79.0667	0.116084
79.1333	0.0865734
79.2	0.0843357
79.2667	0.0433566
79.3333	0.0646154
79.4	0.124615
79.4667	0.0620979
79.5333	0.0841958
79.6	0.128951
79.6667	0.0565035
79.7333	0.0839161
79.8	0.164476
79.8667	0.0482517
79.9333	0.0737063
80	0.0342657
80.0667	0.0342657
80.1333	0.0633566
80.2	0.0170629
80.2667	0.0507692
80.3333	0.0697902
80.4	0.0248951
80.4667	0.0567832
80.5333	0.0576224
80.6	0.0352448
80.6667	0.315804
80.7333	0.192727
80.8	0.0791608
80.8667	0.0313287
80.9333	0.0394406
81	0.0685315
81.0667	0.102517
81.1333	0.0384615
81.2	0.12951
81.2667	0.0681119
81.3333	0.126853
81.4	0.366154
81.4667	0.135385
81.5333	0.0504895
81.6	0.131888
81.6667	0.040979
81.7333	0.116643
81.8	0.13049
81.8667	0.0290909
81.9333	0.138042
82	0.131189
82.0667	0.123217
82.1333	0.0944056
82.2	0.115804
82.2667	0.175664
82.3333	0.267413
82.4	0.152448
82.4667	0.176364
82.5333	0.115804
82.6	0.157343
82.6667	0.0960839
82.7333	0.139021
82.8	0.187552
82.8667	0.192168
82.9333	0.159161
83	0.0917483
83.0667	0.158741
83.1333	0.113007
83.2	0.167692
83.2667	0.134545
83.3333	0.240699
83.4	0.122657
83.4667	0.0938462
83.5333	0.100839
83.6	0.0886713
83.6667	0.11958
83.7333	0.0931469
83.8	0.235385
83.8667	0.0871329
83.9333	0.134126
84	0.247692
84.0667	0.0928671
84.1333	0.100559
84.2	0.120839
84.2667	0.0574825
84.3333	0.0755245
84.4	0.187552
84.4667	0.106014
84.5333	0.120839
84.6	0.108671
84.6667	0.115664
84.7333	0.0695105
84.8	0.0995804
84.8667	0.125175
84.9333	0.0820979
85	0.117483
85.0667	0.0955245
85.1333	0.0871329
85.2	0.0756643
85.2667	0.0935664
85.3333	0.215524
85.4	0.14
85.4667	0.0830769
85.5333	0.059021
85.6	0.10965
85.6667	0.327273
85.7333	0.184476
85.8	0.0967832
85.8667	0.132727
85.9333	0.224895
86	0.0903497
86.0667	0.148112
86.1333	0.101119
86.2	0.134126
86.2667	0.15021
86.3333	0.115105
86.4	0.19972
86.4667	0.116084
86.5333	0.194965
86.6	0.0762238
86.6667	0.0718881
86.7333	0.0972028
86.8	0.0499301
86.8667	0.103636
86.9333	0.127273
87	0.091049
87.0667	0.0806993
87.1333	0.0966434
87.2	0.131049
87.2667	0.114406
87.3333	0.396084
87.4	0.161119
87.4667	0.198322
87.5333	0.10042
87.6	0.0772028
87.6667	0.10028
87.7333	0.118741
87.8	0.17021
87.8667	0.0770629
87.9333	0.145455
88	0.0885315
88.0667	0.0793007
88.1333	0.134545
88.2	0.0588811
88.2667	0.0495105
88.3333	0.0383217
88.4	0.108392
88.4667	0.0488112
88.5333	0.0640559
88.6	0.0525874
88.6667	0.0826573
88.7333	0.0616783
88.8	0.104056
88.8667	0.101958
88.9333	0.0573427
89	0.476503
89.0667	0.185175
89.1333	0.224196
89.2	0.199021
89.2667	0.0811189
89.3333	0.11986
89.4	0.144476
89.4667	0.203497
89.5333	0.145594
89.6	0.0913287
89.6667	0.143217
89.7333	0.126154
89.8	0.0878322
89.8667	0.153147
89.9333	0.138042
90	0.165455
90.0667	0.138462
90.1333	0.133846
90.2	0.123077
90.2667	0.0888112
90.3333	0.108951
90.4	0.125175
90.4667	0.14951
90.5333	0.151049
90.6	0.115944
90.6667	0.347133
90.7333	0.0962238
90.8	0.113007
90.8667	0.193007
90.9333	0.0893706
91	0.112727
91.0667	0.137483
91.1333	0.128951
91.2	0.131049
91.2667	0.182797
91.3333	0.0924476
91.4	0.106014
91.4667	0.114965
91.5333	0.0946853
91.6	0.178881
91.6667	0.0878322
91.7333	0.0672727
91.8	0.0916084
91.8667	0.115524
91.9333	0.0928671
92	0.0622378
92.0667	0.112587
92.1333	0.134126
92.2	0.163636
92.2667	0.0537063
92.3333	0.112448
92.4	0.0727273
92.4667	0.0952448
92.5333	0.119021
92.6	0.0598601
92.6667	0.0875524
92.7333	0.079021
92.8	0.0890909
92.8667	0.126014
92.9333	0.0791608
93	0.0664336
93.0667	0.187413
93.1333	0.102238
93.2	0.141818
93.2667	0.162517
93.3333	0.0963636
93.4	0.0453147
93.4667	0.0455944
93.5333	0.106014
93.6	0.114965
93.6667	0.13958
93.7333	0.127972
93.8	0.117063
93.8667	0.128531
93.9333	0.107972
94	0.32965
94.0667	0.241818
94.1333	0.121119
94.2	0.119301
94.2667	0.119161
94.3333	0.0661538
94.4	0.102238
94.4667	0.117203
94.5333	0.277343
94.6	0.247273
94.6667	0.127832
94.7333	0.233986
94.8	0.14028
94.8667	0.161259
94.9333	0.200699
95	0.174965
95.0667	0.287832
95.1333	0.242378
95.2	0.321119
95.2667	0.234406
95.3333	0.218182
95.4	0.30965
95.4667	0.349091
95.5333	0.318881
95.6	0.268951
95.6667	0.184895
95.7333	0.251748
95.8	0.373007
95.8667	0.355385
95.9333	0.357902
96	0.337063
96.0667	0.369091
96.1333	0.353986
96.2	0.17958
96.2667	0.372867
96.3333	0.408392
96.4	0.439161
96.4667	0.328671
96.5333	0.326573
96.6	0.297622
96.6667	0.222937
96.7333	0.314685
96.8	0.333986
96.8667	0.4
96.9333	0.461259
97	0.39972
97.0667	0.141259
97.1333	0.336503
97.2	0.312867
97.2667	0.33049
97.3333	0.406014
97.4	0.346154
97.4667	0.33007
97.5333	0.339161
97.6	0.343217
97.6667	0.426434
97.7333	0.308252
97.8	0.343776
97.8667	0.427133
97.9333	0.306014
98	0.392028
98.0667	0.311469
98.1333	0.431329
98.2	0.507832
98.2667	0.628951
98.3333	0.563636
98.4	0.351748
98.4667	0.537203
98.5333	0.679301
98.6	0.525035
98.6667	0.566014
98.7333	0.468671
98.8	0.467692
98.8667	0.427273
98.9333	0.581678
99	0.722238
99.0667	0.233427
99.1333	0.507273
99.2	0.663497
99.2667	0.497902
99.3333	0.551888
99.4	0.558601
99.4667	0.353007
99.5333	0.475524
99.6	0.646014
99.6667	0.493706
99.7333	0.515105
99.8	0.745035
99.8667	0.432028
99.9333	0.530629
100	0.748671
100.067	0.594545
100.133	0.457622
100.2	0.791189
100.267	0.591888
100.333	0.673427
100.4	0.748811
100.467	0.365315
100.533	0.697762
100.6	0.762098
100.667	0.591748
100.733	0.773706
100.8	0.708392
100.867	0.843077
100.933	0.481538
101	0.782378
101.067	0.69035
101.133	0.872727
101.2	0.728531
101.267	0.83021
101.333	0.706434
101.4	0.891888
101.467	0.735944
101.533	0.798042
101.6	0.772168
101.667	0.792448
101.733	0.787832
101.8	0.792168
101.867	0.815105
101.933	0.654126
102	0.844196
102.067	0.37021
102.133	0.667273
102.2	0.863217
102.267	0.804755
102.333	0.755245
102.4	0.877063
102.467	0.727133
102.533	0.715944
102.6	0.821958
102.667	0.841538
102.733	0.849371
102.8	0.816923
102.867	0.78979
102.933	0.886434
103	0.838741
103.067	0.806993
103.133	0.876364
103.2	0.723357
103.267	0.768252
103.333	0.891748
103.4	0.892448
103.467	0.604196
103.533	0.841259
103.6	0.929091
103.667	0.728811
103.733	0.863776
103.8	0.857203
103.867	0.883776
103.933	0.931888
104	0.956923
104.067	0.739441
104.133	0.936503
104.2	0.903497
104.267	0.745035
104.333	0.926294
104.4	0.978601
104.467	0.637203
104.533	0.894545
104.6	0.975105
104.667	0.725035
104.733	0.948392
104.8	0.956084
104.867	0.874126
104.933	0.976224
105	0.943077
105.067	0.878322
105.133	0.961119
105.2	0.948392
105.267	0.488252
105.333	0.956364
105.4	0.928951
105.467	0.82028
105.533	0.833427
105.6	0.91972
105.667	0.535245
105.733	0.962657
105.8	0.953566
105.867	0.898462
105.933	0.945594
106	0.976503
106.067	0.646853
106.133	0.981399
106.2	0.908951
106.267	0.763636
106.333	0.95007
106.4	0.961818
106.467	0.791049
106.533	0.935944
106.6	0.98951
106.667	0.750629
106.733	0.946294
106.8	0.940559
106.867	0.92028
106.933	0.896923
107	0.948811
107.067	0.867972
107.133	0.935804
107.2	0.938462
107.267	0.847552
107.333	0.935245
107.4	0.928392
107.467	0.891469
107.533	0.965594
107.6	0.953706
107.667	0.653007
107.733	0.913007
107.8	0.947972
107.867	0.872308
107.933	0.91035
108	0.968531
108.067	0.836224
108.133	0.926014
108.2	0.948392
108.267	0.938182
108.333	0.955385
108.4	0.973007
108.467	0.908951
108.533	0.950629
108.6	0.90965
108.667	0.93972
108.733	0.954685
108.8	0.951189
108.867	0.874685
108.933	0.964895
109	0.977483
109.067	0.837902
109.133	0.96965
109.2	0.957203
109.267	0.71021
109.333	0.966853
109.4	0.976783
109.467	0.785594
109.533	0.977622
109.6	0.918322
109.667	0.835944
109.733	0.959301
109.8	0.938042
109.867	0.364476
109.933	0.907972
110	0.893147
110.067	0.770629
110.133	0.943636
110.2	0.836783
110.267	0.788951
110.333	0.915385
110.4	0.899301
110.467	0.827972
110.533	0.935105
110.6	0.926434
110.667	0.896503
110.733	0.827832
110.8	0.955804
110.867	0.460559
110.933	0.926434
111	0.939161
111.067	0.758601
111.133	0.931748
111.2	0.903636
111.267	0.915664
111.333	0.844196
111.4	0.932308
111.467	0.781259
111.533	0.930909
111.6	0.947552
111.667	0.739161
111.733	0.937203
111.8	0.934965
111.867	0.815664
111.933	0.946993
112	0.913706
112.067	0.879441
112.133	0.935105
112.2	0.904615
112.267	0.825175
112.333	0.942378
112.4	0.905874
112.467	0.804476
112.533	0.931608
112.6	0.946434
112.667	0.842797
112.733	0.915664
112.8	0.917063
112.867	0.896783
112.933	0.892587
113	0.913147
113.067	0.91972
113.133	0.943636
113.2	0.912168
113.267	0.794126
113.333	0.957622
113.4	0.868531
113.467	0.883077
113.533	0.983217
113.6	0.96014
113.667	0.893986
113.733	0.89035
113.8	0.961818
113.867	0.766014
113.933	0.971469
114	0.886853
114.067	0.88014
114.133	0.954545
114.2	0.957483
114.267	0.767552
114.333	0.898462
114.4	0.954825
114.467	0.86
114.533	0.916084
114.6	0.887273
114.667	0.72993
114.733	0.912168
114.8	0.887552
114.867	0.782657
114.933	0.83035
115	0.89986
115.067	0.872587
115.133	0.892587
115.2	0.807692
115.267	0.748811
115.333	0.877203
115.4	0.877203
115.467	0.812727
115.533	0.888531
115.6	0.802098
115.667	0.84965
115.733	0.859301
115.8	0.898042
115.867	0.885874
115.933	0.926294
116	0.927413
116.067	0.839161
116.133	0.917203
116.2	0.837622
116.267	0.813986
116.333	0.908671
116.4	0.820839
116.467	0.789371
116.533	0.881538
116.6	0.90042
116.667	0.762657
116.733	0.863217
116.8	0.891329
116.867	0.752587
116.933	0.846713
117	0.83049
117.067	0.731748
117.133	0.800979
117.2	0.869091
117.267	0.787413
117.333	0.825175
117.4	0.850629
117.467	0.601818
117.533	0.804476
117.6	0.783497
117.667	0.775245
117.733	0.84965
117.8	0.852727
117.867	0.714965
117.933	0.816364
118	0.82
118.067	0.820839
118.133	0.854965
118.2	0.844056
118.267	0.714965
118.333	0.855105
118.4	0.826154
118.467	0.733427
118.533	0.88951
118.6	0.84028
118.667	0.714266
118.733	0.864196
118.8	0.853706
118.867	0.759441
118.933	0.841538
119	0.81958
119.067	0.714965
119.133	0.8
119.2	0.757343
119.267	0.588392
119.333	0.768531
119.4	0.707832
119.467	0.622378
119.533	0.752587
119.6	0.769231
119.667	0.602238
119.733	0.726154
119.8	0.684615
119.867	0.699441
119.933	0.767133
120	0.664755
120.067	0.762517
120.133	0.811469
120.2	0.741538
120.267	0.685734
120.333	0.757902
120.4	0.826434
120.467	0.572168
120.533	0.81972
120.6	0.691608
120.667	0.707692
120.733	0.788531
120.8	0.75972
120.867	0.741119
120.933	0.793986
121	0.712867
121.067	0.685035
121.133	0.726154
121.2	0.776643
121.267	0.670629
121.333	0.744336
121.4	0.774965
121.467	0.679441
121.533	0.756084
121.6	0.736503
121.667	0.626853
121.733	0.725455
121.8	0.68965
121.867	0.70014
121.933	0.726154
122	0.739441
122.067	0.635385
122.133	0.735944
122.2	0.714406
122.267	0.620699
122.333	0.721818
122.4	0.721538
122.467	0.64
122.533	0.691469
122.6	0.647413
122.667	0.604615
122.733	0.657063
122.8	0.633287
122.867	0.567692
122.933	0.607273
123	0.58951
123.067	0.577483
123.133	0.587692
123.2	0.566434
123.267	0.370909
123.333	0.548252
123.4	0.523776
123.467	0.419301
123.533	0.46028
123.6	0.547832
123.667	0.415385
123.733	0.555105
123.8	0.533566
123.867	0.543916
123.933	0.544056
124	0.565455
124.067	0.492867
124.133	0.556224
124.2	0.538741
124.267	0.506294
124.333	0.575664
124.4	0.477622
124.467	0.515385
124.533	0.527832
124.6	0.525734
124.667	0.530629
124.733	0.538322
124.8	0.554685
124.867	0.367413
124.933	0.554545
125	0.432867
125.067	0.554545
125.133	0.606294
125.2	0.611608
125.267	0.611469
125.333	0.650629
125.4	0.669231
125.467	0.637622
125.533	0.683636
125.6	0.666853
125.667	0.780839
125.733	0.717902
125.8	0.718462
125.867	0.665315
125.933	0.695804
126	0.726713
126.067	0.686573
126.133	0.743636
126.2	0.716503
126.267	0.677902
126.333	0.733147
126.4	0.773147
126.467	0.727133
126.533	0.773566
126.6	0.767552
126.667	0.772168
126.733	0.780559
126.8	0.818182
126.867	0.782098
126.933	0.832308
127	0.837343
127.067	0.780559
127.133	0.844336
127.2	0.845874
127.267	0.796503
127.333	0.851329
127.4	0.843077
127.467	0.714965
127.533	0.811469
127.6	0.797203
127.667	0.676364
127.733	0.755524
127.8	0.763776
127.867	0.694126
127.933	0.748951
128	0.733287
128.067	0.629231
128.133	0.665734
128.2	0.67986
128.267	0.620559
128.333	0.652028
128.4	0.663916
128.467	0.562937
128.533	0.634965
128.6	0.630769
128.667	0.58965
128.733	0.577902
128.8	0.601678
128.867	0.56028
128.933	0.598601
129	0.61972
129.067	0.501119
129.133	0.534545
129.2	0.533846
129.267	0.438601
129.333	0.518741
129.4	0.519161
129.467	0.406713
129.533	0.482098
129.6	0.472028
129.667	0.323497
129.733	0.442378
129.8	0.417622
129.867	0.290629
129.933	0.387413
130	0.366853
130.067	0.309091
130.133	0.341119
130.2	0.307972
130.267	0.204615
130.333	0.291189
130.4	0.267692
130.467	0.237622
130.533	0.226294
130.6	0.214406
130.667	0.245594
130.733	0.217343
130.8	0.216783
130.867	0.186014
130.933	0.189371
131	0.184056
131.067	0.17035
131.133	0.153706
131.2	0.152448
131.267	0.222238
131.333	0.173566
131.4	0.14965
131.467	0.217203
131.533	0.118182
131.6	0.145175
131.667	0.176783
131.733	0.139301
131.8	0.147273
131.867	0.198462
131.933	0.147552
132	0.093007
132.067	0.273007
132.133	0.253706
132.2	0.117902
132.267	0.24993
132.333	0.554545
132.4	0.144336
132.467	0.150629
132.533	0.218462
132.6	0.139441
132.667	0.263217
132.733	0.156503
132.8	0.152028
132.867	0.15958
132.933	0.145035
133	0.114685
133.067	0.198322
133.133	0.138601
133.2	0.0825175
133.267	0.0579021
133.333	0.0914685
133.4	0.0527273
133.467	0.127972
133.533	0.143776
133.6	0.163217
133.667	0.177203
133.733	0.152587
133.8	0.192587
133.867	0.216084
133.933	0.255385
134	0.287273
134.067	0.282238
134.133	0.316224
134.2	0.300979
134.267	0.351049
134.333	0.363916
134.4	0.366853
134.467	0.420979
134.533	0.355105
134.6	0.40028
134.667	0.468531
134.733	0.458462
134.8	0.461818
134.867	0.563916
134.933	0.554266
135	0.536783
135.067	0.555385
135.133	0.559161
135.2	0.602797
135.267	0.571469
135.333	0.566713
135.4	0.572448
135.467	0.534825
135.533	0.575105
135.6	0.557902
135.667	0.567273
135.733	0.56014
135.8	0.541678
135.867	0.525315
135.933	0.51049
136	0.514126
136.067	0.455385
136.133	0.521119
136.2	0.477622
136.267	0.477343
136.333	0.481399
136.4	0.470769
136.467	0.436643
136.533	0.463916
136.6	0.444895
136.667	0.408671
136.733	0.409371
136.8	0.351189
136.867	0.293706
136.933	0.406434
137	0.353566
137.067	0.337343
137.133	0.351748
137.2	0.337622
137.267	0.290909
137.333	0.33049
137.4	0.28965
137.467	0.16951
137.533	0.286573
137.6	0.278741
137.667	0.204615
137.733	0.206294
137.8	0.206993
137.867	0.139301
137.933	0.183916
138	0.218601
138.067	0.206434
138.133	0.161958
138.2	0.166434
138.267	0.173566
138.333	0.126014
138.4	0.152168
138.467	0.186014
138.533	0.168392
138.6	0.136923
138.667	0.113986
138.733	0.13007
138.8	0.165874
138.867	0.086993
138.933	0.115524
139	0.247413
139.067	0.0776224
139.133	0.0762238
139.2	0.0784615
139.267	0.261119
139.333	0.0945455
139.4	0.0746853
139.467	0.0953846
139.533	0.0813986
139.6	0.0724476
139.667	0.122797
139.733	0.166154
139.8	0.0504895
139.867	0.0746853
139.933	0.0597203
140	0.115944
140.067	0.117902
140.133	0.11007
140.2	0.123077
140.267	0.136224
140.333	0.121958
140.4	0.132448
140.467	0.16993
140.533	0.169231
140.6	0.208811
140.667	0.364895
140.733	0.241399
140.8	0.209231
140.867	0.26951
140.933	0.292587
141	0.296783
141.067	0.339441
141.133	0.314965
141.2	0.282098
141.267	0.33958
141.333	0.35007
141.4	0.355944
141.467	0.471888
141.533	0.356084
141.6	0.380839
141.667	0.420839
141.733	0.39021
141.8	0.425594
141.867	0.434965
141.933	0.419301
142	0.476783
142.067	0.461958
142.133	0.494126
142.2	0.487692
142.267	0.438601
142.333	0.517063
142.4	0.507552
142.467	0.465874
142.533	0.503916
142.6	0.494825
142.667	0.421538
142.733	0.513287
142.8	0.497343
142.867	0.432028
142.933	0.48993
143	0.498881
143.067	0.445035
143.133	0.486573
143.2	0.465455
143.267	0.396084
143.333	0.483636
143.4	0.447552
143.467	0.461958
143.533	0.457063
143.6	0.518601
143.667	0.435804
143.733	0.544615
143.8	0.542098
143.867	0.483497
143.933	0.564056
144	0.563916
144.067	0.523357
144.133	0.575944
144.2	0.555944
144.267	0.524755
144.333	0.556224
144.4	0.531888
144.467	0.498042
144.533	0.550629
144.6	0.544755
144.667	0.417483
144.733	0.50993
144.8	0.518881
144.867	0.451469
144.933	0.502797
145	0.498462
145.067	0.453007
145.133	0.472587
145.2	0.412727
145.267	0.407552
145.333	0.417063
145.4	0.40965
145.467	0.337902
145.533	0.398881
145.6	0.369231
145.667	0.40993
145.733	0.347273
145.8	0.316503
145.867	0.267832
145.933	0.297343
146	0.282378
146.067	0.184056
146.133	0.251189
146.2	0.235804
146.267	0.101678
146.333	0.193147
146.4	0.193846
146.467	0.164895
146.533	0.172028
146.6	0.160699
146.667	0.125874
146.733	0.14028
146.8	0.117343
146.867	0.0918881
146.933	0.0967832
147	0.088951
147.067	0.0756643
147.133	0.079021
147.2	0.0745455
147.267	0.0555245
147.333	0.291608
147.4	0.052028
147.467	0.328671
147.533	0.187832
147.6	0.445175
147.667	0.28951
147.733	0.14028
147.8	0.0404196
147.867	0.0440559
147.933	0.0506294
148	0.0671329
148.067	0.0606993
148.133	0.0966434
148.2	0.0497902
148.267	0.0457343
148.333	0.0405594
148.4	0.0816783
148.467	0.0405594
148.533	0.0665734
148.6	0.0612587
148.667	0.0634965
148.733	0.0587413
148.8	0.0734266
148.867	0.0639161
148.933	0.0481119
149	0.300699
149.067	0.0758042
149.133	0.0632168
149.2	0.0439161
149.267	0.0606993
149.333	0.0808392
149.4	0.0735664
149.467	0.0732867
149.533	0.0704895
149.6	0.0899301
149.667	0.0787413
149.733	0.0509091
149.8	0.0892308
149.867	0.0811189
149.933	0.081958
150	0.0746853
150.067	0.0812587
150.133	0.0925874
150.2	0.0813986
150.267	0.0830769
150.333	0.0935664
150.4	0.0892308
150.467	0.0956643
150.533	0.0921678
150.6	0.0902098
150.667	0.165315
150.733	0.0899301
150.8	0.0994406
150.867	0.0921678
150.933	0.102517
151	0.134406
151.067	0.134825
151.133	0.155524
151.2	0.178462
151.267	0.159441
151.333	0.177483
151.4	0.178322
151.467	0.224895
151.533	0.203916
151.6	0.226294
151.667	0.246014
151.733	0.24951
151.8	0.227692
151.867	0.281678
151.933	0.282517
152	0.304755
152.067	0.291888
152.133	0.317343
152.2	0.294545
152.267	0.327692
152.333	0.293846
152.4	0.318741
152.467	0.288392
152.533	0.298741
152.6	0.311329
152.667	0.298881
152.733	0.304895
152.8	0.30965
152.867	0.303497
152.933	0.298601
153	0.303636
153.067	0.289091
153.133	0.278182
153.2	0.315664
153.267	0.32965
153.333	0.360699
153.4	0.365594
153.467	0.33958
153.533	0.412448
153.6	0.427832
153.667	0.403497
153.733	0.41972
153.8	0.433986
153.867	0.387692
153.933	0.415105
154	0.478741
154.067	0.376224
154.133	0.450909
154.2	0.459021
154.267	0.417063
154.333	0.447832
154.4	0.452448
154.467	0.425315
154.533	0.424056
154.6	0.442937
154.667	0.396783
154.733	0.43007
154.8	0.377203
154.867	0.387832
154.933	0.377203
155	0.382378
155.067	0.342238
155.133	0.357762
155.2	0.32965
155.267	0.315664
155.333	0.315105
155.4	0.309091
155.467	0.27049
155.533	0.281538
155.6	0.279161
155.667	0.248951
155.733	0.259161
155.8	0.244755
155.867	0.231329
155.933	0.223636
156	0.213287
156.067	0.143077
156.133	0.17986
156.2	0.196923
156.267	0.162378
156.333	0.176084
156.4	0.165734
156.467	0.132867
156.533	0.144755
156.6	0.148112
156.667	0.164615
156.733	0.138462
156.8	0.172028
156.867	0.171888
156.933	0.18
157	0.192867
157.067	0.182797
157.133	0.175245
157.2	0.177343
157.267	0.173706
157.333	0.199301
157.4	0.128112
157.467	0.131608
157.533	0.135804
157.6	0.141119
157.667	0.132448
157.733	0.10951
157.8	0.119441
157.867	0.142098
157.933	0.121958
158	0.153287
158.067	0.13007
158.133	0.16042
158.2	0.164056
158.267	0.157063
158.333	0.147832
158.4	0.171748
158.467	0.123077
158.533	0.179021
158.6	0.132727
158.667	0.137203
158.733	0.143916
158.8	0.16
158.867	0.147133
158.933	0.20028
159	0.208392
159.067	0.179441
159.133	0.218462
159.2	0.245315
159.267	0.254825
159.333	0.275105
159.4	0.320979
159.467	0.305315
159.533	0.328951
159.6	0.308252
159.667	0.298182
159.733	0.237203
159.8	0.245594
159.867	0.257343
159.933	0.254545
160	0.244755
160.067	0.287413
160.133	0.283916
160.2	0.273287
160.267	0.287273
160.333	0.258741
160.4	0.288951
160.467	0.292727
160.533	0.305175
160.6	0.299161
160.667	0.377902
160.733	0.316783
160.8	0.276643
160.867	0.246014
160.933	0.26028
161	0.23958
161.067	0.208392
161.133	0.206154
161.2	0.187413
161.267	0.153566
161.333	0.160559
161.4	0.146434
161.467	0.123077
161.533	0.12951
161.6	0.109091
161.667	0.0937063
161.733	0.0871329
161.8	0.0723077
161.867	0.0695105
161.933	0.051049
162	0.117203
162.067	0.0815385
162.133	0.0327273
162.2	0.0627972
162.267	0.0984615
162.333	0.167133
162.4	0.123916
162.467	0.138881
162.533	0.156503
162.6	0.176783
162.667	0.181818
162.733	0.188252
162.8	0.18979
162.867	0.20028
162.933	0.184755
163	0.188112
163.067	0.206853
163.133	0.196783
163.2	0.218601
163.267	0.211469
163.333	0.227273
163.4	0.23007
163.467	0.214965
163.533	0.230629
163.6	0.22951
163.667	0.238322
163.733	0.245315
163.8	0.240699
163.867	0.234406
163.933	0.244755
164	0.265874
164.067	0.206713
164.133	0.241818
164.2	0.202238
164.267	0.175105
164.333	0.177063
164.4	0.183776
164.467	0.16042
164.533	0.161119
164.6	0.143497
164.667	0.121958
164.733	0.137483
164.8	0.122378
164.867	0.0970629
164.933	0.104755
165	0.10042
165.067	0.116503
165.133	0.143636
165.2	0.136503
165.267	0.120979
165.333	0.0881119
165.4	0.0857343
165.467	0.112448
165.533	0.0938462
165.6	0.106154
165.667	0.218601
165.733	0.127832
165.8	0.114266
165.867	0.141259
165.933	0.121538
166	0.122937
166.067	0.144196
166.133	0.144196
166.2	0.146993
166.267	0.170769
166.333	0.160839
166.4	0.158741
166.467	0.154965
166.533	0.161119
166.6	0.167133
166.667	0.168951
166.733	0.177203
166.8	0.179301
166.867	0.169371
166.933	0.171608
167	0.163217
167.067	0.135944
167.133	0.180839
167.2	0.188392
167.267	0.191748
167.333	0.200559
167.4	0.205035
167.467	0.227832
167.533	0.231748
167.6	0.245455
167.667	0.227552
167.733	0.272448
167.8	0.285874
167.867	0.292028
167.933	0.295664
168	0.31007
168.067	0.294965
168.133	0.272308
168.2	0.27986
168.267	0.305734
168.333	0.294266
168.4	0.297902
168.467	0.311049
168.533	0.306434
168.6	0.313287
168.667	0.312168
168.733	0.327692
168.8	0.331049
168.867	0.334406
168.933	0.344755
169	0.435105
169.067	0.348252
169.133	0.349091
169.2	0.361399
169.267	0.364476
169.333	0.385035
169.4	0.388392
169.467	0.347133
169.533	0.409231
169.6	0.415664
169.667	0.352168
169.733	0.40014
169.8	0.411049
169.867	0.341399
169.933	0.381399
170	0.360979
170.067	0.33958
170.133	0.331748
170.2	0.29958
170.267	0.270629
170.333	0.271469
170.4	0.258042
170.467	0.218182
170.533	0.229371
170.6	0.215385
170.667	0.460699
170.733	0.185734
170.8	0.166573
170.867	0.144196
170.933	0.141538
171	0.124615
171.067	0.107832
171.133	0.0953846
171.2	0.0661538
171.267	0.0558042
171.333	0.0537063
171.4	0.0443357
171.467	0.0998601
171.533	0.0433566
171.6	0.519021
171.667	0.255385
171.733	0.44028
171.8	0.512308
171.867	0.405035
171.933	0.248811
172	0.244336
172.067	0.145455
172.133	0.155664
172.2	0.333427
172.267	0.222238
172.333	0.568112
172.4	0.306434
172.467	0.677203
172.533	0.482098
172.6	0.501818
172.667	0.335524
172.733	0.292308
172.8	0.264056
172.867	0.538462
172.933	0.418042
173	0.534965
173.067	0.426853
173.133	0.393287
173.2	0.515944
173.267	0.371329
173.333	0.471329
173.4	0.641399
173.467	0.571469
173.533	0.431608
173.6	0.500979
173.667	0.377203
173.733	0.153986
173.8	0.454126
173.867	0.200979
173.933	0.162797
174	0.620559
174.067	0.456364
174.133	0.588951
174.2	0.366014
174.267	0.173007
174.333	0.233986
174.4	0.313846
174.467	0.377063
174.533	0.285734
174.6	0.292867
174.667	0.456783
174.733	0.262238
174.8	0.219301
174.867	0.0723077
174.933	0.0300699
175	0.052028
175.067	0.0713287
175.133	0.0811189
175.2	0.101119
175.267	0.120979
175.333	0.13035
175.4	0.148671
175.467	0.16042
175.533	0.173007
175.6	0.181399
175.667	0.266993
175.733	0.225734
175.8	0.243916
175.867	0.258741
175.933	0.285315
176	0.317343
176.067	0.348392
176.133	0.374545
176.2	0.404336
176.267	0.430909
176.333	0.461119
176.4	0.487552
176.467	0.494965
176.533	0.521678
176.6	0.536503
176.667	0.551049
176.733	0.578322
176.8	0.58993
176.867	0.598182
176.933	0.617762
177	0.612168
177.067	0.596364
177.133	0.62965
177.2	0.635664
177.267	0.658601
177.333	0.684476
177.4	0.661119
177.467	0.626154
177.533	0.641678
177.6	0.640559
177.667	0.51007
177.733	0.635804
177.8	0.646014
177.867	0.45035
177.933	0.654825
178	0.648392
178.067	0.525035
178.133	0.629371
178.2	0.627133
178.267	0.558881
178.333	0.615944
178.4	0.60014
178.467	0.53007
178.533	0.577203
178.6	0.578462
178.667	0.457762
178.733	0.551748
178.8	0.540559
178.867	0.378322
178.933	0.510629
179	0.508531
179.067	0.450629
179.133	0.461399
179.2	0.454825
179.267	0.313986
179.333	0.441119
179.4	0.421818
179.467	0.373986
179.533	0.39958
179.6	0.373427
179.667	0.349231
179.733	0.361399
179.8	0.344755
179.867	0.192867
179.933	0.303776
180	0.296224
180.067	0.27021
180.133	0.298601
180.2	0.275524
180.267	0.222378
180.333	0.253986
180.4	0.236503
180.467	0.232028
180.533	0.219301
180.6	0.206434
180.667	0.584196
180.733	0.172028
180.8	0.184056
180.867	0.13021
180.933	0.14979
181	0.154406
181.067	0.156503
181.133	0.154266
181.2	0.152587
181.267	0.16042
181.333	0.153706
181.4	0.138881
181.467	0.108392
181.533	0.137902
181.6	0.166014
181.667	0.176783
181.733	0.121399
181.8	0.180559
181.867	0.128252
181.933	0.108671
182	0.186014
182.067	0.241678
182.133	0.137203
182.2	0.193427
182.267	0.243497
182.333	0.411329
182.4	0.21986
182.467	0.229371
182.533	0.262517
182.6	0.268531
182.667	0.27049
182.733	0.23986
182.8	0.235944
182.867	0.281259
182.933	0.294965
183	0.276084
183.067	0.261538
183.133	0.266853
183.2	0.282517
183.267	0.256364
183.333	0.290909
183.4	0.284755
183.467	0.257483
183.533	0.291608
183.6	0.283636
183.667	0.30042
183.733	0.333846
183.8	0.278322
183.867	0.306853
183.933	0.328531
184	0.330769
184.067	0.313147
184.133	0.308811
184.2	0.314545
184.267	0.293427
184.333	0.326434
184.4	0.33958
184.467	0.29049
184.533	0.326853
184.6	0.298322
184.667	0.330909
184.733	0.272308
184.8	0.286573
184.867	0.257902
184.933	0.30965
185	0.307552
185.067	0.326573
185.133	0.362937
185.2	0.314545
185.267	0.199161
185.333	0.293566
185.4	0.372587
185.467	0.291329
185.533	0.37986
185.6	0.316783
185.667	0.588112
185.733	0.31021
185.8	0.349231
185.867	0.313566
185.933	0.324336
186	0.276084
186.067	0.346713
186.133	0.331329
186.2	0.241678
186.267	0.216783
186.333	0.301399
186.4	0.165035
186.467	0.225175
186.533	0.323357
186.6	0.258322
186.667	0.186434
186.733	0.317063
186.8	0.238322
186.867	0.285035
186.933	0.103497
187	0.163776
187.067	0.228252
187.133	0.193846
187.2	0.101399
187.267	0.20979
187.333	0.571888
187.4	0.103776
187.467	0.134406
187.533	0.0604196
187.6	0.143636
187.667	0.173007
187.733	0.128112
187.8	0.145874
187.867	0.0711888
187.933	0.0867133
188	0.0837762
188.067	0.136503
188.133	0.104056
188.2	0.179441
188.267	0.162238
188.333	0.0711888
188.4	0.110629
188.467	0.116364
188.533	0.116783
188.6	0.251469
188.667	0.241259
188.733	0.220559
188.8	0.201958
188.867	0.0755245
188.933	0.193706
189	0.606294
189.067	0.286434
189.133	0.106014
189.2	0.169091
189.267	0.06
189.333	0.116364
189.4	0.0862937
189.467	0.147413
189.533	0.0429371
189.6	0.163497
189.667	0.0998601
189.733	0.13049
189.8	0.0648951
189.867	0.0941259
189.933	0.135804
190	0.0791608
190.067	0.0822378
190.133	0.100979
190.2	0.121958
190.267	0.120979
190.333	0.12951
190.4	0.10028
190.467	0.0969231
190.533	0.0868531
190.6	0.107273
190.667	0.302797
190.733	0.132168
190.8	0.176923
190.867	0.202238
190.933	0.145315
191	0.10979
191.067	0.0959441
191.133	0.230769
191.2	0.192867
191.267	0.225594
191.333	0.0834965
191.4	0.132587
191.467	0.124196
191.533	0.192028
191.6	0.137203
191.667	0.186294
191.733	0.12951
191.8	0.134266
191.867	0.121958
191.933	0.0634965
192	0.122797
192.067	0.104755
192.133	0.109091
192.2	0.137902
192.267	0.155385
192.333	0.282797
192.4	0.193147
192.467	0.207413
192.533	0.158042
192.6	0.177203
192.667	0.23986
192.733	0.186573
192.8	0.194126
192.867	0.152448
192.933	0.161958
193	0.13007
193.067	0.190629
193.133	0.207972
193.2	0.228392
193.267	0.170909
193.333	0.249231
193.4	0.171329
193.467	0.198741
193.533	0.204336
193.6	0.102657
193.667	0.116503
193.733	0.208531
193.8	0.161818
193.867	0.256783
193.933	0.240699
194	0.388951
194.067	0.164755
194.133	0.146294
194.2	0.222238
194.267	0.191049
194.333	0.140699
194.4	0.181678
194.467	0.213846
194.533	0.183497
194.6	0.295664
194.667	0.148951
194.733	0.275524
194.8	0.184755
194.867	0.237622
194.933	0.153846
195	0.214406
195.067	0.102098
195.133	0.12979
195.2	0.177343
195.267	0.165734
195.333	0.172587
195.4	0.110769
195.467	0.168252
195.533	0.181818
195.6	0.123916
195.667	0.124615
195.733	0.213147
195.8	0.294965
195.867	0.112028
195.933	0.186154
196	0.172587
196.067	0.208112
196.133	0.0804196
196.2	0.126434
196.267	0.175944
196.333	0.116643
196.4	0.138881
196.467	0.204476
196.533	0.143636
196.6	0.131469
196.667	0.184476
196.733	0.219021
196.8	0.199161
196.867	0.191189
196.933	0.204476
197	0.161818
197.067	0.255804
197.133	0.225594
197.2	0.208811
197.267	0.296643
197.333	0.420839
197.4	0.196364
197.467	0.296923
197.533	0.293566
197.6	0.240979
197.667	0.257762
197.733	0.217343
197.8	0.351888
197.867	0.253846
197.933	0.232587
198	0.247972
198.067	0.239441
198.133	0.280839
198.2	0.277902
198.267	0.407273
198.333	0.384615
198.4	0.246573
198.467	0.300839
198.533	0.34042
198.6	0.323636
198.667	0.208531
198.733	0.325734
198.8	0.386713
198.867	0.372867
198.933	0.285315
199	0.652448
199.067	0.415664
199.133	0.401678
199.2	0.373147
199.267	0.386294
199.333	0.406294
199.4	0.31986
199.467	0.393147
199.533	0.394266
199.6	0.355664
199.667	0.338182
199.733	0.371469
199.8	0.401538
199.867	0.464895
199.933	0.343217
200	0.418601
200.067	0.461399
200.133	0.348112
200.2	0.38
200.267	0.416364
200.333	0.438182
200.4	0.378462
200.467	0.514685
200.533	0.415105
200.6	0.451189
200.667	0.66965
200.733	0.493147
200.8	0.548252
200.867	0.454545
200.933	0.564615
201	0.484476
201.067	0.45958
201.133	0.433007
201.2	0.559161
201.267	0.403636
201.333	0.339161
201.4	0.508951
201.467	0.341119
201.533	0.482657
201.6	0.383497
201.667	0.375385
201.733	0.348951
201.8	0.478741
201.867	0.268531
201.933	0.437622
202	0.494126
202.067	0.213846
202.133	0.364196
202.2	0.440979
202.267	0.284615
202.333	0.491189
202.4	0.523217
202.467	0.340839
202.533	0.391888
202.6	0.447413
202.667	0.330769
202.733	0.404755
202.8	0.334545
202.867	0.319161
202.933	0.324196
203	0.418881
203.067	0.407692
203.133	0.376084
203.2	0.286573
203.267	0.238881
203.333	0.348531
203.4	0.35021
203.467	0.317902
203.533	0.34042
203.6	0.246993
203.667	0.319161
203.733	0.193147
203.8	0.242238
203.867	0.317343
203.933	0.258601
204	0.421818
204.067	0.298322
204.133	0.29049
204.2	0.285035
204.267	0.333287
204.333	0.30951
204.4	0.340839
204.467	0.383357
204.533	0.300839
204.6	0.34028
204.667	0.373566
204.733	0.412168
204.8	0.338601
204.867	0.362517
204.933	0.365035
205	0.423357
205.067	0.40951
205.133	0.366713
205.2	0.379021
205.267	0.388951
205.333	0.348671
205.4	0.319301
205.467	0.297622
205.533	0.320979
205.6	0.340839
205.667	0.516224
205.733	0.345874
205.8	0.324615
205.867	0.280559
205.933	0.378042
206	0.348811
206.067	0.32028
206.133	0.286294
206.2	0.285874
206.267	0.321678
206.333	0.344895
206.4	0.31021
206.467	0.31021
206.533	0.37035
206.6	0.287552
206.667	0.39021
206.733	0.354266
206.8	0.336923
206.867	0.228252
206.933	0.316364
207	0.355524
207.067	0.173706
207.133	0.308112
207.2	0.262238
207.267	0.281818
207.333	0.389371
207.4	0.386713
207.467	0.25007
207.533	0.26993
207.6	0.306573
207.667	0.29958
207.733	0.142937
207.8	0.167692
207.867	0.287413
207.933	0.242378
208	0.214126
208.067	0.358322
208.133	0.144476
208.2	0.151049
208.267	0.331189
208.333	0.265175
208.4	0.153566
208.467	0.332448
208.533	0.300699
208.6	0.218182
208.667	0.277483
208.733	0.113706
208.8	0.220559
208.867	0.234545
208.933	0.182378
209	0.412587
209.067	0.136503
209.133	0.171608
209.2	0.170629
209.267	0.266853
209.333	0.101958
209.4	0.159021
209.467	0.168951
209.533	0.124336
209.6	0.168951
209.667	0.23049
209.733	0.152448
209.8	0.152168
209.867	0.281818
209.933	0.122517
210	0.146853
210.067	0.178462
210.133	0.151748
210.2	0.11035
210.267	0.186853
210.333	0.142657
210.4	0.141259
210.467	0.104336
210.533	0.253287
210.6	0.170629
210.667	0.487832
210.733	0.18965
210.8	0.195105
210.867	0.191049
210.933	0.168811
211	0.208392
211.067	0.124615
211.133	0.147273
211.2	0.147832
211.267	0.274545
211.333	0.186014
211.4	0.199021
211.467	0.361958
211.533	0.292727
211.6	0.182937
211.667	0.117902
211.733	0.156503
211.8	0.261958
211.867	0.216923
211.933	0.142937
212	0.128392
212.067	0.174965
212.133	0.19972
212.2	0.163217
212.267	0.245734
212.333	0.381678
212.4	0.206014
212.467	0.233287
212.533	0.284336
212.6	0.0843357
212.667	0.241818
212.733	0.111748
212.8	0.0994406
212.867	0.0848951
212.933	0.176084
213	0.0633566
213.067	0.0367832
213.133	0.174685
213.2	0.186993
213.267	0.215804
213.333	0.361678
213.4	0.202517
213.467	0.196643
213.533	0.226014
213.6	0.0597203
213.667	0.214406
213.733	0.255804
213.8	0.276084
213.867	0.186294
213.933	0.166014
214	0.563636
214.067	0.462937
214.133	0.247692
214.2	0.392448
214.267	0.273427
214.333	0.208392
214.4	0.227832
214.467	0.562098
214.533	0.292587
214.6	0.32993
214.667	0.133147
214.733	0.182657
214.8	0.11035
214.867	0.103916
214.933	0.106294
215	0.160839
215.067	0.19007
215.133	0.163776
215.2	0.139021
215.267	0.0699301
215.333	0.147692
215.4	0.129231
215.467	0.122238
215.533	0.134685
215.6	0.194406
215.667	0.258462
215.733	0.268392
215.8	0.231049
215.867	0.441678
215.933	0.0988811
216	0.16014
216.067	0.233846
216.133	0.283217
216.2	0.104895
216.267	0.148811
216.333	0.12965
216.4	0.154965
216.467	0.225874
216.533	0.16042
216.6	0.124056
216.667	0.222378
216.733	0.148392
216.8	0.168392
216.867	0.152448
216.933	0.14979
217	0.154685
217.067	0.150769
217.133	0.0772028
217.2	0.0337063
217.267	0.0690909
217.333	0.100839
217.4	0.0253147
217.467	0.229091
217.533	0.0853147
217.6	0.0997203
217.667	0.0432168
217.733	0.0335664
217.8	0.268671
217.867	0.178182
217.933	0.0376224
218	0.0976224
218.067	0.0865734
218.133	0.0441958
218.2	0.0346853
218.267	0.127972
218.333	0.0643357
218.4	0.0882517
218.467	0.206294
218.533	0.120979
218.6	0.14028
218.667	0.0927273
218.733	0.052028
218.8	0.102378
218.867	0.200979
218.933	0.121818
219	0.503217
219.067	0.209091
219.133	0.0416783
219.2	0.0384615
219.267	0.0872727
219.333	0.231748
219.4	0.161538
219.467	0.06
219.533	0.039021
219.6	0.026014
219.667	0.0374825
219.733	0.118182
219.8	0.0359441
219.867	0.0352448
219.933	0.0562238
220	0.141678
220.067	0.0932867
220.133	0.198322
220.2	0.158182
220.267	0.206993
220.333	0.127552
220.4	0.177483
220.467	0.182517
220.533	0.160699
220.6	0.161958
220.667	0.252587
220.733	0.131049
220.8	0.166573
220.867	0.301538
220.933	0.103077
221	0.147832
221.067	0.154825
221.133	0.198462
221.2	0.133287
221.267	0.157483
221.333	0.0872727
221.4	0.0591608
221.467	0.0890909
221.533	0.0902098
221.6	0.11986
221.667	0.091049
221.733	0.168392
221.8	0.0925874
221.867	0.12
221.933	0.10042
222	0.0618182
222.067	0.167552
222.133	0.145175
222.2	0.0748252
222.267	0.208811
222.333	0.416923
222.4	0.0731469
222.467	0.147273
222.533	0.127552
222.6	0.0462937
222.667	0.098042
222.733	0.154685
222.8	0.0966434
222.867	0.160979
222.933	0.0948252
223	0.132308
223.067	0.174685
223.133	0.0925874
223.2	0.108531
223.267	0.13972
223.333	0.163776
223.4	0.180559
223.467	0.148531
223.533	0.20951
223.6	0.132727
223.667	0.161678
223.733	0.14993
223.8	0.0581818
223.867	0.117622
223.933	0.0562238
224	0.114965
224.067	0.175105
224.133	0.153147
224.2	0.244336
224.267	0.263077
224.333	0.197483
224.4	0.18965
224.467	0.0951049
224.533	0.117762
224.6	0.131608
224.667	0.192448
224.733	0.151049
224.8	0.11986
224.867	0.127413
224.933	0.0864336
225	0.13007
225.067	0.196503
225.133	0.0648951
225.2	0.164476
225.267	0.162517
225.333	0.192727
225.4	0.0752448
225.467	0.205874
225.533	0.0909091
225.6	0.125175
225.667	0.455804
225.733	0.290629
225.8	0.181119
225.867	0.153287
225.933	0.396923
226	0.195245
226.067	0.254126
226.133	0.24993
226.2	0.358462
226.267	0.187273
226.333	0.175664
226.4	0.30951
226.467	0.233427
226.533	0.137762
226.6	0.332587
226.667	0.0934266
226.733	0.130629
226.8	0.15986
226.867	0.10965
226.933	0.180699
227	0.0601399
227.067	0.253846
227.133	0.153007
227.2	0.241399
227.267	0.0825175
227.333	0.586713
227.4	0.135524
227.467	0.360559
227.533	0.231888
227.6	0.0913287
227.667	0.151888
227.733	0.371469
227.8	0.391329
227.867	0.0861538
227.933	0.0966434
228	0.151469
228.067	0.21049
228.133	0.175385
228.2	0.299161
228.267	0.34014
228.333	0.132028
228.4	0.0871329
228.467	0.313427
228.533	0.0773427
228.6	0.184895
228.667	0.113846
228.733	0.0769231
228.8	0.492448
228.867	0.332448
228.933	0.285315
229	0.445734
229.067	0.14951
229.133	0.175944
229.2	0.173007
229.267	0.432028
229.333	0.107972
229.4	0.390909
229.467	0.0904895
229.533	0.191608
229.6	0.0401399
229.667	0.0794406
229.733	0.0572028
229.8	0.36042
229.867	0.0998601
229.933	0.0909091
230	0.107832
230.067	0.124336
230.133	0.387552
230.2	0.15958
230.267	0.267552
230.333	0.145315
230.4	0.147692
230.467	0.291189
230.533	0.146993
230.6	0.212308
230.667	0.536783
230.733	0.263077
230.8	0.256923
230.867	0.389091
230.933	0.273007
231	0.255105
231.067	0.208671
231.133	0.123357
231.2	0.288392
231.267	0.181399
231.333	0.197063
231.4	0.46951
231.467	0.173147
231.533	0.255385
231.6	0.226294
231.667	0.27007
231.733	0.170629
231.8	0.217483
231.867	0.164615
231.933	0.14965
232	0.353986
232.067	0.113566
232.133	0.178322
232.2	0.0744056
232.267	0.119441
232.333	0.50951
232.4	0.0776224
232.467	0.146294
232.533	0.0830769
232.6	0.213287
232.667	0.217483
232.733	0.115664
232.8	0.143636
232.867	0.160979
232.933	0.363636
233	0.125455
233.067	0.181958
233.133	0.0907692
233.2	0.144615
233.267	0.151888
233.333	0.362937
233.4	0.106014
233.467	0.133846
233.533	0.157762
233.6	0.114126
233.667	0.273007
233.733	0.132448
233.8	0.0881119
233.867	0.183916
233.933	0.105035
234	0.376364
234.067	0.257203
234.133	0.262797
234.2	0.211189
234.267	0.127692
234.333	0.185315
234.4	0.393846
234.467	0.0885315
234.533	0.0588811
234.6	0.116783
234.667	0.226853
234.733	0.306014
234.8	0.107413
234.867	0.208811
234.933	0.287552
235	0.244615
235.067	0.0871329
235.133	0.196923
235.2	0.0707692
235.267	0.0648951
235.333	0.262378
235.4	0.221538
235.467	0.156224
235.533	0.0641958
235.6	0.0699301
235.667	0.410909
235.733	0.172587
235.8	0.166014
235.867	0.0374825
235.933	0.137622
236	0.41986
236.067	0.0965035
236.133	0.128951
236.2	0.447273
236.267	0.110769
236.333	0.173706
236.4	0.172867
236.467	0.166434
236.533	0.16
236.6	0.227133
236.667	0.093986
236.733	0.135105
236.8	0.163776
236.867	0.106154
236.933	0.0981818
237	0.144615
237.067	0.0804196
237.133	0.108811
237.2	0.242937
237.267	0.13972
237.333	0.592448
237.4	0.236503
237.467	0.131608
237.533	0.254126
237.6	0.206434
237.667	0.383776
237.733	0.319021
237.8	0.18014
237.867	0.298601
237.933	0.563497
238	0.248392
238.067	0.321538
238.133	0.265175
238.2	0.194825
238.267	0.224615
238.333	0.392168
238.4	0.143776
238.467	0.0762238
238.533	0.145175
238.6	0.072028
238.667	0.161259
238.733	0.203217
238.8	0.156224
238.867	0.0991608
238.933	0.210909
239	0.0970629
239.067	0.051049
239.133	0.128531
239.2	0.108392
239.267	0.129371
239.333	0.104196
239.4	0.127273
239.467	0.174266
239.533	0.115804
239.6	0.517483
239.667	0.219021
239.733	0.464755
239.8	0.248951
239.867	0.154406
239.933	0.124615
240	0.121818
240.067	0.198601
240.133	0.119161
240.2	0.081958
240.267	0.156783
240.333	0.14979
240.4	0.115105
240.467	0.0876923
240.533	0.153427
240.6	0.0932867
240.667	0.0639161
240.733	0.0822378
240.8	0.0802797
240.867	0.0630769
240.933	0.0574825
241	0.087972
241.067	0.140699
241.133	0.130629
241.2	0.106014
241.267	0.157483
241.333	0.18028
241.4	0.19958
241.467	0.0843357
241.533	0.209231
241.6	0.15007
241.667	0.139301
241.733	0.107552
241.8	0.154266
241.867	0.132448
241.933	0.0986014
242	0.12979
242.067	0.119161
242.133	0.0813986
242.2	0.106294
242.267	0.164336
242.333	0.0907692
242.4	0.0937063
242.467	0.0854545
242.533	0.086993
242.6	0.0995804
242.667	0.0890909
242.733	0.110629
242.8	0.0413986
242.867	0.0806993
242.933	0.199301
243	0.0813986
243.067	0.0829371
243.133	0.0682517
243.2	0.100559
243.267	0.0594406
243.333	0.066993
243.4	0.0903497
243.467	0.104196
243.533	0.10014
243.6	0.192028
243.667	0.122517
243.733	0.0506294
243.8	0.117203
243.867	0.0588811
243.933	0.0497902
244	0.0627972
244.067	0.0629371
244.133	0.0661538
244.2	0.0658741
244.267	0.0612587
244.333	0.0864336
244.4	0.0848951
244.467	0.080979
244.533	0.0935664
244.6	0.207692
244.667	0.0758042
244.733	0.0794406
244.8	0.104755
244.867	0.0699301
244.933	0.0907692
245	0.0883916
245.067	0.121538
245.133	0.112727
245.2	0.105734
245.267	0.103636
245.333	0.198741
245.4	0.26979
245.467	0.105874
245.533	0.0595804
245.6	0.116783
245.667	0.0623776
245.733	0.118601
245.8	0.138881
245.867	0.0779021
245.933	0.18014
246	0.111608
246.067	0.0707692
246.133	0.116084
246.2	0.0969231
246.267	0.51049
246.333	0.222378
246.4	0.179161
246.467	0.12993
246.533	0.215105
246.6	0.0953846
246.667	0.236783
246.733	0.120559
246.8	0.183916
246.867	0.150629
246.933	0.164755
247	0.372448
247.067	0.0948252
247.133	0.170769
247.2	0.121538
247.267	0.111608
247.333	0.141818
247.4	0.200559
247.467	0.136224
247.533	0.116084
247.6	0.144895
247.667	0.127552
247.733	0.0827972
247.8	0.128811
247.867	0.119441
247.933	0.291469
248	0.192168
248.067	0.106573
248.133	0.10014
248.2	0.214406
248.267	0.155804
248.333	0.0843357
248.4	0.144196
248.467	0.0791608
248.533	0.122098
248.6	0.158601
248.667	0.112028
248.733	0.120559
248.8	0.0840559
248.867	0.251329
248.933	0.167273
249	0.203497
249.067	0.0753846
249.133	0.292168
249.2	0.163217
249.267	0.110629
249.333	0.190629
249.4	0.128531
249.467	0.114406
249.533	0.170909
249.6	0.464615
249.667	0.117762
249.733	0.193147
249.8	0.155385
249.867	0.138182
249.933	0.214965
250	0.176643
250.067	0.19035
250.133	0.121958
250.2	0.143916
250.267	0.108531
250.333	0.241958
250.4	0.106713
250.467	0.153706
250.533	0.114406
250.6	0.136224
250.667	0.141678
250.733	0.171748
250.8	0.101958
250.867	0.0643357
250.933	0.0559441
251	0.0562238
251.067	0.0616783
251.133	0.0465734
251.2	0.147413
251.267	0.105035
251.333	0.140559
251.4	0.152587
251.467	0.0984615
251.533	0.171469
251.6	0.113706
251.667	0.0904895
251.733	0.163077
251.8	0.0763636
251.867	0.187413
251.933	0.204755
252	0.259161
252.067	0.20014
252.133	0.116923
252.2	0.108252
252.267	0.175105
252.333	0.12
252.4	0.14
252.467	0.0830769
252.533	0.0913287
252.6	0.111329
252.667	0.128252
252.733	0.053007
252.8	0.119301
252.867	0.0806993
252.933	0.428531
253	0.291608
253.067	0.249231
253.133	0.0938462
253.2	0.312308
253.267	0.140979
253.333	0.156783
253.4	0.162238
253.467	0.187413
253.533	0.231748
253.6	0.21972
253.667	0.204895
253.733	0.185315
253.8	0.148252
253.867	0.165594
253.933	0.145734
254	0.141958
254.067	0.204476
254.133	0.157343
254.2	0.218182
254.267	0.190909
254.333	0.282517
254.4	0.338042
254.467	0.0625175
254.533	0.302517
254.6	0.464615
254.667	0.113846
254.733	0.183497
254.8	0.192727
254.867	0.0544056
254.933	0.140559
255	0.0324476
255.067	0.10965
255.133	0.120839
255.2	0.130629
255.267	0.086993
255.333	0.0518881
255.4	0.174965
255.467	0.0352448
255.533	0.0770629
255.6	0.175524
255.667	0.0616783
255.733	0.126294
255.8	0.0641958
255.867	0.0113287
255.933	0.104895
256	0.0204196
256.067	0.10951
256.133	0.0495105
256.2	0.293566
256.267	0.520699
256.333	0.132587
256.4	0.331608
256.467	0.178182
256.533	0.115245
256.6	0.135245
256.667	0.0441958
256.733	0.086993
256.8	0.337902
256.867	0.0773427
256.933	0.0976224
257	0.258042
257.067	0.100839
257.133	0.109371
257.2	0.225035
257.267	0.151329
257.333	0.121399
257.4	0.208531
257.467	0.102937
257.533	0.103776
257.6	0.0518881
257.667	0.195664
257.733	0.158042
257.8	0.121119
257.867	0.074965
257.933	0.158741
258	0.146573
258.067	0.365035
258.133	0.345874
258.2	0.32014
258.267	0.352308
258.333	0.21958
258.4	0.133986
258.467	0.0763636
258.533	0.100839
258.6	0.141119
258.667	0.137762
258.733	0.137343
258.8	0.138881
258.867	0.0804196
258.933	0.0854545
259	0.231049
259.067	0.123217
259.133	0.158182
259.2	0.140979
259.267	0.14028
259.333	0.133846
259.4	0.255664
259.467	0.217762
259.533	0.146154
259.6	0.56
259.667	0.0854545
259.733	0.107552
259.8	0.0751049
259.867	0.133007
259.933	0.0892308
260	0.0560839
260.067	0.114266
260.133	0.104615
260.2	0.124895
260.267	0.12014
260.333	0.139301
260.4	0.133007
260.467	0.0921678
260.533	0.146713
260.6	0.272168
260.667	0.0843357
260.733	0.160559
260.8	0.150909
260.867	0.238601
260.933	0.0973427
261	0.27007
261.067	0.128811
261.133	0.195385
261.2	0.125175
261.267	0.572168
261.333	0.0776224
261.4	0.228531
261.467	0.123357
261.533	0.094965
261.6	0.101119
261.667	0.0653147
261.733	0.0584615
261.8	0.186294
261.867	0.0958042
261.933	0.102378
262	0.0868531
262.067	0.0611189
262.133	0.0758042
262.2	0.0858741
262.267	0.051049
262.333	0.0657343
262.4	0.15986
262.467	0.24
262.533	0.141538
262.6	0.119161
262.667	0.175524
262.733	0.13049
262.8	0.0830769
262.867	0.101538
262.933	0.494266
263	0.137343
263.067	0.0629371
263.133	0.0717483
263.2	0.227552
263.267	0.336364
263.333	0.248531
263.4	0.300559
263.467	0.324895
263.533	0.407972
263.6	0.268671
263.667	0.14965
263.733	0.162238
263.8	0.0952448
263.867	0.145455
263.933	0.0924476
264	0.138881
264.067	0.0443357
264.133	0.0734266
264.2	0.0391608
264.267	0.0437762
264.333	0.0509091
264.4	0.0692308
264.467	0.0482517
264.533	0.0777622
264.6	0.21958
264.667	0.29035
264.733	0.283077
264.8	0.295245
264.867	0.343357
264.933	0.262657
265	0.159021
265.067	0.461958
265.133	0.17007
265.2	0.160839
265.267	0.0827972
265.333	0.0598601
265.4	0.0365035
265.467	0.031049
265.533	0.0654545
265.6	0.0752448
265.667	0.0490909
265.733	0.0572028
265.8	0.111469
265.867	0.0341259
265.933	0.0844755
266	0.0430769
266.067	0.10028
266.133	0.101399
266.2	0.195385
266.267	0.273287
266.333	0.214126
266.4	0.226853
266.467	0.300559
266.533	0.162378
266.6	0.221259
266.667	0.171329
266.733	0.145594
266.8	0.118322
266.867	0.12951
266.933	0.0874126
267	0.175524
267.067	0.111189
267.133	0.332867
267.2	0.261538
267.267	0.145734
267.333	0.0475524
267.4	0.0997203
267.467	0.118042
267.533	0.0830769
267.6	0.0812587
267.667	0.190629
267.733	0.107413
267.8	0.113986
267.867	0.114266
267.933	0.253147
268	0.0713287
268.067	0.0429371
268.133	0.0464336
268.2	0.174685
268.267	0.0524476
268.333	0.0559441
268.4	0.0667133
268.467	0.0483916
268.533	0.0586014
268.6	0.156783
268.667	0.0836364
268.733	0.053007
268.8	0.0801399
268.867	0.0300699
268.933	0.0468531
269	0.0379021
269.067	0.046993
269.133	0.0482517
269.2	0.0527273
269.267	0.0504895
269.333	0.0675524
269.4	0.108671
269.467	0.040979
269.533	0.0665734
269.6	0.348252
269.667	0.143497
269.733	0.137762
269.8	0.168811
269.867	0.258042
269.933	0.26965
270	0.356503
270.067	0.214545
270.133	0.13021
270.2	0.0709091
270.267	0.0970629
270.333	0.191608
270.4	0.137343
270.467	0.0841958
270.533	0.127972
270.6	0.277343
270.667	0.267552
270.733	0.0731469
270.8	0.162657
270.867	0.208112
270.933	0.0848951
271	0.159021
271.067	0.212448
271.133	0.0678322
271.2	0.073986
271.267	0.265874
271.333	0.111748
271.4	0.0993007
271.467	0.19007
271.533	0.301818
271.6	0.0986014
271.667	0.146993
271.733	0.373287
271.8	0.0981818
271.867	0.068951
271.933	0.116503
272	0.104336
272.067	0.0623776
272.133	0.182657
272.2	0.0560839
272.267	0.0503497
272.333	0.140839
272.4	0.0818182
272.467	0.110909
272.533	0.158182
272.6	0.0847552
272.667	0.0762238
272.733	0.122378
272.8	0.0725874
272.867	0.230629
272.933	0.648252
273	0.0304895
273.067	0.195385
273.133	0.236923
273.2	0.235105
273.267	0.46979
273.333	0.30979
273.4	0.203217
273.467	0.135524
273.533	0.18979
273.6	0.136224
273.667	0.231049
273.733	0.115944
273.8	0.183077
273.867	0.0864336
273.933	0.179021
274	0.232308
274.067	0.207133
274.133	0.355804
274.2	0.29972
274.267	0.270629
274.333	0.124056
274.4	0.208252
274.467	0.123357
274.533	0.12979
274.6	0.357902
274.667	0.158741
274.733	0.189371
274.8	0.110909
274.867	0.162657
274.933	0.0916084
275	0.192587
275.067	0.0836364
275.133	0.110909
275.2	0.16993
275.267	0.366154
275.333	0.32014
275.4	0.119441
275.467	0.156643
275.533	0.201538
275.6	0.266154
275.667	0.24965
275.733	0.258741
275.8	0.211888
275.867	0.272867
275.933	0.239161
276	0.285455
276.067	0.270629
276.133	0.296084
276.2	0.27035
276.267	0.367552
276.333	0.423776
276.4	0.315105
276.467	0.286853
276.533	0.41958
276.6	0.372448
276.667	0.288112
276.733	0.322378
276.8	0.33007
276.867	0.316503
276.933	0.23986
277	0.34993
277.067	0.349091
277.133	0.33035
277.2	0.248951
277.267	0.344196
277.333	0.293147
277.4	0.255105
277.467	0.332028
277.533	0.177343
277.6	0.275804
277.667	0.327832
277.733	0.13007
277.8	0.384755
277.867	0.413986
277.933	0.264895
278	0.288112
278.067	0.196923
278.133	0.148252
278.2	0.16965
278.267	0.311049
278.333	0.185594
278.4	0.214266
278.467	0.291189
278.533	0.299301
278.6	0.185175
278.667	0.267413
278.733	0.208951
278.8	0.304056
278.867	0.181678
278.933	0.257203
279	0.265734
279.067	0.254825
279.133	0.334825
279.2	0.242937
279.267	0.236224
279.333	0.182797
279.4	0.307413
279.467	0.357063
279.533	0.201119
279.6	0.331469
279.667	0.185594
279.733	0.338601
279.8	0.244755
279.867	0.291049
279.933	0.194266
280	0.38951
280.067	0.34965
280.133	0.255804
280.2	0.477483
280.267	0.531049
280.333	0.391608
280.4	0.43007
280.467	0.610769
280.533	0.46951
280.6	0.525315
280.667	0.648252
280.733	0.566294
280.8	0.485455
280.867	0.670769
280.933	0.522937
281	0.676224
281.067	0.459301
281.133	0.57972
281.2	0.623776
281.267	0.691049
281.333	0.526014
281.4	0.707133
281.467	0.542238
281.533	0.247972
281.6	0.761818
281.667	0.620979
281.733	0.222517
281.8	0.703497
281.867	0.711469
281.933	0.503636
282	0.573986
282.067	0.672028
282.133	0.535385
282.2	0.735664
282.267	0.70028
282.333	0.675804
282.4	0.752308
282.467	0.854825
282.533	0.506713
282.6	0.794545
282.667	0.805035
282.733	0.582238
282.8	0.662657
282.867	0.83972
282.933	0.552448
283	0.837063
283.067	0.821119
283.133	0.624615
283.2	0.822238
283.267	0.792448
283.333	0.777203
283.4	0.848112
283.467	0.784196
283.533	0.608112
283.6	0.88993
283.667	0.761399
283.733	0.822937
283.8	0.88042
283.867	0.879441
283.933	0.716364
284	0.814825
284.067	0.977483
284.133	0.655804
284.2	0.947133
284.267	0.846154
284.333	0.623776
284.4	0.947552
284.467	0.923916
284.533	0.771608
284.6	0.888811
284.667	0.916923
284.733	0.58951
284.8	0.951888
284.867	0.906434
284.933	0.839301
285	0.905734
285.067	0.952308
285.133	0.601818
285.2	0.96028
285.267	0.950769
285.333	0.833287
285.4	0.96014
285.467	0.973706
285.533	0.768392
285.6	0.932028
285.667	0.982657
285.733	0.487832
285.8	0.982098
285.867	0.967273
285.933	0.682517
286	0.965455
286.067	0.945455
286.133	0.85021
286.2	0.92965
286.267	0.983776
286.333	0.811608
286.4	0.922517
286.467	0.985734
286.533	0.781818
286.6	0.938042
286.667	0.963776
286.733	0.848252
286.8	0.936783
286.867	0.957483
286.933	0.727413
287	0.932867
287.067	0.975944
287.133	0.827133
287.2	0.976084
287.267	0.922797
287.333	0.889231
287.4	0.941818
287.467	0.914406
287.533	0.857902
287.6	0.912308
287.667	0.910629
287.733	0.863077
287.8	0.935664
287.867	0.934545
287.933	0.79007
288	0.918741
288.067	0.958881
288.133	0.839301
288.2	0.907413
288.267	0.872867
288.333	0.86965
288.4	0.907413
288.467	0.879441
288.533	0.888112
288.6	0.955804
288.667	0.93035
288.733	0.884476
288.8	0.951189
288.867	0.859301
288.933	0.84028
289	0.937622
289.067	0.874685
289.133	0.828531
289.2	0.935105
289.267	0.87007
289.333	0.833566
289.4	0.891189
289.467	0.923217
289.533	0.88965
289.6	0.955385
289.667	0.928112
289.733	0.886294
289.8	0.958042
289.867	0.94028
289.933	0.88979
290	0.954825
290.067	0.971189
290.133	0.854825
290.2	0.922378
290.267	0.982238
290.333	0.901119
290.4	0.908531
290.467	0.945874
290.533	0.854965
290.6	0.890769
290.667	0.925455
290.733	0.87049
290.8	0.825035
290.867	0.946154
290.933	0.801958
291	0.903497
291.067	0.921399
291.133	0.86042
291.2	0.941818
291.267	0.907552
291.333	0.827972
291.4	0.977343
291.467	0.895245
291.533	0.845035
291.6	0.95035
291.667	0.960699
291.733	0.856224
291.8	0.948252
291.867	0.935944
291.933	0.757343
292	0.922517
292.067	0.984056
292.133	0.871888
292.2	0.913287
292.267	0.975944
292.333	0.776224
292.4	0.944196
292.467	0.924755
292.533	0.885455
292.6	0.968531
292.667	0.954406
292.733	0.885315
292.8	0.96014
292.867	0.965455
292.933	0.866154
293	0.934545
293.067	0.943916
293.133	0.782517
293.2	0.942797
293.267	0.918601
293.333	0.647832
293.4	0.906434
293.467	0.877762
293.533	0.788112
293.6	0.89958
293.667	0.909231
293.733	0.829371
293.8	0.883916
293.867	0.921399
293.933	0.878601
294	0.918601
294.067	0.859441
294.133	0.733566
294.2	0.852448
294.267	0.945035
294.333	0.941678
294.4	0.897622
294.467	0.946154
294.533	0.522098
294.6	0.943776
294.667	0.887692
294.733	0.887273
294.8	0.912587
294.867	0.927552
294.933	0.833846
295	0.966014
295.067	0.95986
295.133	0.948811
295.2	0.958881
295.267	0.971888
295.333	0.84042
295.4	0.974685
295.467	0.95035
295.533	0.904196
295.6	0.932308
295.667	0.874406
295.733	0.871329
295.8	0.948531
295.867	0.883217
295.933	0.71972
296	0.940559
296.067	0.88993
296.133	0.773007
296.2	0.955804
296.267	0.86951
296.333	0.916503
296.4	0.965734
296.467	0.934685
296.533	0.927552
296.6	0.911469
296.667	0.931748
296.733	0.936503
296.8	0.931608
296.867	0.955804
296.933	0.841958
297	0.947552
297.067	0.93021
297.133	0.90965
297.2	0.97049
297.267	0.891888
297.333	0.719301
297.4	0.935105
297.467	0.937762
297.533	0.827273
297.6	0.964895
297.667	0.886573
297.733	0.880979
297.8	0.973287
297.867	0.954266
297.933	0.931748
298	0.964755
298.067	0.925315
298.133	0.926853
298.2	0.940839
298.267	0.915245
298.333	0.902657
298.4	0.939441
298.467	0.917902
298.533	0.825734
298.6	0.918042
298.667	0.932168
298.733	0.80965
298.8	0.944056
298.867	0.886713
298.933	0.797762
299	0.900979
299.067	0.915944
299.133	0.748252
299.2	0.927692
299.267	0.923217
299.333	0.810769
299.4	0.906154
299.467	0.942517
299.533	0.43021
299.6	0.925734
299.667	0.890769
299.733	0.813566
299.8	0.950909
299.867	0.927832
299.933	0.714825
300	0.968112
300.067	0.923776
300.133	0.897343
300.2	0.958322
300.267	0.90993
300.333	0.87986
300.4	0.970909
300.467	0.895385
300.533	0.918881
300.6	0.939441
300.667	0.939301
300.733	0.878881
300.8	0.982238
300.867	0.971888
300.933	0.869371
301	0.959441
301.067	0.97049
301.133	0.873706
301.2	0.977902
301.267	0.963916
301.333	0.779021
301.4	0.97972
301.467	0.980979
301.533	0.854685
301.6	0.917343
301.667	0.959301
301.733	0.784196
301.8	0.958601
301.867	0.948112
301.933	0.889231
302	0.963776
302.067	0.918601
302.133	0.858601
302.2	0.83986
302.267	0.945455
302.333	0.807692
302.4	0.937063
302.467	0.923217
302.533	0.838322
302.6	0.896364
302.667	0.926014
302.733	0.792727
302.8	0.928112
302.867	0.921958
302.933	0.856224
303	0.922657
303.067	0.891608
303.133	0.84014
303.2	0.906993
303.267	0.933007
303.333	0.828112
303.4	0.916923
303.467	0.886993
303.533	0.775245
303.6	0.9
303.667	0.966154
303.733	0.835385
303.8	0.972028
303.867	0.896783
303.933	0.893007
304	0.869091
304.067	0.938322
304.133	0.863497
304.2	0.915524
304.267	0.966014
304.333	0.846294
304.4	0.926993
304.467	0.932448
304.533	0.852028
304.6	0.925035
304.667	0.908531
304.733	0.840839
304.8	0.834266
304.867	0.933007
304.933	0.723357
305	0.93972
305.067	0.895105
305.133	0.801259
305.2	0.935804
305.267	0.882797
305.333	0.605594
305.4	0.863217
305.467	0.906853
305.533	0.604615
305.6	0.911329
305.667	0.906993
305.733	0.844196
305.8	0.854825
305.867	0.866154
305.933	0.714685
306	0.873706
306.067	0.923357
306.133	0.766434
306.2	0.924056
306.267	0.91007
306.333	0.761119
306.4	0.907972
306.467	0.88993
306.533	0.769091
306.6	0.863077
306.667	0.913287
306.733	0.58979
306.8	0.917343
306.867	0.885315
306.933	0.859161
307	0.836364
307.067	0.879161
307.133	0.815385
307.2	0.856783
307.267	0.856084
307.333	0.773846
307.4	0.855804
307.467	0.844895
307.533	0.743776
307.6	0.835524
307.667	0.825594
307.733	0.640559
307.8	0.816084
307.867	0.83021
307.933	0.618741
308	0.829231
308.067	0.765315
308.133	0.657483
308.2	0.822517
308.267	0.803357
308.333	0.737343
308.4	0.803077
308.467	0.741399
308.533	0.710909
308.6	0.797063
308.667	0.749371
308.733	0.799021
308.8	0.802238
308.867	0.82951
308.933	0.758462
309	0.792867
309.067	0.778322
309.133	0.736084
309.2	0.779301
309.267	0.851469
309.333	0.75958
309.4	0.862378
309.467	0.848951
309.533	0.787692
309.6	0.856783
309.667	0.874825
309.733	0.781119
309.8	0.825734
309.867	0.901678
309.933	0.805035
310	0.859021
310.067	0.845175
310.133	0.861958
310.2	0.889231
310.267	0.89007
310.333	0.707692
310.4	0.887972
310.467	0.903217
310.533	0.785035
310.6	0.852168
310.667	0.865035
310.733	0.794825
310.8	0.804056
310.867	0.873427
310.933	0.777063
311	0.739161
311.067	0.827832
311.133	0.749091
311.2	0.779161
311.267	0.796084
311.333	0.606853
311.4	0.784615
311.467	0.762657
311.533	0.733986
311.6	0.753846
311.667	0.815944
311.733	0.693007
311.8	0.718881
311.867	0.806154
311.933	0.652308
312	0.80028
312.067	0.752168
312.133	0.709231
312.2	0.80965
312.267	0.755385
312.333	0.695804
312.4	0.777063
312.467	0.756084
312.533	0.725594
312.6	0.743077
312.667	0.740559
312.733	0.676224
312.8	0.747972
312.867	0.739441
312.933	0.654965
313	0.746993
313.067	0.646014
313.133	0.671888
313.2	0.740699
313.267	0.76965
313.333	0.702238
313.4	0.716923
313.467	0.748112
313.533	0.681119
313.6	0.786853
313.667	0.785315
313.733	0.733427
313.8	0.786713
313.867	0.775385
313.933	0.717063
314	0.816503
314.067	0.719161
314.133	0.75986
314.2	0.783077
314.267	0.819021
314.333	0.828951
314.4	0.773007
314.467	0.870629
314.533	0.760559
314.6	0.896364
314.667	0.856503
314.733	0.800559
314.8	0.911888
314.867	0.882657
314.933	0.801538
315	0.835385
315.067	0.871329
315.133	0.752727
315.2	0.831469
315.267	0.83035
315.333	0.82028
315.4	0.744196
315.467	0.851608
315.533	0.768112
315.6	0.755105
315.667	0.814825
315.733	0.706713
315.8	0.768531
315.867	0.766434
315.933	0.649371
316	0.71986
316.067	0.747692
316.133	0.584615
316.2	0.73021
316.267	0.74028
316.333	0.703916
316.4	0.728811
316.467	0.762937
316.533	0.69049
316.6	0.768392
316.667	0.731329
316.733	0.708531
316.8	0.756643
316.867	0.662098
316.933	0.547273
317	0.672448
317.067	0.681678
317.133	0.637343
317.2	0.660839
317.267	0.619441
317.333	0.571329
317.4	0.603497
317.467	0.566993
317.533	0.534406
317.6	0.560839
317.667	0.528951
317.733	0.44979
317.8	0.492168
317.867	0.491608
317.933	0.413846
318	0.434545
318.067	0.434406
318.133	0.307972
318.2	0.407133
318.267	0.396224
318.333	0.295105
318.4	0.363357
318.467	0.338462
318.533	0.142657
318.6	0.283636
318.667	0.296364
318.733	0.26014
318.8	0.267552
318.867	0.254126
318.933	0.238322
319	0.190769
319.067	0.214685
319.133	0.162238
319.2	0.188811
319.267	0.183636
319.333	0.14
319.4	0.148392
319.467	0.131189
319.533	0.104336
319.6	0.13958
319.667	0.103636
319.733	0.086014
319.8	0.0931469
319.867	0.0862937
319.933	0.0728671
320	0.0563636
320.067	0.0516084
320.133	0.121538
320.2	0.235385
320.267	0.21972
320.333	0.393427
320.4	0.386154
320.467	0.205035
320.533	0.324336
320.6	0.385734
320.667	0.272308
320.733	0.627692
320.8	0.49035
320.867	0.592168
320.933	0.688392
321	0.457762
321.067	0.467413
321.133	0.164895
321.2	0.465175
321.267	0.612448
321.333	0.522238
321.4	0.352587
321.467	0.396783
321.533	0.612308
321.6	0.399021
321.667	0.632448
321.733	0.551049
321.8	0.199021
321.867	0.401399
321.933	0.285874
322	0.549091
322.067	0.25986
322.133	0.330769
322.2	0.508112
322.267	0.414825
322.333	0.401958
322.4	0.40951
322.467	0.414406
322.533	0.402517
322.6	0.226573
322.667	0.690909
322.733	0.48979
322.8	0.495245
322.867	0.232867
322.933	0.404476
323	0.627273
323.067	0.384196
323.133	0.231888
323.2	0.142378
323.267	0.0572028
323.333	0.153427
323.4	0.0751049
323.467	0.153986
323.533	0.12042
323.6	0.222098
323.667	0.107273
323.733	0.231888
323.8	0.149091
323.867	0.562098
323.933	0.339021
324	0.366014
324.067	0.406014
324.133	0.475804
324.2	0.400699
324.267	0.401678
324.333	0.231469
324.4	0.141958
324.467	0.57049
324.533	0.334406
324.6	0.353007
324.667	0.365734
324.733	0.341399
324.8	0.362238
324.867	0.371608
324.933	0.315385
325	0.373706
325.067	0.279161
325.133	0.241958
325.2	0.204056
325.267	0.136224
325.333	0.295245
325.4	0.283497
325.467	0.234685
325.533	0.633287
325.6	0.325734
325.667	0.397622
325.733	0.526014
325.8	0.221259
325.867	0.383497
325.933	0.277063
326	0.164615
326.067	0.202797
326.133	0.21958
326.2	0.168252
326.267	0.401119
326.333	0.576084
326.4	0.0208392
326.467	0.0441958
326.533	0.0239161
326.6	0.0265734
326.667	0.0471329
326.733	0.0292308
326.8	0.0314685
326.867	0.0422378
326.933	0.0300699
327	0.0328671
327.067	0.0268531
327.133	0.0243357
327.2	0.174685
327.267	0.0524476
327.333	0.033986
327.4	0.0367832
327.467	0.0481119
327.533	0.028951
327.6	0.0370629
327.667	0.0307692
327.733	0.0413986
327.8	0.0683916
327.867	0.0854545
327.933	0.106434
328	0.127273
328.067	0.146993
328.133	0.143636
328.2	0.154266
328.267	0.185874
328.333	0.199441
328.4	0.224336
328.467	0.271469
328.533	0.264755
328.6	0.278462
328.667	0.32
328.733	0.32014
328.8	0.362657
328.867	0.517762
328.933	0.399021
329	0.417063
329.067	0.418462
329.133	0.436503
329.2	0.42951
329.267	0.421399
329.333	0.430909
329.4	0.439301
329.467	0.425594
329.533	0.447133
329.6	0.451049
329.667	0.428951
329.733	0.444615
329.8	0.418601
329.867	0.404056
329.933	0.41049
330	0.387273
330.067	0.361538
330.133	0.375524
330.2	0.363077
330.267	0.343776
330.333	0.352727
330.4	0.343497
330.467	0.322098
330.533	0.38979
330.6	0.331469
330.667	0.272028
330.733	0.302098
330.8	0.289091
330.867	0.253427
330.933	0.259021
331	0.264196
331.067	0.283636
331.133	0.262378
331.2	0.258601
331.267	0.26979
331.333	0.257622
331.4	0.281119
331.467	0.313566
331.533	0.329231
331.6	0.343916
331.667	0.355664
331.733	0.370769
331.8	0.374965
331.867	0.377762
331.933	0.396364
332	0.405734
332.067	0.379301
332.133	0.387832
332.2	0.382657
332.267	0.352028
332.333	0.372587
332.4	0.375524
332.467	0.371189
332.533	0.356643
332.6	0.384336
332.667	0.377343
332.733	0.395804
332.8	0.388671
332.867	0.394266
332.933	0.409231
333	0.398462
333.067	0.39986
333.133	0.418322
333.2	0.408531
333.267	0.366434
333.333	0.386573
333.4	0.38042
333.467	0.371049
333.533	0.338601
333.6	0.360699
333.667	0.283217
333.733	0.344196
333.8	0.330629
333.867	0.258601
333.933	0.308531
334	0.276783
334.067	0.187972
334.133	0.257343
334.2	0.233706
334.267	0.211049
334.333	0.208531
334.4	0.189091
334.467	0.181538
334.533	0.177063
334.6	0.177483
334.667	0.156783
334.733	0.172308
334.8	0.183357
334.867	0.184895
334.933	0.188951
335	0.188252
335.067	0.184755
335.133	0.198042
335.2	0.161958
335.267	0.152168
335.333	0.151189
335.4	0.124755
335.467	0.136084
335.533	0.155804
335.6	0.138741
335.667	0.137902
335.733	0.142098
335.8	0.141399
335.867	0.134965
335.933	0.155804
336	0.153566
336.067	0.156783
336.133	0.155385
336.2	0.177762
336.267	0.183357
336.333	0.186014
336.4	0.169231
336.467	0.217203
336.533	0.210909
336.6	0.217343
336.667	0.225874
336.733	0.250769
336.8	0.27007
336.867	0.252308
336.933	0.283357
337	0.28014
337.067	0.278182
337.133	0.278462
337.2	0.424336
337.267	0.298601
337.333	0.304895
337.4	0.323497
337.467	0.348951
337.533	0.336364
337.6	0.347692
337.667	0.392308
337.733	0.332308
337.8	0.353986
337.867	0.384056
337.933	0.384476
338	0.407133
338.067	0.426154
338.133	0.415524
338.2	0.436364
338.267	0.475524
338.333	0.47035
338.4	0.469371
338.467	0.483357
338.533	0.473007
338.6	0.498042
338.667	0.481678
338.733	0.48
338.8	0.48
338.867	0.512867
338.933	0.477762
339	0.472308
339.067	0.441818
339.133	0.450909
339.2	0.41049
339.267	0.275944
339.333	0.406154
339.4	0.392168
339.467	0.389371
339.533	0.413147
339.6	0.395245
339.667	0.321119
339.733	0.376364
339.8	0.379441
339.867	0.320699
339.933	0.36014
340	0.368531
340.067	0.263077
340.133	0.338881
340.2	0.338881
340.267	0.253706
340.333	0.315804
340.4	0.301678
340.467	0.223217
340.533	0.308951
340.6	0.252168
340.667	0.22965
340.733	0.214685
340.8	0.212028
340.867	0.167832
340.933	0.194266
341	0.178182
341.067	0.128811
341.133	0.16951
341.2	0.155245
341.267	0.118601
341.333	0.142657
341.4	0.125315
341.467	0.135105
341.533	0.107413
341.6	0.103497
341.667	0.103497
341.733	0.0861538
341.8	0.0657343
341.867	0.079021
341.933	0.0662937
342	0.111748
342.067	0.32042
342.133	0.277343
342.2	0.654545
342.267	0.440839
342.333	0.44014
342.4	0.572308
342.467	0.352308
342.533	0.384056
342.6	0.338462
342.667	0.305175
342.733	0.512867
342.8	0.426853
342.867	0.121119
342.933	0.347413
343	0.298042
343.067	0.256923
343.133	0.265734
343.2	0.353007
343.267	0.274266
343.333	0.413706
343.4	0.252727
343.467	0.372308
343.533	0.475524
343.6	0.226713
343.667	0.606434
343.733	0.343217
343.8	0.146154
343.867	0.69972
343.933	0.145315
344	0.288392
344.067	0.526993
344.133	0.424056
344.2	0.327552
344.267	0.20979
344.333	0.274266
344.4	0.226713
344.467	0.351608
344.533	0.296224
344.6	0.637063
344.667	0.172587
344.733	0.574266
344.8	0.320839
344.867	0.223636
344.933	0.41021
345	0.187413
345.067	0.560839
345.133	0.384336
345.2	0.257063
345.267	0.445175
345.333	0.434126
345.4	0.293566
345.467	0.241399
345.533	0.499021
345.6	0.302238
345.667	0.266434
345.733	0.372308
345.8	0.15986
345.867	0.46951
345.933	0.475804
346	0.492587
346.067	0.513706
346.133	0.19049
346.2	0.427133
346.267	0.674685
346.333	0.451748
346.4	0.337343
346.467	0.381119
346.533	0.616783
346.6	0.247692
346.667	0.586294
346.733	0.245734
346.8	0.344755
346.867	0.180979
346.933	0.228671
347	0.577622
347.067	0.224336
347.133	0.687133
347.2	0.366154
347.267	0.561818
347.333	0.52993
347.4	0.425594
347.467	0.561678
347.533	0.453846
347.6	0.302517
347.667	0.286713
347.733	0.118881
347.8	0.254685
347.867	0.221259
347.933	0.573566
348	0.413706
348.067	0.213846
348.133	0.393427
348.2	0.461538
348.267	0.362098
348.333	0.190909
348.4	0.257762
348.467	0.169091
348.533	0.491608
348.6	0.300839
348.667	0.504336
348.733	0.37035
348.8	0.57049
348.867	0.335664
348.933	0.589091
349	0.506713
349.067	0.301818
349.133	0.444615
349.2	0.387273
349.267	0.248392
349.333	0.546573
349.4	0.304196
349.467	0.207133
349.533	0.31021
349.6	0.610629
349.667	0.41021
349.733	0.474545
349.8	0.636783
349.867	0.471888
349.933	0.61007
350	0.685594
350.067	0.481119
350.133	0.469091
350.2	0.21035
350.267	0.303776
350.333	0.492867
350.4	0.0293706
350.467	0.047972
350.533	0.0682517
350.6	0.0769231
350.667	0.0934266
350.733	0.107552
350.8	0.118182
350.867	0.136783
350.933	0.157343
351	0.164056
351.067	0.184615
351.133	0.185455
351.2	0.201119
351.267	0.231888
351.333	0.208112
351.4	0.214545
351.467	0.241678
351.533	0.223776
351.6	0.227413
351.667	0.22951
351.733	0.226713
351.8	0.233287
351.867	0.24
351.933	0.232028
352	0.233846
352.067	0.234266
352.133	0.22993
352.2	0.239441
352.267	0.234266
352.333	0.227552
352.4	0.24979
352.467	0.285035
352.533	0.273986
352.6	0.327692
352.667	0.341538
352.733	0.32014
352.8	0.327413
352.867	0.387413
352.933	0.49049
353	0.43049
353.067	0.423077
353.133	0.456923
353.2	0.445315
353.267	0.456224
353.333	0.457902
353.4	0.438881
353.467	0.514545
353.533	0.50979
353.6	0.479021
353.667	0.524895
353.733	0.427133
353.8	0.473007
353.867	0.496923
353.933	0.462378
354	0.494126
354.067	0.477483
354.133	0.407133
354.2	0.452168
354.267	0.396503
354.333	0.409091
354.4	0.426294
354.467	0.375944
354.533	0.305035
354.6	0.39958
354.667	0.299441
354.733	0.257343
354.8	0.297622
354.867	0.274266
354.933	0.248252
355	0.275245
355.067	0.267832
355.133	0.229371
355.2	0.274965
355.267	0.262517
355.333	0.196923
355.4	0.268811
355.467	0.238881
355.533	0.216084
355.6	0.253147
355.667	0.296084
355.733	0.262378
355.8	0.246573
355.867	0.318042
355.933	0.322378
356	0.287832
356.067	0.299021
356.133	0.314266
356.2	0.311329
356.267	0.325874
356.333	0.314266
356.4	0.372587
356.467	0.347273
356.533	0.268951
356.6	0.359441
356.667	0.366294
356.733	0.325874
356.8	0.288811
356.867	0.376783
356.933	0.341818
357	0.362937
357.067	0.354126
357.133	0.36951
357.2	0.393706
357.267	0.400699
357.333	0.406014
357.4	0.412587
357.467	0.427972
357.533	0.41007
357.6	0.427273
357.667	0.453427
357.733	0.473007
357.8	0.44979
357.867	0.454545
357.933	0.593427
358	0.44014
358.067	0.46951
358.133	0.43049
358.2	0.419441
358.267	0.434825
358.333	0.443217
358.4	0.413986
358.467	0.437483
358.533	0.385594
358.6	0.401678
358.667	0.437343
358.733	0.302378
358.8	0.415804
358.867	0.37035
358.933	0.378182
359	0.433007
359.067	0.44
359.133	0.441119
359.2	0.427552
359.267	0.45035
359.333	0.390629
359.4	0.437483
359.467	0.463357
359.533	0.471189
359.6	0.582517
359.667	0.333007
359.733	0.462238
359.8	0.426853
359.867	0.410629
359.933	0.42951
360	0.497203
360.067	0.354825
360.133	0.34993
360.2	0.295385
360.267	0.340979
360.333	0.379441
360.4	0.378462
360.467	0.385315
360.533	0.316364
360.6	0.351189
360.667	0.253427
360.733	0.293986
360.8	0.273147
360.867	0.23021
360.933	0.263077
361	0.267133
361.067	0.243497
361.133	0.32042
361.2	0.254545
361.267	0.333427
361.333	0.298601
361.4	0.271748
361.467	0.282517
361.533	0.290909
361.6	0.312028
361.667	0.294825
361.733	0.358741
361.8	0.305874
361.867	0.357622
361.933	0.312448
362	0.33958
362.067	0.31007
362.133	0.343077
362.2	0.32
362.267	0.37049
362.333	0.382378
362.4	0.297622
362.467	0.363357
362.533	0.357063
362.6	0.351049
362.667	0.333566
362.733	0.348112
362.8	0.372448
362.867	0.333566
362.933	0.649091
363	0.294406
363.067	0.413706
363.133	0.308951
363.2	0.323636
363.267	0.388112
363.333	0.362378
363.4	0.392867
363.467	0.30014
363.533	0.264755
363.6	0.405594
363.667	0.295524
363.733	0.265594
363.8	0.275524
363.867	0.311888
363.933	0.24028
364	0.312308
364.067	0.30014
364.133	0.205594
364.2	0.287273
364.267	0.283776
364.333	0.279161
364.4	0.276364
364.467	0.219301
364.533	0.257203
364.6	0.524755
364.667	0.239161
364.733	0.257203
364.8	0.259441
364.867	0.247273
364.933	0.257063
365	0.281958
365.067	0.117203
365.133	0.203497
365.2	0.24
365.267	0.20028
365.333	0.23972
365.4	0.201958
365.467	0.20993
365.533	0.238741
365.6	0.197902
365.667	0.173566
365.733	0.196783
365.8	0.201818
365.867	0.236503
365.933	0.20951
366	0.187273
366.067	0.265315
366.133	0.281119
366.2	0.176364
366.267	0.311888
366.333	0.207552
366.4	0.16979
366.467	0.195385
366.533	0.246294
366.6	0.221259
366.667	0.22014
366.733	0.253147
366.8	0.248531
366.867	0.187972
366.933	0.217902
367	0.165594
367.067	0.18014
367.133	0.179441
367.2	0.211608
367.267	0.205175
367.333	0.144476
367.4	0.213566
367.467	0.192587
367.533	0.22042
367.6	0.118601
367.667	0.182517
367.733	0.0998601
367.8	0.167692
367.867	0.136783
367.933	0.438601
368	0.242657
368.067	0.219441
368.133	0.260699
368.2	0.207413
368.267	0.261259
368.333	0.194406
368.4	0.218601
368.467	0.160979
368.533	0.191189
368.6	0.143077
368.667	0.201399
368.733	0.190909
368.8	0.153287
368.867	0.167552
368.933	0.164196
369	0.234685
369.067	0.165315
369.133	0.18028
369.2	0.178741
369.267	0.195105
369.333	0.183636
369.4	0.167552
369.467	0.165734
369.533	0.218042
369.6	0.357203
369.667	0.211049
369.733	0.28014
369.8	0.216923
369.867	0.186713
369.933	0.201958
370	0.197203
370.067	0.204196
370.133	0.212168
370.2	0.204056
370.267	0.208252
370.333	0.233706
370.4	0.224615
370.467	0.20965
370.533	0.223916
370.6	0.226294
370.667	0.233427
370.733	0.222797
370.8	0.226014
370.867	0.222378
370.933	0.316503
371	0.221678
371.067	0.271888
371.133	0.242797
371.2	0.238741
371.267	0.475105
371.333	0.367273
371.4	0.297622
371.467	0.281818
371.533	0.30014
371.6	0.305874
371.667	0.266853
371.733	0.271748
371.8	0.254965
371.867	0.252727
371.933	0.255664
372	0.288252
372.067	0.233566
372.133	0.198462
372.2	0.277762
372.267	0.237343
372.333	0.234825
372.4	0.243217
372.467	0.273287
372.533	0.175524
372.6	0.231049
372.667	0.30028
372.733	0.222378
372.8	0.262657
372.867	0.267832
372.933	0.368392
373	0.253986
373.067	0.272727
373.133	0.368811
373.2	0.235385
373.267	0.261818
373.333	0.210909
373.4	0.211469
373.467	0.206434
373.533	0.25021
373.6	0.182657
373.667	0.165175
373.733	0.142937
373.8	0.0969231
373.867	0.174825
373.933	0.11986
374	0.197902
374.067	0.135245
374.133	0.185315
374.2	0.163357
374.267	0.181538
374.333	0.140699
374.4	0.165315
374.467	0.135944
374.533	0.190769
374.6	0.32
374.667	0.233566
374.733	0.172308
374.8	0.239301
374.867	0.156364
374.933	0.162657
375	0.178042
375.067	0.227832
375.133	0.190629
375.2	0.17007
375.267	0.146993
375.333	0.210629
375.4	0.169231
375.467	0.205874
375.533	0.181818
375.6	0.225874
375.667	0.152168
375.733	0.253846
375.8	0.128252
375.867	0.155105
375.933	0.223636
376	0.156503
376.067	0.17021
376.133	0.0830769
376.2	0.167692
376.267	0.52951
376.333	0.173706
376.4	0.194406
376.467	0.20979
376.533	0.218322
376.6	0.182238
376.667	0.191608
376.733	0.167133
376.8	0.17972
376.867	0.16951
376.933	0.17049
377	0.183776
377.067	0.184755
377.133	0.224895
377.2	0.286713
377.267	0.170769
377.333	0.265035
377.4	0.238042
377.467	0.21007
377.533	0.18951
377.6	0.176364
377.667	0.144755
377.733	0.109371
377.8	0.183357
377.867	0.242378
377.933	0.354126
378	0.298462
378.067	0.209091
378.133	0.165455
378.2	0.0321678
378.267	0.0746853
378.333	0.12014
378.4	0.0695105
378.467	0.124196
378.533	0.205455
378.6	0.1
378.667	0.0433566
378.733	0.0755245
378.8	0.133566
378.867	0.0836364
378.933	0.0622378
379	0.0909091
379.067	0.0777622
379.133	0.0655944
379.2	0.0855944
379.267	0.0748252
379.333	0.0648951
379.4	0.0683916
379.467	0.0476923
379.533	0.0418182
379.6	0.255944
379.667	0.0711888
379.733	0.0372028
379.8	0.37972
379.867	0.280979
379.933	0.388531
380	0.366294
380.067	0.184056
380.133	0.0832168
380.2	0.16979
380.267	0.241818
380.333	0.145455
380.4	0.174406
380.467	0.256224
380.533	0.0296503
380.6	0.0499301
380.667	0.169091
380.733	0.164615
380.8	0.13021
380.867	0.108392
380.933	0.271189
381	0.298741
381.067	0.144755
381.133	0.180699
381.2	0.102378
381.267	0.266014
381.333	0.141259
381.4	0.332448
381.467	0.173706
381.533	0.0981818
381.6	0.185315
381.667	0.165734
381.733	0.12028
381.8	0.261119
381.867	0.175524
381.933	0.165594
382	0.187832
382.067	0.191189
382.133	0.180979
382.2	0.233007
382.267	0.203776
382.333	0.175385
382.4	0.145455
